100000.000000, -88.2815
101525.878906, -91.1061
103051.757812, -95.5950
104577.636719, -102.5103
106103.515625, -110.9609
107629.394531, -101.3410
109155.273438, -98.0649
110681.152344, -98.2426
112207.031250, -99.8150
113732.910156, -99.8652
115258.789062, -97.8351
116784.667969, -96.3188
118310.546875, -96.6320
119836.425781, -98.0484
121362.304688, -98.1177
122888.183594, -96.2469
124414.062500, -94.5596
125939.941406, -94.1881
127465.820312, -95.2111
128991.699219, -97.2945
130517.578125, -100.1275
132043.457031, -104.3258
133569.335938, -115.8414
135095.214844, -107.6426
136621.093750, -100.5213
138146.972656, -97.9527
139672.851562, -97.8529
141198.730469, -99.5691
142724.609375, -101.1629
144250.488281, -100.4892
145776.367188, -100.2702
147302.246094, -100.2344
148828.125000, -97.6085
150354.003906, -94.9224
151879.882812, -93.7240
153405.761719, -93.8106
154931.640625, -94.6298
156457.519531, -95.8289
157983.398438, -97.8966
159509.277344, -101.5242
161035.156250, -104.8030
162561.035156, -107.2718
164086.914062, -108.9743
165612.792969, -102.5451
167138.671875, -99.1581
168664.550781, -97.4730
170190.429688, -96.0995
171716.308594, -94.6127
173242.187500, -93.3358
174768.066406, -93.0162
176293.945312, -93.7682
177819.824219, -94.9739
179345.703125, -96.2326
180871.582031, -97.9519
182397.460938, -100.6377
183923.339844, -103.9381
185449.218750, -104.7876
186975.097656, -102.1843
188500.976562, -99.5240
190026.855469, -97.8691
191552.734375, -96.9836
193078.613281, -96.3264
194604.492188, -95.6403
196130.371094, -95.1078
197656.250000, -95.0647
199182.128906, -95.3119
200708.007812, -95.0067
202233.886719, -94.0403
203759.765625, -93.3304
205285.644531, -93.4986
206811.523438, -94.4585
208337.402344, -95.5221
209863.281250, -95.7892
211389.160156, -95.0994
212915.039062, -94.2900
214440.917969, -94.2313
215966.796875, -95.4316
217492.675781, -98.1799
219018.554688, -102.0658
220544.433594, -103.4920
222070.312500, -101.7608
223596.191406, -99.7010
225122.070312, -97.5626
226647.949219, -95.9776
228173.828125, -95.4701
229699.707031, -96.0804
231225.585938, -97.3970
232751.464844, -98.6117
234277.343750, -99.0253
235803.222656, -98.4952
237329.101562, -97.3057
238854.980469, -96.0641
240380.859375, -95.3008
241906.738281, -95.1505
243432.617188, -95.5283
244958.496094, -96.3305
246484.375000, -97.3407
248010.253906, -98.2642
249536.132812, -99.5942
251062.011719, -102.6189
252587.890625, -108.6361
254113.769531, -109.1107
255639.648438, -103.7684
257165.527344, -100.4891
258691.406250, -97.9806
260217.285156, -96.7433
261743.164062, -97.5309
263269.042969, -100.5332
264794.921875, -105.7707
266320.800781, -113.0943
267846.679688, -108.3022
269372.558594, -102.8255
270898.437500, -100.2365
272424.316406, -100.0221
273950.195312, -102.1883
275476.074219, -105.4837
277001.953125, -104.7990
278527.832031, -102.2602
280053.710938, -100.0191
281579.589844, -97.8432
283105.468750, -95.8273
284631.347656, -94.4457
286157.226562, -94.0411
287683.105469, -94.7816
289208.984375, -96.6138
290734.863281, -98.7315
292260.742188, -100.3188
293786.621094, -102.0818
295312.500000, -104.5781
296838.378906, -106.9865
298364.257812, -109.0401
299890.136719, -111.9114
301416.015625, -108.2592
302941.894531, -104.2463
304467.773438, -102.5269
305993.652344, -101.4335
307519.531250, -99.8241
309045.410156, -97.7080
310571.289062, -96.0489
312097.167969, -95.6137
313623.046875, -96.6123
315148.925781, -98.8914
316674.804688, -101.6403
318200.683594, -104.4421
319726.562500, -108.5875
321252.441406, -106.6442
322778.320312, -101.3249
324304.199219, -98.5712
325830.078125, -97.5887
327355.957031, -97.2047
328881.835938, -96.3350
330407.714844, -95.0081
331933.593750, -93.8894
333459.472656, -93.2498
334985.351562, -92.8223
336511.230469, -92.3111
338037.109375, -91.9048
339562.988281, -92.0386
341088.867188, -92.9184
342614.746094, -94.4963
344140.625000, -96.9432
345666.503906, -100.9174
347192.382812, -107.4189
348718.261719, -112.9297
350244.140625, -106.8216
351770.019531, -102.4406
353295.898438, -100.2818
354821.777344, -99.4985
356347.656250, -98.4556
357873.535156, -97.3393
359399.414062, -97.2559
360925.292969, -97.1419
362451.171875, -95.3786
363977.050781, -93.2443
365502.929688, -92.0178
367028.808594, -91.8370
368554.687500, -92.3632
370080.566406, -93.2748
371606.445312, -94.6181
373132.324219, -96.7111
374658.203125, -99.5857
376184.082031, -100.9340
377709.960938, -98.6876
379235.839844, -96.3560
380761.718750, -95.2595
382287.597656, -95.3889
383813.476562, -96.6271
385339.355469, -98.8760
386865.234375, -101.9022
388391.113281, -105.1731
389916.992188, -108.3432
391442.871094, -112.0861
392968.750000, -116.9438
394494.628906, -115.5851
396020.507812, -107.9290
397546.386719, -102.9461
399072.265625, -100.4957
400598.144531, -99.7779
402124.023438, -99.7162
403649.902344, -99.5705
405175.781250, -99.1601
406701.660156, -97.9396
408227.539062, -96.2761
409753.417969, -95.1740
411279.296875, -94.9430
412805.175781, -95.3648
414331.054688, -96.1025
415856.933594, -97.0842
417382.812500, -98.6190
418908.691406, -101.4893
420434.570312, -106.5555
421960.449219, -104.6605
423486.328125, -99.8698
425012.207031, -97.5981
426538.085938, -96.4523
428063.964844, -95.6716
429589.843750, -95.6342
431115.722656, -97.2711
432641.601562, -101.8628
434167.480469, -114.0410
435693.359375, -111.9465
437219.238281, -106.6559
438745.117188, -105.0496
440270.996094, -104.6401
441796.875000, -104.7551
443322.753906, -104.1999
444848.632812, -102.6257
446374.511719, -101.0892
447900.390625, -99.8802
449426.269531, -98.8202
450952.148438, -97.7695
452478.027344, -96.9747
454003.906250, -96.8795
455529.785156, -97.7334
457055.664062, -99.5747
458581.542969, -101.3844
460107.421875, -101.2035
461633.300781, -100.0780
463159.179688, -98.9940
464685.058594, -97.8647
466210.937500, -97.1103
467736.816406, -97.3270
469262.695312, -98.5551
470788.574219, -100.1354
472314.453125, -101.5291
473840.332031, -102.9948
475366.210938, -104.2781
476892.089844, -105.1206
478417.968750, -107.3800
479943.847656, -114.6059
481469.726562, -119.2892
482995.605469, -110.5408
484521.484375, -108.7635
486047.363281, -107.8202
487573.242188, -106.0743
489099.121094, -104.3151
490625.000000, -102.2880
492150.878906, -100.6895
493676.757812, -100.1893
495202.636719, -100.5366
496728.515625, -100.8942
498254.394531, -101.0791
499780.273438, -101.8947
501306.152344, -103.6953
502832.031250, -105.7424
504357.910156, -106.9821
505883.789062, -105.8973
507409.667969, -102.5465
508935.546875, -100.4157
510461.425781, -100.2037
511987.304688, -101.2070
513513.183594, -102.5051
515039.062500, -103.9829
516564.941406, -105.4599
518090.820312, -105.6162
519616.699219, -105.9660
521142.578125, -108.3793
522668.457031, -110.3810
524194.335938, -109.4847
525720.214844, -109.5694
527246.093750, -111.2878
528771.972656, -112.9514
530297.851562, -110.2717
531823.730469, -108.0767
533349.609375, -107.9947
534875.488281, -108.6012
536401.367188, -108.2715
537927.246094, -106.8236
539453.125000, -104.6998
540979.003906, -101.8817
542504.882812, -99.2005
544030.761719, -97.6617
545556.640625, -97.4033
547082.519531, -97.7919
548608.398438, -98.0988
550134.277344, -97.9311
551660.156250, -97.1573
553186.035156, -96.3665
554711.914062, -95.8896
556237.792969, -95.4156
557763.671875, -94.7304
559289.550781, -94.0833
560815.429688, -93.9052
562341.308594, -94.4438
563867.187500, -95.5709
565393.066406, -97.1238
566918.945312, -99.4589
568444.824219, -102.6828
569970.703125, -103.4736
571496.582031, -100.2172
573022.460938, -97.6512
574548.339844, -96.9399
576074.218750, -98.0269
577600.097656, -100.6013
579125.976562, -104.0754
580651.855469, -107.9404
582177.734375, -112.5283
583703.613281, -109.0578
585229.492188, -102.7780
586755.371094, -99.1916
588281.250000, -97.1702
589807.128906, -95.8783
591333.007812, -94.9993
592858.886719, -94.5537
594384.765625, -94.5418
595910.644531, -94.9739
597436.523438, -96.1320
598962.402344, -98.5668
600488.281250, -102.3679
602014.160156, -103.4216
603540.039062, -101.0580
605065.917969, -99.6947
606591.796875, -99.3171
608117.675781, -99.7106
609643.554688, -101.2103
611169.433594, -104.6013
612695.312500, -112.0766
614221.191406, -110.8005
615747.070312, -105.0560
617272.949219, -103.5747
618798.828125, -104.4214
620324.707031, -106.2436
621850.585938, -108.0381
623376.464844, -110.2272
624902.343750, -115.2502
626428.222656, -113.1238
627954.101562, -106.3789
629479.980469, -103.1805
631005.859375, -101.6180
632531.738281, -100.9906
634057.617188, -100.6812
635583.496094, -100.0000
637109.375000, -99.2291
638635.253906, -98.9856
640161.132812, -99.6086
641687.011719, -100.7666
643212.890625, -101.4537
644738.769531, -101.8899
646264.648438, -102.6121
647790.527344, -103.3982
649316.406250, -104.1366
650842.285156, -104.4887
652368.164062, -104.5275
653894.042969, -104.0758
655419.921875, -102.3271
656945.800781, -100.1428
658471.679688, -98.5424
659997.558594, -97.6997
661523.437500, -97.3568
663049.316406, -96.7007
664575.195312, -95.2903
666101.074219, -94.0026
667626.953125, -93.5415
669152.832031, -93.9609
670678.710938, -94.8888
672204.589844, -95.9059
673730.468750, -97.4334
675256.347656, -100.6121
676782.226562, -106.1060
678308.105469, -105.8653
679833.984375, -102.3731
681359.863281, -101.3675
682885.742188, -101.7064
684411.621094, -102.4223
685937.500000, -104.1993
687463.378906, -107.5598
688989.257812, -107.6502
690515.136719, -104.9466
692041.015625, -103.0021
693566.894531, -101.6031
695092.773438, -100.8301
696618.652344, -100.8524
698144.531250, -101.3818
699670.410156, -102.3778
701196.289062, -104.4557
702722.167969, -107.1768
704248.046875, -106.7990
705773.925781, -103.7373
707299.804688, -101.2876
708825.683594, -100.1202
710351.562500, -100.3690
711877.441406, -101.9025
713403.320312, -103.7180
714929.199219, -104.0817
716455.078125, -103.2573
717980.957031, -102.1422
719506.835938, -100.7453
721032.714844, -99.0592
722558.593750, -97.3823
724084.472656, -96.1848
725610.351562, -95.7952
727136.230469, -96.1547
728662.109375, -96.8573
730187.988281, -97.6235
731713.867188, -98.8533
733239.746094, -101.5671
734765.625000, -106.7439
736291.503906, -106.8323
737817.382812, -102.0850
739343.261719, -99.3449
740869.140625, -97.6651
742395.019531, -96.3577
743920.898438, -95.3204
745446.777344, -94.7610
746972.656250, -94.7390
748498.535156, -94.9420
750024.414062, -94.7324
751550.292969, -93.9041
753076.171875, -92.9988
754602.050781, -92.4222
756127.929688, -92.1882
757653.808594, -92.2093
759179.687500, -92.4870
760705.566406, -93.1155
762231.445312, -94.2718
763757.324219, -96.2942
765283.203125, -99.7544
766809.082031, -105.3188
768334.960938, -110.9192
769860.839844, -112.8026
771386.718750, -119.9987
772912.597656, -112.0506
774438.476562, -105.5450
775964.355469, -102.1985
777490.234375, -100.0178
779016.113281, -98.3687
780541.992188, -97.2325
782067.871094, -96.8716
783593.750000, -97.5131
785119.628906, -99.0792
786645.507812, -100.8058
788171.386719, -101.3647
789697.265625, -100.7171
791223.144531, -100.0737
792749.023438, -99.9526
794274.902344, -100.0146
795800.781250, -100.1037
797326.660156, -100.7750
798852.539062, -102.7430
800378.417969, -106.8413
801904.296875, -114.7464
803430.175781, -111.9085
804956.054688, -105.2797
806481.933594, -101.4549
808007.812500, -99.0983
809533.691406, -97.7706
811059.570312, -97.3147
812585.449219, -97.6671
814111.328125, -98.7545
815637.207031, -100.4879
817163.085938, -102.5162
818688.964844, -103.5245
820214.843750, -102.7609
821740.722656, -101.7462
823266.601562, -101.1314
824792.480469, -100.4754
826318.359375, -99.4626
827844.238281, -98.2777
829370.117188, -97.1507
830895.996094, -96.1483
832421.875000, -95.4458
833947.753906, -95.2901
835473.632812, -95.6264
836999.511719, -96.1159
838525.390625, -96.5654
840051.269531, -97.1248
841577.148438, -98.3281
843103.027344, -101.1057
844628.906250, -106.9301
846154.785156, -114.7447
847680.664062, -109.1390
849206.542969, -105.1078
850732.421875, -102.1326
852258.300781, -100.1538
853784.179688, -98.9437
855310.058594, -97.7110
856835.937500, -95.8256
858361.816406, -93.9617
859887.695312, -92.9525
861413.574219, -92.9878
862939.453125, -93.9715
864465.332031, -95.8083
865991.210938, -98.3574
867517.089844, -100.9647
869042.968750, -102.3870
870568.847656, -102.4340
872094.726562, -101.8642
873620.605469, -101.1811
875146.484375, -100.2843
876672.363281, -98.9495
878198.242188, -97.7942
879724.121094, -97.6315
881250.000000, -98.8152
882775.878906, -101.4317
884301.757812, -104.7248
885827.636719, -103.9883
887353.515625, -101.0841
888879.394531, -99.5527
890405.273438, -98.9544
891931.152344, -98.5602
893457.031250, -98.3764
894982.910156, -98.6951
896508.789062, -99.1976
898034.667969, -98.5633
899560.546875, -96.7926
901086.425781, -95.3259
902612.304688, -94.5368
904138.183594, -94.1421
905664.062500, -93.9245
907189.941406, -93.9175
908715.820312, -94.2309
910241.699219, -94.8386
911767.578125, -95.4996
913293.457031, -95.8675
914819.335938, -95.7806
916345.214844, -95.4466
917871.093750, -95.3057
919396.972656, -95.7380
920922.851562, -96.8534
922448.730469, -98.5066
923974.609375, -100.4737
925500.488281, -102.4388
927026.367188, -103.3801
928552.246094, -103.3114
930078.125000, -103.6159
931604.003906, -103.8326
933129.882812, -103.4145
934655.761719, -102.2827
936181.640625, -100.8354
937707.519531, -99.4592
939233.398438, -98.2825
940759.277344, -98.0882
942285.156250, -99.0816
943811.035156, -100.6079
945336.914062, -102.2019
946862.792969, -103.7747
948388.671875, -104.8070
949914.550781, -104.8988
951440.429688, -104.2499
952966.308594, -103.7251
954492.187500, -104.4280
956018.066406, -106.3991
957543.945312, -106.2201
959069.824219, -104.2689
960595.703125, -104.0205
962121.582031, -105.9564
963647.460938, -109.8253
965173.339844, -109.9957
966699.218750, -105.5966
968225.097656, -103.1691
969750.976562, -102.4267
971276.855469, -102.3517
972802.734375, -102.2145
974328.613281, -102.0581
975854.492188, -102.5380
977380.371094, -104.2808
978906.250000, -107.2131
980432.128906, -109.8946
981958.007812, -110.4751
983483.886719, -110.9058
985009.765625, -112.7013
986535.644531, -110.6223
988061.523438, -109.0007
989587.402344, -110.2561
991113.281250, -112.7871
992639.160156, -117.6612
994165.039062, -117.3054
995690.917969, -106.8731
997216.796875, -101.7373
998742.675781, -99.0541
1000268.554688, -97.6003
1001794.433594, -96.5967
1003320.312500, -95.8663
1004846.191406, -95.6542
1006372.070312, -96.0311
1007897.949219, -96.6735
1009423.828125, -97.2673
1010949.707031, -98.1165
1012475.585938, -100.0342
1014001.464844, -104.0960
1015527.343750, -112.6041
1017053.222656, -115.1874
1018579.101562, -109.7968
1020104.980469, -108.2622
1021630.859375, -107.5242
1023156.738281, -106.3010
1024682.617188, -103.7966
1026208.496094, -100.4226
1027734.375000, -97.4825
1029260.253906, -95.7824
1030786.132812, -95.4270
1032312.011719, -95.9506
1033837.890625, -96.4323
1035363.769531, -96.1576
1036889.648438, -95.3869
1038415.527344, -94.9487
1039941.406250, -95.5401
1041467.285156, -97.6043
1042993.164062, -101.3796
1044519.042969, -106.6175
1046044.921875, -111.7690
1047570.800781, -114.4747
1049096.679688, -116.7265
1050622.558594, -117.8382
1052148.437500, -110.8394
1053674.316406, -107.3490
1055200.195312, -106.0174
1056726.074219, -104.3462
1058251.953125, -101.5331
1059777.832031, -98.7890
1061303.710938, -97.0860
1062829.589844, -96.8951
1064355.468750, -98.3335
1065881.347656, -101.1950
1067407.226562, -104.7678
1068933.105469, -106.7531
1070458.984375, -105.2343
1071984.863281, -102.4892
1073510.742188, -99.8328
1075036.621094, -97.8422
1076562.500000, -96.9331
1078088.378906, -97.1481
1079614.257812, -97.9429
1081140.136719, -98.3083
1082666.015625, -97.9902
1084191.894531, -97.9298
1085717.773438, -99.0995
1087243.652344, -101.8310
1088769.531250, -105.5091
1090295.410156, -108.9920
1091821.289062, -111.3126
1093347.167969, -110.6171
1094873.046875, -108.8814
1096398.925781, -106.4225
1097924.804688, -103.2399
1099450.683594, -100.7135
1100976.562500, -99.0542
1102502.441406, -97.5404
1104028.320312, -95.6964
1105554.199219, -94.0535
1107080.078125, -93.1717
1108605.957031, -93.0522
1110131.835938, -93.3412
1111657.714844, -93.8127
1113183.593750, -94.6608
1114709.472656, -96.2539
1116235.351562, -98.9315
1117761.230469, -102.5713
1119287.109375, -105.1732
1120812.988281, -104.0112
1122338.867188, -101.0418
1123864.746094, -98.4948
1125390.625000, -96.4662
1126916.503906, -94.8367
1128442.382812, -93.6426
1129968.261719, -92.7511
1131494.140625, -92.1368
1133020.019531, -91.9707
1134545.898438, -92.4777
1136071.777344, -93.7796
1137597.656250, -95.5854
1139123.535156, -97.4264
1140649.414062, -99.2737
1142175.292969, -101.3370
1143701.171875, -104.5005
1145227.050781, -109.0510
1146752.929688, -110.1498
1148278.808594, -108.6365
1149804.687500, -104.3982
1151330.566406, -100.4146
1152856.445312, -98.2656
1154382.324219, -97.1677
1155908.203125, -96.1536
1157434.082031, -95.0397
1158959.960938, -94.4542
1160485.839844, -94.9410
1162011.718750, -96.3262
1163537.597656, -97.7070
1165063.476562, -98.4109
1166589.355469, -98.5300
1168115.234375, -99.0585
1169641.113281, -101.3747
1171166.992188, -107.0043
1172692.871094, -113.4143
1174218.750000, -105.3985
1175744.628906, -100.9119
1177270.507812, -98.1787
1178796.386719, -96.5516
1180322.265625, -96.0071
1181848.144531, -96.5240
1183374.023438, -97.9413
1184899.902344, -99.7700
1186425.781250, -100.9052
1187951.660156, -100.7643
1189477.539062, -100.1302
1191003.417969, -99.5632
1192529.296875, -99.1700
1194055.175781, -98.9684
1195581.054688, -98.9199
1197106.933594, -99.0229
1198632.812500, -99.5803
1200158.691406, -101.0812
1201684.570312, -103.0167
1203210.449219, -102.7598
1204736.328125, -101.0925
1206262.207031, -100.0084
1207788.085938, -99.3584
1209313.964844, -98.8247
1210839.843750, -98.9310
1212365.722656, -100.2180
1213891.601562, -102.5876
1215417.480469, -106.0829
1216943.359375, -108.5147
1218469.238281, -105.9385
1219995.117188, -105.0854
1221520.996094, -106.3037
1223046.875000, -105.8710
1224572.753906, -104.2121
1226098.632812, -103.6375
1227624.511719, -102.9778
1229150.390625, -101.2010
1230676.269531, -99.8655
1232202.148438, -99.9210
1233728.027344, -101.5321
1235253.906250, -104.9452
1236779.785156, -109.1638
1238305.664062, -106.4507
1239831.542969, -102.8204
1241357.421875, -101.4433
1242883.300781, -101.8284
1244409.179688, -103.2982
1245935.058594, -105.1455
1247460.937500, -107.1309
1248986.816406, -109.2823
1250512.695312, -110.9228
1252038.574219, -109.5304
1253564.453125, -104.6246
1255090.332031, -99.6731
1256616.210938, -96.3268
1258142.089844, -94.6525
1259667.968750, -94.2730
1261193.847656, -94.7638
1262719.726562, -96.0427
1264245.605469, -98.7782
1265771.484375, -104.8942
1267297.363281, -108.2447
1268823.242188, -101.9249
1270349.121094, -100.2766
1271875.000000, -101.3908
1273400.878906, -104.4522
1274926.757812, -108.5095
1276452.636719, -108.1740
1277978.515625, -106.4160
1279504.394531, -106.5828
1281030.273438, -106.9917
1282556.152344, -107.5136
1284082.031250, -107.7212
1285607.910156, -106.2984
1287133.789062, -104.8735
1288659.667969, -103.1385
1290185.546875, -100.7690
1291711.425781, -98.9839
1293237.304688, -98.2528
1294763.183594, -98.2734
1296289.062500, -98.5970
1297814.941406, -99.1772
1299340.820312, -100.3630
1300866.699219, -102.3477
1302392.578125, -104.8307
1303918.457031, -107.4208
1305444.335938, -111.0187
1306970.214844, -114.9204
1308496.093750, -107.5494
1310021.972656, -102.9502
1311547.851562, -100.7802
1313073.730469, -99.5190
1314599.609375, -98.4683
1316125.488281, -97.9112
1317651.367188, -98.5461
1319177.246094, -100.9877
1320703.125000, -106.4117
1322229.003906, -124.0270
1323754.882812, -109.8244
1325280.761719, -105.2504
1326806.640625, -103.8616
1328332.519531, -103.0606
1329858.398438, -101.8618
1331384.277344, -101.5530
1332910.156250, -102.8458
1334436.035156, -103.5128
1335961.914062, -101.5582
1337487.792969, -99.2992
1339013.671875, -98.3379
1340539.550781, -99.1035
1342065.429688, -101.3446
1343591.308594, -104.9912
1345117.187500, -112.8868
1346643.066406, -109.5720
1348168.945312, -101.1624
1349694.824219, -97.3462
1351220.703125, -95.6726
1352746.582031, -95.1905
1354272.460938, -95.2892
1355798.339844, -95.7179
1357324.218750, -96.5737
1358850.097656, -97.9426
1360375.976562, -99.5731
1361901.855469, -101.2132
1363427.734375, -103.4878
1364953.613281, -105.9972
1366479.492188, -103.8017
1368005.371094, -101.2604
1369531.250000, -101.1077
1371057.128906, -103.0766
1372583.007812, -106.4448
1374108.886719, -109.1032
1375634.765625, -108.3932
1377160.644531, -105.0112
1378686.523438, -102.5390
1380212.402344, -101.6899
1381738.281250, -101.9561
1383264.160156, -102.4432
1384790.039062, -101.3277
1386315.917969, -99.0453
1387841.796875, -97.5087
1389367.675781, -96.7163
1390893.554688, -95.9293
1392419.433594, -95.2354
1393945.312500, -95.3241
1395471.191406, -96.5504
1396997.070312, -98.3224
1398522.949219, -98.7995
1400048.828125, -97.7022
1401574.707031, -96.7304
1403100.585938, -96.8054
1404626.464844, -97.6382
1406152.343750, -98.0114
1407678.222656, -97.5015
1409204.101562, -96.7289
1410729.980469, -96.1746
1412255.859375, -96.3163
1413781.738281, -97.5380
1415307.617188, -99.7131
1416833.496094, -101.7173
1418359.375000, -101.7168
1419885.253906, -100.3929
1421411.132812, -100.2005
1422937.011719, -102.5206
1424462.890625, -107.8328
1425988.769531, -108.1340
1427514.648438, -104.0947
1429040.527344, -101.7046
1430566.406250, -100.2997
1432092.285156, -99.5735
1433618.164062, -99.2455
1435144.042969, -98.9413
1436669.921875, -98.4889
1438195.800781, -97.9224
1439721.679688, -97.1262
1441247.558594, -95.8977
1442773.437500, -94.4368
1444299.316406, -93.3116
1445825.195312, -92.9802
1447351.074219, -93.5694
1448876.953125, -94.8584
1450402.832031, -96.3803
1451928.710938, -97.8347
1453454.589844, -99.2532
1454980.468750, -100.1543
1456506.347656, -99.8699
1458032.226562, -99.5949
1459558.105469, -100.0714
1461083.984375, -100.1848
1462609.863281, -99.4559
1464135.742188, -99.2254
1465661.621094, -100.5560
1467187.500000, -104.1544
1468713.378906, -111.6815
1470239.257812, -124.8059
1471765.136719, -108.9513
1473291.015625, -102.9302
1474816.894531, -98.8917
1476342.773438, -96.1734
1477868.652344, -94.4993
1479394.531250, -93.6472
1480920.410156, -93.4838
1482446.289062, -93.9033
1483972.167969, -94.7758
1485498.046875, -95.9951
1487023.925781, -97.5680
1488549.804688, -99.8072
1490075.683594, -103.6435
1491601.562500, -111.1563
1493127.441406, -108.8842
1494653.320312, -103.4407
1496179.199219, -101.2204
1497705.078125, -100.4833
1499230.957031, -100.7288
1500756.835938, -101.7514
1502282.714844, -103.9327
1503808.593750, -108.8732
1505334.472656, -110.6350
1506860.351562, -104.2136
1508386.230469, -101.0799
1509912.109375, -100.0224
1511437.988281, -100.3442
1512963.867188, -101.9416
1514489.746094, -105.4697
1516015.625000, -114.8433
1517541.503906, -111.7657
1519067.382812, -103.4535
1520593.261719, -99.8508
1522119.140625, -97.9969
1523645.019531, -96.9316
1525170.898438, -96.2531
1526696.777344, -96.0070
1528222.656250, -96.3836
1529748.535156, -97.3128
1531274.414062, -98.3596
1532800.292969, -99.1811
1534326.171875, -99.9213
1535852.050781, -100.7885
1537377.929688, -101.6054
1538903.808594, -102.0848
1540429.687500, -102.5358
1541955.566406, -103.7238
1543481.445312, -106.3180
1545007.324219, -110.7986
1546533.203125, -117.6726
1548059.082031, -117.7645
1549584.960938, -109.8173
1551110.839844, -104.8562
1552636.718750, -101.7321
1554162.597656, -99.6566
1555688.476562, -98.2711
1557214.355469, -97.3948
1558740.234375, -96.8435
1560266.113281, -96.5667
1561791.992188, -96.7250
1563317.871094, -97.7106
1564843.750000, -100.1190
1566369.628906, -104.3994
1567895.507812, -108.4109
1569421.386719, -108.0944
1570947.265625, -108.2883
1572473.144531, -110.0088
1573999.023438, -110.4327
1575524.902344, -108.3226
1577050.781250, -106.3190
1578576.660156, -105.1766
1580102.539062, -104.1548
1581628.417969, -103.5810
1583154.296875, -104.8196
1584680.175781, -107.6969
1586206.054688, -104.4861
1587731.933594, -99.8762
1589257.812500, -97.2651
1590783.691406, -95.9533
1592309.570312, -95.3602
1593835.449219, -95.0751
1595361.328125, -95.0168
1596887.207031, -95.4160
1598413.085938, -96.5649
1599938.964844, -98.8201
1601464.843750, -101.9916
1602990.722656, -102.2735
1604516.601562, -99.6403
1606042.480469, -97.7761
1607568.359375, -96.6965
1609094.238281, -96.1086
1610620.117188, -96.1114
1612145.996094, -96.7814
1613671.875000, -98.0238
1615197.753906, -99.7372
1616723.632812, -101.9269
1618249.511719, -105.1166
1619775.390625, -110.5704
1621301.269531, -140.0042
1622827.148438, -107.1125
1624353.027344, -100.6116
1625878.906250, -97.9530
1627404.785156, -97.3592
1628930.664062, -97.8307
1630456.542969, -98.4660
1631982.421875, -98.4875
1633508.300781, -97.8209
1635034.179688, -97.1654
1636560.058594, -97.1256
1638085.937500, -97.8114
1639611.816406, -98.9899
1641137.695312, -100.3146
1642663.574219, -101.5271
1644189.453125, -102.5587
1645715.332031, -103.3861
1647241.210938, -103.7226
1648767.089844, -103.0050
1650292.968750, -101.4723
1651818.847656, -100.3687
1653344.726562, -100.4554
1654870.605469, -101.5892
1656396.484375, -102.7091
1657922.363281, -102.6423
1659448.242188, -101.6915
1660974.121094, -100.8481
1662500.000000, -100.6950
1664025.878906, -101.3142
1665551.757812, -102.5620
1667077.636719, -104.3322
1668603.515625, -106.7583
1670129.394531, -110.1851
1671655.273438, -111.7438
1673181.152344, -107.9666
1674707.031250, -104.7842
1676232.910156, -103.2812
1677758.789062, -103.1193
1679284.667969, -103.9491
1680810.546875, -105.5686
1682336.425781, -107.7930
1683862.304688, -110.3534
1685388.183594, -113.5330
1686914.062500, -117.5944
1688439.941406, -119.4994
1689965.820312, -114.6676
1691491.699219, -109.6906
1693017.578125, -106.8590
1694543.457031, -105.6670
1696069.335938, -105.3570
1697595.214844, -105.1421
1699121.093750, -104.1790
1700646.972656, -102.9049
1702172.851562, -102.8377
1703698.730469, -104.7235
1705224.609375, -106.5247
1706750.488281, -104.2353
1708276.367188, -101.7536
1709802.246094, -100.2811
1711328.125000, -99.3562
1712854.003906, -99.1158
1714379.882812, -100.1083
1715905.761719, -102.6948
1717431.640625, -106.0505
1718957.519531, -106.5145
1720483.398438, -104.8289
1722009.277344, -103.7373
1723535.156250, -102.8057
1725061.035156, -101.2424
1726586.914062, -99.5278
1728112.792969, -98.3084
1729638.671875, -97.7207
1731164.550781, -97.7687
1732690.429688, -98.7479
1734216.308594, -101.3237
1735742.187500, -106.0435
1737268.066406, -108.4226
1738793.945312, -104.9907
1740319.824219, -102.3016
1741845.703125, -100.6976
1743371.582031, -100.0140
1744897.460938, -100.4467
1746423.339844, -101.7051
1747949.218750, -102.3127
1749475.097656, -102.5216
1751000.976562, -104.0851
1752526.855469, -107.1111
1754052.734375, -109.0861
1755578.613281, -107.4486
1757104.492188, -104.7183
1758630.371094, -102.8969
1760156.250000, -101.8560
1761682.128906, -100.8854
1763208.007812, -99.8474
1764733.886719, -99.1342
1766259.765625, -99.0836
1767785.644531, -99.6312
1769311.523438, -100.5967
1770837.402344, -102.3202
1772363.281250, -105.3949
1773889.160156, -110.3660
1775415.039062, -118.7492
1776940.917969, -129.5728
1778466.796875, -115.7852
1779992.675781, -110.6587
1781518.554688, -108.1120
1783044.433594, -106.5899
1784570.312500, -105.1747
1786096.191406, -103.8795
1787622.070312, -103.1468
1789147.949219, -103.4543
1790673.828125, -105.2797
1792199.707031, -108.7235
1793725.585938, -112.2440
1795251.464844, -112.3765
1796777.343750, -110.6207
1798303.222656, -109.0823
1799829.101562, -107.1181
1801354.980469, -103.6848
1802880.859375, -100.1620
1804406.738281, -97.8206
1805932.617188, -96.7462
1807458.496094, -96.6406
1808984.375000, -97.1730
1810510.253906, -98.0937
1812036.132812, -99.4329
1813562.011719, -101.7633
1815087.890625, -106.4413
1816613.769531, -117.1097
1818139.648438, -111.3654
1819665.527344, -105.3327
1821191.406250, -101.6441
1822717.285156, -99.2246
1824243.164062, -98.0197
1825769.042969, -98.2350
1827294.921875, -100.2213
1828820.800781, -104.3197
1830346.679688, -109.3810
1831872.558594, -108.7954
1833398.437500, -107.1301
1834924.316406, -106.8210
1836450.195312, -105.5215
1837976.074219, -102.4241
1839501.953125, -99.3109
1841027.832031, -96.9736
1842553.710938, -95.5277
1844079.589844, -94.9057
1845605.468750, -94.9692
1847131.347656, -95.6470
1848657.226562, -96.7916
1850183.105469, -97.8905
1851708.984375, -98.3928
1853234.863281, -98.4976
1854760.742188, -98.9463
1856286.621094, -100.4106
1857812.500000, -103.5164
1859338.378906, -108.2880
1860864.257812, -108.3177
1862390.136719, -106.2036
1863916.015625, -106.3298
1865441.894531, -107.1207
1866967.773438, -107.7116
1868493.652344, -109.7278
1870019.531250, -111.3426
1871545.410156, -105.4170
1873071.289062, -101.3581
1874597.167969, -99.3670
1876123.046875, -98.5122
1877648.925781, -98.3740
1879174.804688, -98.6819
1880700.683594, -99.1262
1882226.562500, -99.7343
1883752.441406, -101.4221
1885278.320312, -106.0028
1886804.199219, -116.4437
1888330.078125, -107.2437
1889855.957031, -102.6189
1891381.835938, -100.0045
1892907.714844, -97.9599
1894433.593750, -96.5766
1895959.472656, -96.2677
1897485.351562, -97.3046
1899011.230469, -99.4522
1900537.109375, -101.2583
1902062.988281, -101.1090
1903588.867188, -100.1039
1905114.746094, -99.2068
1906640.625000, -98.6625
1908166.503906, -98.8495
1909692.382812, -99.9173
1911218.261719, -101.6110
1912744.140625, -103.7453
1914270.019531, -106.5603
1915795.898438, -108.5476
1917321.777344, -106.9940
1918847.656250, -105.1743
1920373.535156, -104.0600
1921899.414062, -102.8686
1923425.292969, -101.6612
1924951.171875, -101.2426
1926477.050781, -102.1911
1928002.929688, -104.6515
1929528.808594, -108.1317
1931054.687500, -110.8708
1932580.566406, -111.5875
1934106.445312, -111.7300
1935632.324219, -110.3103
1937158.203125, -106.9351
1938684.082031, -103.6638
1940209.960938, -100.9809
1941735.839844, -99.0486
1943261.718750, -98.0704
1944787.597656, -98.1045
1946313.476562, -99.1330
1947839.355469, -101.1096
1949365.234375, -103.3030
1950891.113281, -103.5404
1952416.992188, -101.6640
1953942.871094, -100.1088
1955468.750000, -100.1340
1956994.628906, -101.7033
1958520.507812, -103.6710
1960046.386719, -104.0051
1961572.265625, -103.5328
1963098.144531, -104.8827
1964624.023438, -108.4746
1966149.902344, -109.8954
1967675.781250, -107.9728
1969201.660156, -106.4736
1970727.539062, -106.4662
1972253.417969, -107.7838
1973779.296875, -109.1652
1975305.175781, -109.6574
1976831.054688, -108.8516
1978356.933594, -106.3710
1979882.812500, -103.0287
1981408.691406, -100.6321
1982934.570312, -99.5436
1984460.449219, -99.5047
1985986.328125, -100.5415
1987512.207031, -103.1205
1989038.085938, -106.7648
1990563.964844, -105.2413
1992089.843750, -101.2542
1993615.722656, -98.4852
1995141.601562, -96.7731
1996667.480469, -96.0736
1998193.359375, -96.5683
1999719.238281, -98.5809
2001245.117188, -102.6982
2002770.996094, -109.3899
2004296.875000, -109.0946
2005822.753906, -104.5977
2007348.632812, -101.5995
2008874.511719, -99.4497
2010400.390625, -98.0825
2011926.269531, -97.4387
2013452.148438, -97.4167
2014978.027344, -98.1735
2016503.906250, -99.6450
2018029.785156, -100.6518
2019555.664062, -100.1805
2021081.542969, -98.9754
2022607.421875, -97.5761
2024133.300781, -96.2270
2025659.179688, -95.2973
2027185.058594, -94.9447
2028710.937500, -94.8683
2030236.816406, -94.6396
2031762.695312, -94.3260
2033288.574219, -94.4463
2034814.453125, -95.4927
2036340.332031, -97.6892
2037866.210938, -100.3927
2039392.089844, -100.7653
2040917.968750, -99.0826
2042443.847656, -98.1841
2043969.726562, -98.5735
2045495.605469, -99.9399
2047021.484375, -101.7554
2048547.363281, -103.1857
2050073.242188, -103.4670
2051599.121094, -103.3239
2053125.000000, -104.3524
2054650.878906, -108.5169
2056176.757812, -119.8864
2057702.636719, -108.6943
2059228.515625, -103.7899
2060754.394531, -101.1208
2062280.273438, -99.1181
2063806.152344, -97.8239
2065332.031250, -97.7251
2066857.910156, -99.1056
2068383.789062, -101.7002
2069909.667969, -104.2064
2071435.546875, -105.6087
2072961.425781, -106.0861
2074487.304688, -103.8365
2076013.183594, -100.5129
2077539.062500, -98.4558
2079064.941406, -97.7062
2080590.820312, -97.6860
2082116.699219, -98.0624
2083642.578125, -99.0412
2085168.457031, -101.1082
2086694.335938, -104.9154
2088220.214844, -109.3340
2089746.093750, -108.8010
2091271.972656, -107.5039
2092797.851562, -106.1311
2094323.730469, -104.0611
2095849.609375, -102.5408
2097375.488281, -101.9652
2098901.367188, -101.9143
2100427.246094, -102.2268
2101953.125000, -103.5370
2103479.003906, -106.5211
2105004.882812, -110.5507
2106530.761719, -113.8188
2108056.640625, -118.9238
2109582.519531, -120.3792
2111108.398438, -116.6932
2112634.277344, -117.4075
2114160.156250, -109.8484
2115686.035156, -104.0587
2117211.914062, -101.4084
2118737.792969, -100.5477
2120263.671875, -100.4052
2121789.550781, -100.1797
2123315.429688, -99.6095
2124841.308594, -99.0833
2126367.187500, -99.2245
2127893.066406, -100.4051
2129418.945312, -102.0999
2130944.824219, -102.0587
2132470.703125, -100.6080
2133996.582031, -100.4669
2135522.460938, -102.8098
2137048.339844, -105.6321
2138574.218750, -102.1073
2140100.097656, -98.1807
2141625.976562, -95.3867
2143151.855469, -93.5637
2144677.734375, -92.6991
2146203.613281, -92.7658
2147729.492188, -93.7499
2149255.371094, -95.6051
2150781.250000, -98.1008
2152307.128906, -100.4416
2153833.007812, -101.4131
2155358.886719, -100.8878
2156884.765625, -99.6344
2158410.644531, -98.4099
2159936.523438, -97.7791
2161462.402344, -97.9835
2162988.281250, -99.0244
2164514.160156, -100.9863
2166040.039062, -104.5454
2167565.917969, -108.5392
2169091.796875, -104.2618
2170617.675781, -100.5733
2172143.554688, -98.6352
2173669.433594, -97.4240
2175195.312500, -96.8008
2176721.191406, -96.7491
2178247.070312, -96.7957
2179772.949219, -96.4238
2181298.828125, -95.8524
2182824.707031, -95.6040
2184350.585938, -95.8625
2185876.464844, -96.5403
2187402.343750, -97.5502
2188928.222656, -99.0751
2190454.101562, -101.5395
2191979.980469, -105.6291
2193505.859375, -112.1940
2195031.738281, -106.7258
2196557.617188, -101.1869
2198083.496094, -98.9125
2199609.375000, -99.0579
2201135.253906, -101.7432
2202661.132812, -108.2631
2204187.011719, -107.3413
2205712.890625, -100.5735
2207238.769531, -96.9430
2208764.648438, -95.0075
2210290.527344, -94.3818
2211816.406250, -94.9028
2213342.285156, -96.4418
2214868.164062, -99.3863
2216394.042969, -105.4580
2217919.921875, -108.4315
2219445.800781, -102.3846
2220971.679688, -100.6801
2222497.558594, -101.7906
2224023.437500, -104.4822
2225549.316406, -105.9836
2227075.195312, -105.7267
2228601.074219, -104.0990
2230126.953125, -101.7218
2231652.832031, -100.6987
2233178.710938, -101.6421
2234704.589844, -104.6192
2236230.468750, -110.1111
2237756.347656, -127.1607
2239282.226562, -112.3167
2240808.105469, -105.9887
2242333.984375, -103.6908
2243859.863281, -103.3539
2245385.742188, -103.5987
2246911.621094, -103.1166
2248437.500000, -101.7847
2249963.378906, -100.4697
2251489.257812, -99.8105
2253015.136719, -99.9018
2254541.015625, -100.4276
2256066.894531, -101.0558
2257592.773438, -102.1031
2259118.652344, -104.5177
2260644.531250, -109.9407
2262170.410156, -117.5568
2263696.289062, -108.6332
2265222.167969, -105.3392
2266748.046875, -105.0032
2268273.925781, -104.3807
2269799.804688, -102.0558
2271325.683594, -100.3396
2272851.562500, -99.4226
2274377.441406, -98.3764
2275903.320312, -97.2272
2277429.199219, -97.0163
2278955.078125, -98.5346
2280480.957031, -102.0997
2282006.835938, -107.5190
2283532.714844, -113.1344
2285058.593750, -116.4912
2286584.472656, -123.5575
2288110.351562, -123.0557
2289636.230469, -120.9785
2291162.109375, -120.3050
2292687.988281, -107.9234
2294213.867188, -102.2939
2295739.746094, -99.1387
2297265.625000, -97.6017
2298791.503906, -97.4394
2300317.382812, -98.2260
2301843.261719, -99.2843
2303369.140625, -100.3228
2304895.019531, -101.5742
2306420.898438, -103.3349
2307946.777344, -105.9921
2309472.656250, -109.6336
2310998.535156, -107.9842
2312524.414062, -103.5172
2314050.292969, -101.6445
2315576.171875, -101.5532
2317102.050781, -101.1371
2318627.929688, -99.2071
2320153.808594, -97.4854
2321679.687500, -97.2661
2323205.566406, -98.5568
2324731.445312, -99.9828
2326257.324219, -100.2149
2327783.203125, -100.3006
2329309.082031, -100.5533
2330834.960938, -100.2553
2332360.839844, -99.6547
2333886.718750, -99.7821
2335412.597656, -101.1348
2336938.476562, -102.9876
2338464.355469, -103.9373
2339990.234375, -104.5917
2341516.113281, -106.2793
2343041.992188, -108.5699
2344567.871094, -108.6568
2346093.750000, -107.4125
2347619.628906, -106.2316
2349145.507812, -105.0170
2350671.386719, -104.4918
2352197.265625, -105.4045
2353723.144531, -106.3189
2355249.023438, -105.0855
2356774.902344, -104.3304
2358300.781250, -105.6047
2359826.660156, -109.1138
2361352.539062, -111.2970
2362878.417969, -105.1508
2364404.296875, -100.0686
2365930.175781, -96.9336
2367456.054688, -95.2245
2368981.933594, -94.7144
2370507.812500, -95.3147
2372033.691406, -96.8646
2373559.570312, -99.1871
2375085.449219, -102.6606
2376611.328125, -109.7366
2378137.207031, -114.9118
2379663.085938, -104.4491
2381188.964844, -101.4537
2382714.843750, -101.1239
2384240.722656, -101.2363
2385766.601562, -100.2382
2387292.480469, -98.9302
2388818.359375, -98.4622
2390344.238281, -99.3403
2391870.117188, -101.8157
2393395.996094, -106.2145
2394921.875000, -113.6574
2396447.753906, -118.0457
2397973.632812, -109.1256
2399499.511719, -105.0282
2401025.390625, -103.7860
2402551.269531, -104.6138
2404077.148438, -105.5040
2405603.027344, -102.9544
2407128.906250, -100.1624
2408654.785156, -99.3188
2410180.664062, -100.4949
2411706.542969, -103.2306
2413232.421875, -105.6146
2414758.300781, -104.7966
2416284.179688, -102.4774
2417810.058594, -100.7221
2419335.937500, -100.3442
2420861.816406, -102.1287
2422387.695312, -108.1957
2423913.574219, -118.7411
2425439.453125, -105.6814
2426965.332031, -102.5315
2428491.210938, -101.8597
2430017.089844, -102.0792
2431542.968750, -102.5883
2433068.847656, -103.7379
2434594.726562, -106.4020
2436120.605469, -110.2906
2437646.484375, -111.2525
2439172.363281, -111.1518
2440698.242188, -113.9341
2442224.121094, -120.6235
2443750.000000, -126.1585
2445275.878906, -127.6332
2446801.757812, -120.2377
2448327.636719, -116.1998
2449853.515625, -111.2027
2451379.394531, -106.4587
2452905.273438, -102.4495
2454431.152344, -99.2978
2455957.031250, -97.4332
2457482.910156, -96.5497
2459008.789062, -96.0540
2460534.667969, -95.7723
2462060.546875, -95.9205
2463586.425781, -96.6604
2465112.304688, -97.8047
2466638.183594, -98.9410
2468164.062500, -100.0195
2469689.941406, -101.6100
2471215.820312, -104.7860
2472741.699219, -109.9038
2474267.578125, -106.8812
2475793.457031, -102.2459
2477319.335938, -99.8914
2478845.214844, -99.0724
2480371.093750, -99.4703
2481896.972656, -100.8922
2483422.851562, -102.6264
2484948.730469, -102.3843
2486474.609375, -99.6968
2488000.488281, -96.9554
2489526.367188, -94.9596
2491052.246094, -93.6264
2492578.125000, -92.8096
2494104.003906, -92.5075
2495629.882812, -92.8389
2497155.761719, -93.9613
2498681.640625, -95.9921
2500207.519531, -98.7729
2501733.398438, -101.1307
2503259.277344, -101.1636
2504785.156250, -100.2755
2506311.035156, -100.5201
2507836.914062, -101.6535
2509362.792969, -101.8774
2510888.671875, -101.1615
2512414.550781, -100.7459
2513940.429688, -100.5520
2515466.308594, -100.2377
2516992.187500, -100.1988
2518518.066406, -100.6513
2520043.945312, -101.6478
2521569.824219, -103.3762
2523095.703125, -104.6834
2524621.582031, -103.3442
2526147.460938, -101.1659
2527673.339844, -99.8401
2529199.218750, -99.3831
2530725.097656, -99.4387
2532250.976562, -99.6647
2533776.855469, -99.8678
2535302.734375, -99.9545
2536828.613281, -99.8319
2538354.492188, -99.6973
2539880.371094, -99.8538
2541406.250000, -100.1265
2542932.128906, -99.9127
2544458.007812, -99.1832
2545983.886719, -98.5103
2547509.765625, -97.7864
2549035.644531, -96.5104
2550561.523438, -95.2289
2552087.402344, -94.7416
2553613.281250, -95.2116
2555139.160156, -96.4243
2556665.039062, -98.0940
2558190.917969, -99.8781
2559716.796875, -100.8932
2561242.675781, -100.3111
2562768.554688, -99.3810
2564294.433594, -99.4177
2565820.312500, -100.4316
2567346.191406, -101.2639
2568872.070312, -100.8575
2570397.949219, -99.8208
2571923.828125, -98.9149
2573449.707031, -98.3408
2574975.585938, -98.1347
2576501.464844, -98.2823
2578027.343750, -98.2991
2579553.222656, -97.8436
2581079.101562, -97.4512
2582604.980469, -97.4128
2584130.859375, -97.6668
2585656.738281, -98.3115
2587182.617188, -99.4771
2588708.496094, -101.2479
2590234.375000, -103.6677
2591760.253906, -106.4545
2593286.132812, -108.1216
2594812.011719, -107.2485
2596337.890625, -105.9005
2597863.769531, -105.4801
2599389.648438, -105.3287
2600915.527344, -103.7126
2602441.406250, -101.7705
2603967.285156, -101.3078
2605493.164062, -102.5424
2607019.042969, -104.0586
2608544.921875, -103.1947
2610070.800781, -101.2609
2611596.679688, -100.0243
2613122.558594, -99.4397
2614648.437500, -99.1566
2616174.316406, -99.2093
2617700.195312, -99.3424
2619226.074219, -99.1961
2620751.953125, -99.6464
2622277.832031, -101.5289
2623803.710938, -103.6790
2625329.589844, -103.7479
2626855.468750, -103.8847
2628381.347656, -106.4813
2629907.226562, -114.7263
2631433.105469, -111.5055
2632958.984375, -104.1413
2634484.863281, -100.8965
2636010.742188, -99.5283
2637536.621094, -99.1977
2639062.500000, -99.1305
2640588.378906, -98.8310
2642114.257812, -98.5668
2643640.136719, -98.9348
2645166.015625, -99.9944
2646691.894531, -100.8781
2648217.773438, -100.8692
2649743.652344, -100.4678
2651269.531250, -100.2395
2652795.410156, -100.0795
2654321.289062, -99.3326
2655847.167969, -97.9542
2657373.046875, -96.6121
2658898.925781, -95.7481
2660424.804688, -95.5483
2661950.683594, -96.1239
2663476.562500, -97.4624
2665002.441406, -99.2032
2666528.320312, -100.5191
2668054.199219, -101.0233
2669580.078125, -101.7698
2671105.957031, -103.7188
2672631.835938, -106.0640
2674157.714844, -106.0812
2675683.593750, -104.8303
2677209.472656, -105.1470
2678735.351562, -107.0212
2680261.230469, -106.9999
2681787.109375, -105.8375
2683312.988281, -105.2574
2684838.867188, -105.4829
2686364.746094, -107.7704
2687890.625000, -109.8457
2689416.503906, -104.4712
2690942.382812, -99.6621
2692468.261719, -97.0671
2693994.140625, -96.0098
2695520.019531, -95.5033
2697045.898438, -94.9629
2698571.777344, -94.7809
2700097.656250, -95.5416
2701623.535156, -97.4039
2703149.414062, -99.7276
2704675.292969, -100.9332
2706201.171875, -100.8917
2707727.050781, -100.9151
2709252.929688, -101.3873
2710778.808594, -102.2377
2712304.687500, -104.0795
2713830.566406, -107.2569
2715356.445312, -106.3622
2716882.324219, -102.1072
2718408.203125, -99.1138
2719934.082031, -97.2539
2721459.960938, -96.1903
2722985.839844, -95.8847
2724511.718750, -96.3626
2726037.597656, -97.4774
2727563.476562, -98.7181
2729089.355469, -99.2262
2730615.234375, -98.7061
2732141.113281, -97.6656
2733666.992188, -96.6569
2735192.871094, -95.9589
2736718.750000, -95.5532
2738244.628906, -95.3493
2739770.507812, -95.3855
2741296.386719, -95.7572
2742822.265625, -96.5008
2744348.144531, -97.5226
2745874.023438, -98.4873
2747399.902344, -98.9148
2748925.781250, -98.6108
2750451.660156, -98.0419
2751977.539062, -97.7274
2753503.417969, -97.5543
2755029.296875, -97.3050
2756555.175781, -97.3998
2758081.054688, -98.3725
2759606.933594, -100.3696
2761132.812500, -103.5156
2762658.691406, -108.3322
2764184.570312, -115.5538
2765710.449219, -112.4490
2767236.328125, -107.7155
2768762.207031, -106.1897
2770288.085938, -105.9579
2771813.964844, -105.9277
2773339.843750, -106.2535
2774865.722656, -107.1710
2776391.601562, -108.4461
2777917.480469, -110.1200
2779443.359375, -113.1293
2780969.238281, -118.9062
2782495.117188, -126.3846
2784020.996094, -122.0794
2785546.875000, -113.2438
2787072.753906, -107.6542
2788598.632812, -104.3494
2790124.511719, -102.2940
2791650.390625, -100.9929
2793176.269531, -100.3576
2794702.148438, -100.3314
2796228.027344, -100.7265
2797753.906250, -101.2130
2799279.785156, -101.2793
2800805.664062, -100.9780
2802331.542969, -101.2962
2803857.421875, -102.8632
2805383.300781, -105.3029
2806909.179688, -107.2691
2808435.058594, -107.8224
2809960.937500, -107.0541
2811486.816406, -105.3037
2813012.695312, -103.3277
2814538.574219, -101.6919
2816064.453125, -100.7558
2817590.332031, -100.8302
2819116.210938, -102.1503
2820642.089844, -104.9972
2822167.968750, -110.4357
2823693.847656, -114.1286
2825219.726562, -104.5442
2826745.605469, -98.9250
2828271.484375, -95.5491
2829797.363281, -93.6722
2831323.242188, -92.9715
2832849.121094, -93.2081
2834375.000000, -94.1688
2835900.878906, -95.8444
2837426.757812, -98.5850
2838952.636719, -103.2404
2840478.515625, -113.0927
2842004.394531, -112.7665
2843530.273438, -106.4839
2845056.152344, -105.3004
2846582.031250, -106.0226
2848107.910156, -106.4637
2849633.789062, -105.1855
2851159.667969, -103.3474
2852685.546875, -102.4247
2854211.425781, -102.5700
2855737.304688, -103.2767
2857263.183594, -103.9142
2858789.062500, -104.1186
2860314.941406, -104.3088
2861840.820312, -104.7529
2863366.699219, -104.6485
2864892.578125, -103.1965
2866418.457031, -101.1133
2867944.335938, -99.4910
2869470.214844, -98.6599
2870996.093750, -98.3193
2872521.972656, -98.1073
2874047.851562, -97.9205
2875573.730469, -97.8212
2877099.609375, -97.8630
2878625.488281, -97.6738
2880151.367188, -97.1007
2881677.246094, -96.7061
2883203.125000, -96.9038
2884729.003906, -97.7013
2886254.882812, -98.8157
2887780.761719, -100.0183
2889306.640625, -101.3081
2890832.519531, -102.2437
2892358.398438, -102.1921
2893884.277344, -101.8773
2895410.156250, -101.7613
2896936.035156, -101.2722
2898461.914062, -100.3813
2899987.792969, -100.1287
2901513.671875, -101.4734
2903039.550781, -104.6202
2904565.429688, -108.3228
2906091.308594, -111.0517
2907617.187500, -117.4127
2909143.066406, -117.1993
2910668.945312, -106.5445
2912194.824219, -102.5463
2913720.703125, -100.7763
2915246.582031, -99.9482
2916772.460938, -99.5669
2918298.339844, -99.5881
2919824.218750, -100.0750
2921350.097656, -100.8636
2922875.976562, -101.3004
2924401.855469, -100.3418
2925927.734375, -98.4871
2927453.613281, -96.9497
2928979.492188, -96.0040
2930505.371094, -95.6760
2932031.250000, -96.1913
2933557.128906, -97.8592
2935083.007812, -100.7391
2936608.886719, -104.1886
2938134.765625, -107.7821
2939660.644531, -112.2215
2941186.523438, -111.5138
2942712.402344, -108.9573
2944238.281250, -110.4712
2945764.160156, -117.0421
2947290.039062, -108.3304
2948815.917969, -103.6383
2950341.796875, -102.7512
2951867.675781, -104.2912
2953393.554688, -107.4580
2954919.433594, -112.0419
2956445.312500, -107.3179
2957971.191406, -100.9970
2959497.070312, -97.1581
2961022.949219, -94.8695
2962548.828125, -93.6403
2964074.707031, -93.1118
2965600.585938, -93.0428
2967126.464844, -93.3731
2968652.343750, -94.1826
2970178.222656, -95.5029
2971704.101562, -97.0633
2973229.980469, -98.4324
2974755.859375, -99.3909
2976281.738281, -99.7052
2977807.617188, -99.4327
2979333.496094, -98.9669
2980859.375000, -98.6528
2982385.253906, -98.3921
2983911.132812, -97.6631
2985437.011719, -96.4280
2986962.890625, -95.3197
2988488.769531, -94.8930
2990014.648438, -95.1697
2991540.527344, -95.7558
2993066.406250, -96.3180
2994592.285156, -97.0204
2996118.164062, -98.2822
2997644.042969, -100.1474
2999169.921875, -102.1373
3000695.800781, -103.6336
3002221.679688, -104.1126
3003747.558594, -103.4281
3005273.437500, -101.9154
3006799.316406, -100.2114
3008325.195312, -99.0241
3009851.074219, -98.6700
3011376.953125, -98.9128
3012902.832031, -99.3404
3014428.710938, -100.1214
3015954.589844, -101.7863
3017480.468750, -104.5358
3019006.347656, -108.2808
3020532.226562, -113.3794
3022058.105469, -119.7472
3023583.984375, -112.9484
3025109.863281, -108.0526
3026635.742188, -106.2358
3028161.621094, -106.2171
3029687.500000, -106.4181
3031213.378906, -106.0446
3032739.257812, -106.1660
3034265.136719, -107.0178
3035791.015625, -107.2072
3037316.894531, -104.9951
3038842.773438, -101.9929
3040368.652344, -99.8738
3041894.531250, -98.8320
3043420.410156, -98.7684
3044946.289062, -99.6448
3046472.167969, -101.2840
3047998.046875, -103.2423
3049523.925781, -105.2147
3051049.804688, -106.2608
3052575.683594, -104.7191
3054101.562500, -102.4315
3055627.441406, -100.9931
3057153.320312, -100.3629
3058679.199219, -100.1212
3060205.078125, -99.9166
3061730.957031, -99.7089
3063256.835938, -99.8682
3064782.714844, -100.9443
3066308.593750, -103.4463
3067834.472656, -106.9650
3069360.351562, -106.1837
3070886.230469, -102.5999
3072412.109375, -99.9651
3073937.988281, -98.0542
3075463.867188, -96.8464
3076989.746094, -96.7079
3078515.625000, -98.0027
3080041.503906, -100.6322
3081567.382812, -103.1384
3083093.261719, -103.2573
3084619.140625, -101.9665
3086145.019531, -101.5455
3087670.898438, -102.3794
3089196.777344, -102.8266
3090722.656250, -101.6768
3092248.535156, -101.0930
3093774.414062, -102.1167
3095300.292969, -103.7733
3096826.171875, -104.3513
3098352.050781, -103.5930
3099877.929688, -102.2504
3101403.808594, -101.0005
3102929.687500, -100.6805
3104455.566406, -101.9508
3105981.445312, -104.6916
3107507.324219, -107.6483
3109033.203125, -107.4465
3110559.082031, -105.1007
3112084.960938, -104.3404
3113610.839844, -105.3907
3115136.718750, -106.9601
3116662.597656, -108.1520
3118188.476562, -109.9994
3119714.355469, -111.8723
3121240.234375, -111.6139
3122766.113281, -112.2915
3124291.992188, -116.8628
3125817.871094, -114.6845
3127343.750000, -107.7536
3128869.628906, -104.4644
3130395.507812, -103.4431
3131921.386719, -103.6505
3133447.265625, -103.1770
3134973.144531, -101.7029
3136499.023438, -101.3317
3138024.902344, -103.2747
3139550.781250, -108.5251
3141076.660156, -119.2994
3142602.539062, -117.6451
3144128.417969, -110.6937
3145654.296875, -104.7970
3147180.175781, -101.0434
3148706.054688, -99.0228
3150231.933594, -98.2306
3151757.812500, -98.2367
3153283.691406, -98.6514
3154809.570312, -99.1964
3156335.449219, -99.9052
3157861.328125, -100.8573
3159387.207031, -101.3110
3160913.085938, -100.3728
3162438.964844, -98.8616
3163964.843750, -97.7946
3165490.722656, -97.1765
3167016.601562, -96.4492
3168542.480469, -95.4337
3170068.359375, -94.6279
3171594.238281, -94.5639
3173120.117188, -95.3964
3174645.996094, -96.7613
3176171.875000, -97.8575
3177697.753906, -98.1988
3179223.632812, -97.9563
3180749.511719, -97.1739
3182275.390625, -96.0029
3183801.269531, -95.0291
3185327.148438, -94.6417
3186853.027344, -94.8759
3188378.906250, -95.6085
3189904.785156, -96.6670
3191430.664062, -97.8006
3192956.542969, -98.7189
3194482.421875, -99.4687
3196008.300781, -100.5794
3197534.179688, -102.5789
3199060.058594, -105.6823
3200585.937500, -108.9142
3202111.816406, -107.5264
3203637.695312, -103.7125
3205163.574219, -100.9907
3206689.453125, -99.4685
3208215.332031, -98.8916
3209741.210938, -98.9612
3211267.089844, -99.1649
3212792.968750, -98.8148
3214318.847656, -97.9262
3215844.726562, -97.2531
3217370.605469, -96.9644
3218896.484375, -96.6231
3220422.363281, -96.0678
3221948.242188, -95.6738
3223474.121094, -95.7779
3225000.000000, -96.3211
3226525.878906, -97.1131
3228051.757812, -98.1103
3229577.636719, -99.4512
3231103.515625, -101.3516
3232629.394531, -103.2470
3234155.273438, -103.4774
3235681.152344, -102.1696
3237207.031250, -100.5549
3238732.910156, -99.0634
3240258.789062, -98.1335
3241784.667969, -98.2954
3243310.546875, -99.7817
3244836.425781, -102.2579
3246362.304688, -104.5974
3247888.183594, -106.1369
3249414.062500, -108.2216
3250939.941406, -111.4157
3252465.820312, -111.5602
3253991.699219, -111.4770
3255517.578125, -116.4243
3257043.457031, -115.8187
3258569.335938, -108.3438
3260095.214844, -104.8818
3261621.093750, -103.4019
3263146.972656, -103.4130
3264672.851562, -104.7357
3266198.730469, -107.0702
3267724.609375, -109.7033
3269250.488281, -108.2401
3270776.367188, -103.8110
3272302.246094, -100.6761
3273828.125000, -99.2028
3275354.003906, -99.3049
3276879.882812, -100.9185
3278405.761719, -103.9964
3279931.640625, -108.4724
3281457.519531, -114.7756
3282983.398438, -124.4991
3284509.277344, -122.4350
3286035.156250, -114.7680
3287561.035156, -106.8362
3289086.914062, -101.5115
3290612.792969, -98.4597
3292138.671875, -96.8125
3293664.550781, -95.7783
3295190.429688, -94.9953
3296716.308594, -94.6483
3298242.187500, -95.0690
3299768.066406, -96.3252
3301293.945312, -98.0689
3302819.824219, -99.6965
3304345.703125, -100.9930
3305871.582031, -102.4261
3307397.460938, -104.2409
3308923.339844, -104.9710
3310449.218750, -103.8154
3311975.097656, -102.8740
3313500.976562, -103.1645
3315026.855469, -105.1890
3316552.734375, -110.0619
3318078.613281, -122.3731
3319604.492188, -110.8543
3321130.371094, -104.4032
3322656.250000, -100.9143
3324182.128906, -99.2951
3325708.007812, -99.3921
3327233.886719, -101.1226
3328759.765625, -104.4480
3330285.644531, -109.5585
3331811.523438, -115.2306
3333337.402344, -112.1031
3334863.281250, -108.0234
3336389.160156, -106.0733
3337915.039062, -105.2642
3339440.917969, -104.9469
3340966.796875, -105.4270
3342492.675781, -106.4373
3344018.554688, -105.5721
3345544.433594, -102.7987
3347070.312500, -100.6098
3348596.191406, -99.8352
3350122.070312, -100.2684
3351647.949219, -101.1388
3353173.828125, -101.7738
3354699.707031, -102.2411
3356225.585938, -103.1674
3357751.464844, -105.3211
3359277.343750, -108.8631
3360803.222656, -112.2487
3362329.101562, -112.7075
3363854.980469, -111.9747
3365380.859375, -113.7160
3366906.738281, -117.7790
3368432.617188, -116.6313
3369958.496094, -109.4490
3371484.375000, -103.7958
3373010.253906, -100.3009
3374536.132812, -98.1190
3376062.011719, -96.7096
3377587.890625, -95.9675
3379113.769531, -95.9500
3380639.648438, -96.5950
3382165.527344, -97.7494
3383691.406250, -99.4132
3385217.285156, -101.8199
3386743.164062, -104.8578
3388269.042969, -107.1535
3389794.921875, -107.9915
3391320.800781, -107.4237
3392846.679688, -104.8843
3394372.558594, -101.7479
3395898.437500, -99.1888
3397424.316406, -97.5502
3398950.195312, -96.7422
3400476.074219, -96.2982
3402001.953125, -95.7096
3403527.832031, -94.7610
3405053.710938, -93.8010
3406579.589844, -93.3802
3408105.468750, -93.4679
3409631.347656, -93.4798
3411157.226562, -92.9988
3412683.105469, -92.3374
3414208.984375, -92.1266
3415734.863281, -92.7374
3417260.742188, -94.1555
3418786.621094, -96.0730
3420312.500000, -98.3111
3421838.378906, -101.3171
3423364.257812, -105.9306
3424890.136719, -112.4225
3426416.015625, -115.3793
3427941.894531, -116.8225
3429467.773438, -115.2783
3430993.652344, -108.4054
3432519.531250, -105.0392
3434045.410156, -102.7962
3435571.289062, -100.1666
3437097.167969, -98.1294
3438623.046875, -97.1155
3440148.925781, -96.6716
3441674.804688, -96.4122
3443200.683594, -96.3654
3444726.562500, -96.7795
3446252.441406, -97.9174
3447778.320312, -100.0352
3449304.199219, -103.5543
3450830.078125, -108.8828
3452355.957031, -114.2820
3453881.835938, -115.1104
3455407.714844, -111.7073
3456933.593750, -107.4611
3458459.472656, -103.8863
3459985.351562, -101.5886
3461511.230469, -100.3851
3463037.109375, -99.6312
3464562.988281, -99.1817
3466088.867188, -99.3481
3467614.746094, -100.2942
3469140.625000, -101.9872
3470666.503906, -104.1600
3472192.382812, -106.1171
3473718.261719, -107.2968
3475244.140625, -108.1260
3476770.019531, -109.1773
3478295.898438, -110.1370
3479821.777344, -110.4813
3481347.656250, -109.7004
3482873.535156, -107.0712
3484399.414062, -103.6382
3485925.292969, -100.8877
3487451.171875, -99.3753
3488977.050781, -98.8908
3490502.929688, -99.1272
3492028.808594, -100.1918
3493554.687500, -102.4001
3495080.566406, -105.9583
3496606.445312, -111.5648
3498132.324219, -115.5955
3499658.203125, -109.7721
3501184.082031, -106.7183
3502709.960938, -105.9946
3504235.839844, -106.5108
3505761.718750, -106.3843
3507287.597656, -105.5154
3508813.476562, -105.4816
3510339.355469, -105.9494
3511865.234375, -105.1811
3513391.113281, -102.8713
3514916.992188, -100.6484
3516442.871094, -99.5051
3517968.750000, -99.3215
3519494.628906, -99.4668
3521020.507812, -99.5646
3522546.386719, -99.5455
3524072.265625, -99.5441
3525598.144531, -100.1371
3527124.023438, -101.7765
3528649.902344, -104.5412
3530175.781250, -108.7421
3531701.660156, -114.2933
3533227.539062, -113.0053
3534753.417969, -108.7520
3536279.296875, -106.0034
3537805.175781, -104.3731
3539331.054688, -103.5735
3540856.933594, -103.1991
3542382.812500, -102.7582
3543908.691406, -102.6892
3545434.570312, -103.1220
3546960.449219, -101.7785
3548486.328125, -98.8361
3550012.207031, -96.7100
3551538.085938, -95.8946
3553063.964844, -96.1991
3554589.843750, -97.1901
3556115.722656, -98.2944
3557641.601562, -99.1604
3559167.480469, -99.8818
3560693.359375, -100.6337
3562219.238281, -101.2849
3563745.117188, -101.9032
3565270.996094, -102.7702
3566796.875000, -103.1314
3568322.753906, -101.8912
3569848.632812, -100.0316
3571374.511719, -98.9794
3572900.390625, -99.1386
3574426.269531, -100.1020
3575952.148438, -101.1533
3577478.027344, -102.3217
3579003.906250, -104.5936
3580529.785156, -109.2709
3582055.664062, -119.8163
3583581.542969, -116.6875
3585107.421875, -109.6299
3586633.300781, -106.0473
3588159.179688, -104.0652
3589685.058594, -103.0818
3591210.937500, -102.9833
3592736.816406, -104.6414
3594262.695312, -109.4382
3595788.574219, -109.2702
3597314.453125, -103.6926
3598840.332031, -100.4545
3600366.210938, -98.0928
3601892.089844, -96.1939
3603417.968750, -95.1388
3604943.847656, -95.3125
3606469.726562, -96.5414
3607995.605469, -97.8940
3609521.484375, -98.6500
3611047.363281, -99.1846
3612573.242188, -100.0765
3614099.121094, -101.8276
3615625.000000, -104.5527
3617150.878906, -104.3550
3618676.757812, -100.7769
3620202.636719, -98.6858
3621728.515625, -98.4477
3623254.394531, -99.4634
3624780.273438, -100.4800
3626306.152344, -100.3381
3627832.031250, -99.9235
3629357.910156, -100.3323
3630883.789062, -101.8688
3632409.667969, -104.5081
3633935.546875, -105.8807
3635461.425781, -102.5528
3636987.304688, -98.9795
3638513.183594, -96.6571
3640039.062500, -95.5004
3641564.941406, -95.4660
3643090.820312, -96.4977
3644616.699219, -98.2108
3646142.578125, -99.7877
3647668.457031, -100.8325
3649194.335938, -101.7608
3650720.214844, -102.9188
3652246.093750, -104.2033
3653771.972656, -105.2416
3655297.851562, -105.6585
3656823.730469, -104.8833
3658349.609375, -103.1788
3659875.488281, -101.6664
3661401.367188, -100.7962
3662927.246094, -100.3600
3664453.125000, -100.1342
3665979.003906, -100.1526
3667504.882812, -100.6973
3669030.761719, -102.0603
3670556.640625, -103.9447
3672082.519531, -105.4158
3673608.398438, -105.9741
3675134.277344, -105.5340
3676660.156250, -104.3951
3678186.035156, -103.4549
3679711.914062, -103.1549
3681237.792969, -103.2470
3682763.671875, -103.3508
3684289.550781, -103.6202
3685815.429688, -104.3673
3687341.308594, -105.0024
3688867.187500, -104.9517
3690393.066406, -104.9160
3691918.945312, -105.4142
3693444.824219, -106.4158
3694970.703125, -107.3324
3696496.582031, -107.6229
3698022.460938, -106.5597
3699548.339844, -104.0081
3701074.218750, -101.6304
3702600.097656, -100.0160
3704125.976562, -99.1748
3705651.855469, -99.2930
3707177.734375, -100.5212
3708703.613281, -102.7848
3710229.492188, -105.8024
3711755.371094, -107.9796
3713281.250000, -106.5447
3714807.128906, -104.6179
3716333.007812, -104.6053
3717858.886719, -106.8971
3719384.765625, -109.8550
3720910.644531, -107.6378
3722436.523438, -103.7546
3723962.402344, -100.7593
3725488.281250, -98.8149
3727014.160156, -98.1087
3728540.039062, -98.7399
3730065.917969, -100.5538
3731591.796875, -102.8033
3733117.675781, -104.2800
3734643.554688, -105.3340
3736169.433594, -106.6505
3737695.312500, -107.1172
3739221.191406, -105.7534
3740747.070312, -103.5985
3742272.949219, -101.8700
3743798.828125, -100.8751
3745324.707031, -100.5869
3746850.585938, -100.8231
3748376.464844, -101.3770
3749902.343750, -102.4079
3751428.222656, -104.4349
3752954.101562, -108.1148
3754479.980469, -113.6026
3756005.859375, -112.9834
3757531.738281, -108.5635
3759057.617188, -105.4493
3760583.496094, -102.9830
3762109.375000, -101.0511
3763635.253906, -99.8492
3765161.132812, -99.5223
3766687.011719, -99.8931
3768212.890625, -100.5987
3769738.769531, -101.4786
3771264.648438, -102.1660
3772790.527344, -102.1199
3774316.406250, -101.3392
3775842.285156, -99.9453
3777368.164062, -98.3603
3778894.042969, -97.2666
3780419.921875, -97.2257
3781945.800781, -98.7087
3783471.679688, -102.0074
3784997.558594, -105.0189
3786523.437500, -103.5964
3788049.316406, -101.8008
3789575.195312, -100.7461
3791101.074219, -100.0567
3792626.953125, -100.1921
3794152.832031, -102.1236
3795678.710938, -106.0793
3797204.589844, -107.7987
3798730.468750, -107.0965
3800256.347656, -106.6215
3801782.226562, -104.4927
3803308.105469, -101.2805
3804833.984375, -98.8213
3806359.863281, -98.1474
3807885.742188, -99.2122
3809411.621094, -101.2252
3810937.500000, -103.2854
3812463.378906, -105.3655
3813989.257812, -105.7878
3815515.136719, -102.0243
3817041.015625, -98.4391
3818566.894531, -96.1252
3820092.773438, -94.6887
3821618.652344, -94.0431
3823144.531250, -94.3262
3824670.410156, -95.5055
3826196.289062, -97.1055
3827722.167969, -98.5795
3829248.046875, -100.4635
3830773.925781, -104.1983
3832299.804688, -110.1189
3833825.683594, -110.5250
3835351.562500, -109.3093
3836877.441406, -107.5720
3838403.320312, -105.5666
3839929.199219, -105.1404
3841455.078125, -106.4622
3842980.957031, -110.1248
3844506.835938, -111.8316
3846032.714844, -109.7204
3847558.593750, -109.7358
3849084.472656, -107.8511
3850610.351562, -105.7086
3852136.230469, -105.0313
3853662.109375, -103.6814
3855187.988281, -101.1674
3856713.867188, -99.7662
3858239.746094, -99.9874
3859765.625000, -100.9743
3861291.503906, -102.0216
3862817.382812, -103.5727
3864343.261719, -106.2878
3865869.140625, -106.8629
3867395.019531, -102.9741
3868920.898438, -99.7665
3870446.777344, -97.4483
3871972.656250, -95.7642
3873498.535156, -94.7821
3875024.414062, -94.5971
3876550.292969, -95.1742
3878076.171875, -96.2187
3879602.050781, -97.2788
3881127.929688, -98.1857
3882653.808594, -99.2141
3884179.687500, -100.4559
3885705.566406, -101.1797
3887231.445312, -100.6198
3888757.324219, -99.5506
3890283.203125, -99.1050
3891809.082031, -99.6815
3893334.960938, -100.8667
3894860.839844, -101.5926
3896386.718750, -101.4727
3897912.597656, -101.2002
3899438.476562, -101.2798
3900964.355469, -101.5461
3902490.234375, -102.1447
3904016.113281, -104.4532
3905541.992188, -110.6720
3907067.871094, -110.1456
3908593.750000, -104.5244
3910119.628906, -102.2459
3911645.507812, -100.8194
3913171.386719, -98.9181
3914697.265625, -97.0305
3916223.144531, -95.9111
3917749.023438, -95.3937
3919274.902344, -94.8824
3920800.781250, -94.3759
3922326.660156, -94.4340
3923852.539062, -95.3755
3925378.417969, -96.8586
3926904.296875, -98.2253
3928430.175781, -99.4330
3929956.054688, -100.6745
3931481.933594, -101.9667
3933007.812500, -103.8057
3934533.691406, -107.9862
3936059.570312, -115.8663
3937585.449219, -110.0947
3939111.328125, -107.3511
3940637.207031, -107.4085
3942163.085938, -107.8870
3943688.964844, -106.9809
3945214.843750, -105.2561
3946740.722656, -104.0356
3948266.601562, -102.8117
3949792.480469, -100.8070
3951318.359375, -99.1101
3952844.238281, -98.4591
3954370.117188, -98.9287
3955895.996094, -100.4146
3957421.875000, -101.7856
3958947.753906, -101.3865
3960473.632812, -100.2566
3961999.511719, -99.3616
3963525.390625, -98.6736
3965051.269531, -98.2720
3966577.148438, -98.4288
3968103.027344, -99.2182
3969628.906250, -100.4672
3971154.785156, -102.0630
3972680.664062, -103.9271
3974206.542969, -105.4476
3975732.421875, -106.2030
3977258.300781, -106.4546
3978784.179688, -105.6008
3980310.058594, -103.5310
3981835.937500, -101.7529
3983361.816406, -101.3813
3984887.695312, -102.6276
3986413.574219, -105.4352
3987939.453125, -110.5620
3989465.332031, -124.2637
3990991.210938, -109.6701
3992517.089844, -103.0985
3994042.968750, -99.5744
3995568.847656, -97.8824
3997094.726562, -97.6576
3998620.605469, -98.6094
4000146.484375, -100.3649
4001672.363281, -102.3623
4003198.242188, -103.7600
4004724.121094, -104.3637
4006250.000000, -105.2168
4007775.878906, -106.7116
4009301.757812, -107.9982
4010827.636719, -108.7324
4012353.515625, -109.6139
4013879.394531, -108.8996
4015405.273438, -106.3797
4016931.152344, -106.2612
4018457.031250, -111.2236
4019982.910156, -127.6847
4021508.789062, -111.2926
4023034.667969, -109.0584
4024560.546875, -109.0842
4026086.425781, -109.7306
4027612.304688, -111.1160
4029138.183594, -113.1260
4030664.062500, -114.1322
4032189.941406, -112.5062
4033715.820312, -109.3499
4035241.699219, -105.6128
4036767.578125, -102.6414
4038293.457031, -100.9903
4039819.335938, -100.6452
4041345.214844, -101.9915
4042871.093750, -106.2955
4044396.972656, -119.6265
4045922.851562, -108.1289
4047448.730469, -101.5671
4048974.609375, -98.2685
4050500.488281, -96.6251
4052026.367188, -96.0956
4053552.246094, -96.4490
4055078.125000, -97.6140
4056604.003906, -99.7292
4058129.882812, -103.1788
4059655.761719, -107.8388
4061181.640625, -109.8559
4062707.519531, -108.1630
4064233.398438, -106.3787
4065759.277344, -105.3353
4067285.156250, -104.7607
4068811.035156, -104.0151
4070336.914062, -102.9839
4071862.792969, -102.2353
4073388.671875, -102.5785
4074914.550781, -103.7400
4076440.429688, -103.8931
4077966.308594, -102.8552
4079492.187500, -102.0975
4081018.066406, -101.8934
4082543.945312, -100.9801
4084069.824219, -98.7871
4085595.703125, -96.8200
4087121.582031, -95.6317
4088647.460938, -94.9601
4090173.339844, -94.5618
4091699.218750, -94.4561
4093225.097656, -94.8396
4094750.976562, -95.8828
4096276.855469, -97.9247
4097802.734375, -102.1884
4099328.613281, -114.8268
4100854.492188, -106.6487
4102380.371094, -100.4039
4103906.250000, -97.5506
4105432.128906, -95.7142
4106958.007812, -94.4389
4108483.886719, -93.9762
4110009.765625, -94.6958
4111535.644531, -96.7291
4113061.523438, -99.6854
4114587.402344, -102.4889
4116113.281250, -104.3996
4117639.160156, -105.7364
4119165.039062, -105.2171
4120690.917969, -102.5590
4122216.796875, -100.2886
4123742.675781, -99.2939
4125268.554688, -99.5427
4126794.433594, -100.1350
4128320.312500, -99.6285
4129846.191406, -98.4547
4131372.070312, -97.6850
4132897.949219, -97.4349
4134423.828125, -97.4963
4135949.707031, -97.9666
4137475.585938, -99.2876
4139001.464844, -102.0122
4140527.343750, -106.8003
4142053.222656, -114.4347
4143579.101562, -123.3120
4145104.980469, -118.0056
4146630.859375, -110.6753
4148156.738281, -106.4548
4149682.617188, -104.6880
4151208.496094, -104.4812
4152734.375000, -104.6337
4154260.253906, -104.3625
4155786.132812, -103.8849
4157312.011719, -103.5283
4158837.890625, -103.1969
4160363.769531, -102.8579
4161889.648438, -103.0899
4163415.527344, -104.4598
4164941.406250, -105.7438
4166467.285156, -104.9069
4167993.164062, -103.9640
4169519.042969, -103.7242
4171044.921875, -103.0614
4172570.800781, -101.4185
4174096.679688, -99.5235
4175622.558594, -98.2490
4177148.437500, -97.9666
4178674.316406, -98.7903
4180200.195312, -100.7832
4181726.074219, -101.9871
4183251.953125, -99.3865
4184777.832031, -96.7354
4186303.710938, -95.4888
4187829.589844, -95.3673
4189355.468750, -96.0009
4190881.347656, -97.1649
4192407.226562, -98.7890
4193933.105469, -100.6748
4195458.984375, -101.7926
4196984.863281, -100.9544
4198510.742188, -99.3228
4200036.621094, -98.2864
4201562.500000, -98.2960
4203088.378906, -99.5121
4204614.257812, -102.0255
4206140.136719, -105.7810
4207666.015625, -110.6391
4209191.894531, -117.0262
4210717.773438, -117.1022
4212243.652344, -112.7016
4213769.531250, -113.2838
4215295.410156, -120.5789
4216821.289062, -115.9516
4218347.167969, -107.8500
4219873.046875, -103.0975
4221398.925781, -100.4319
4222924.804688, -98.9770
4224450.683594, -97.9830
4225976.562500, -97.1407
4227502.441406, -96.6331
4229028.320312, -96.8664
4230554.199219, -98.1303
4232080.078125, -100.6132
4233605.957031, -104.7650
4235131.835938, -111.9603
4236657.714844, -111.1412
4238183.593750, -105.0847
4239709.472656, -102.5961
4241235.351562, -102.6853
4242761.230469, -104.7900
4244287.109375, -105.2217
4245812.988281, -102.0190
4247338.867188, -99.1493
4248864.746094, -96.9743
4250390.625000, -95.4442
4251916.503906, -94.9253
4253442.382812, -95.8558
4254968.261719, -98.6046
4256494.140625, -102.8077
4258020.019531, -102.6866
4259545.898438, -98.9374
4261071.777344, -96.3405
4262597.656250, -94.7696
4264123.535156, -93.8856
4265649.414062, -93.7330
4267175.292969, -94.6181
4268701.171875, -96.8453
4270227.050781, -100.4310
4271752.929688, -103.8746
4273278.808594, -103.0440
4274804.687500, -100.1991
4276330.566406, -98.3445
4277856.445312, -97.9366
4279382.324219, -98.7904
4280908.203125, -100.3568
4282434.082031, -101.9614
4283959.960938, -103.6062
4285485.839844, -105.8297
4287011.718750, -107.1902
4288537.597656, -105.0279
4290063.476562, -101.9367
4291589.355469, -100.3844
4293115.234375, -100.8788
4294641.113281, -103.4049
4296166.992188, -108.3652
4297692.871094, -117.4019
4299218.750000, -112.6741
4300744.628906, -106.2973
4302270.507812, -102.8996
4303796.386719, -101.9478
4305322.265625, -103.3888
4306848.144531, -107.5090
4308374.023438, -109.4410
4309899.902344, -104.2861
4311425.781250, -101.3628
4312951.660156, -100.1561
4314477.539062, -99.6072
4316003.417969, -99.3395
4317529.296875, -99.4620
4319055.175781, -99.9311
4320581.054688, -100.2106
4322106.933594, -100.1264
4323632.812500, -100.2618
4325158.691406, -100.8327
4326684.570312, -101.5966
4328210.449219, -102.6656
4329736.328125, -104.8330
4331262.207031, -108.2298
4332788.085938, -110.5613
4334313.964844, -112.8326
4335839.843750, -120.6452
4337365.722656, -114.5201
4338891.601562, -107.1261
4340417.480469, -103.8995
4341943.359375, -103.1693
4343469.238281, -104.6337
4344995.117188, -108.8723
4346520.996094, -120.5340
4348046.875000, -114.6749
4349572.753906, -108.8030
4351098.632812, -107.3682
4352624.511719, -107.0608
4354150.390625, -105.5273
4355676.269531, -103.9713
4357202.148438, -103.4663
4358728.027344, -103.5212
4360253.906250, -103.3442
4361779.785156, -102.8087
4363305.664062, -102.2905
4364831.542969, -102.0020
4366357.421875, -102.2333
4367883.300781, -103.4400
4369409.179688, -105.6572
4370935.058594, -107.6585
4372460.937500, -108.2304
4373986.816406, -108.5786
4375512.695312, -110.6040
4377038.574219, -118.4625
4378564.453125, -119.1404
4380090.332031, -110.5247
4381616.210938, -107.2663
4383142.089844, -105.1617
4384667.968750, -103.2743
4386193.847656, -101.6243
4387719.726562, -100.7489
4389245.605469, -100.9704
4390771.484375, -102.2385
4392297.363281, -104.4617
4393823.242188, -107.8621
4395349.121094, -110.5763
4396875.000000, -105.3929
4398400.878906, -101.2916
4399926.757812, -99.4601
4401452.636719, -98.8040
4402978.515625, -98.1649
4404504.394531, -96.6219
4406030.273438, -94.9915
4407556.152344, -94.2611
4409082.031250, -94.4134
4410607.910156, -94.9734
4412133.789062, -95.5178
4413659.667969, -95.9570
4415185.546875, -96.4645
4416711.425781, -97.2890
4418237.304688, -98.5247
4419763.183594, -99.8320
4421289.062500, -100.6408
4422814.941406, -100.6689
4424340.820312, -100.3899
4425866.699219, -100.1600
4427392.578125, -99.4280
4428918.457031, -97.7772
4430444.335938, -96.0830
4431970.214844, -95.3958
4433496.093750, -95.7571
4435021.972656, -96.2421
4436547.851562, -96.0229
4438073.730469, -95.7083
4439599.609375, -96.0729
4441125.488281, -96.9222
4442651.367188, -97.4573
4444177.246094, -97.5976
4445703.125000, -97.9810
4447229.003906, -98.8807
4448754.882812, -100.0917
4450280.761719, -101.1374
4451806.640625, -101.5339
4453332.519531, -101.2690
4454858.398438, -100.6306
4456384.277344, -100.0010
4457910.156250, -100.2048
4459436.035156, -101.8385
4460961.914062, -104.6456
4462487.792969, -108.2503
4464013.671875, -114.1644
4465539.550781, -127.0904
4467065.429688, -109.8218
4468591.308594, -104.2907
4470117.187500, -102.2207
4471643.066406, -102.0707
4473168.945312, -102.3868
4474694.824219, -102.0380
4476220.703125, -101.7924
4477746.582031, -102.6810
4479272.460938, -104.7252
4480798.339844, -106.5560
4482324.218750, -105.7613
4483850.097656, -103.6668
4485375.976562, -102.0799
4486901.855469, -101.1168
4488427.734375, -100.7607
4489953.613281, -101.0567
4491479.492188, -101.8575
4493005.371094, -102.7799
4494531.250000, -103.2242
4496057.128906, -103.1100
4497583.007812, -103.1441
4499108.886719, -103.5834
4500634.765625, -103.7119
4502160.644531, -102.8622
4503686.523438, -101.4156
4505212.402344, -100.1105
4506738.281250, -99.4212
4508264.160156, -99.4996
4509790.039062, -100.4926
4511315.917969, -102.8121
4512841.796875, -107.2046
4514367.675781, -112.3076
4515893.554688, -110.4733
4517419.433594, -109.3741
4518945.312500, -109.8461
4520471.191406, -109.5591
4521997.070312, -109.2136
4523522.949219, -110.0255
4525048.828125, -111.4641
4526574.707031, -111.5588
4528100.585938, -109.7262
4529626.464844, -108.1770
4531152.343750, -108.7881
4532678.222656, -113.5314
4534204.101562, -123.5664
4535729.980469, -108.4104
4537255.859375, -102.4283
4538781.738281, -98.7095
4540307.617188, -96.3171
4541833.496094, -95.1146
4543359.375000, -95.0401
4544885.253906, -95.9137
4546411.132812, -97.2968
4547937.011719, -98.1252
4549462.890625, -98.3234
4550988.769531, -99.6421
4552514.648438, -103.3955
4554040.527344, -110.4360
4555566.406250, -112.5908
4557092.285156, -109.1578
4558618.164062, -108.0836
4560144.042969, -107.9292
4561669.921875, -109.1509
4563195.800781, -113.9996
4564721.679688, -109.8230
4566247.558594, -103.0956
4567773.437500, -99.8401
4569299.316406, -98.6772
4570825.195312, -99.0052
4572351.074219, -100.4725
4573876.953125, -102.8861
4575402.832031, -106.3497
4576928.710938, -111.3172
4578454.589844, -114.1703
4579980.468750, -109.2893
4581506.347656, -105.1394
4583032.226562, -102.6209
4584558.105469, -101.6189
4586083.984375, -101.9088
4587609.863281, -102.9548
4589135.742188, -104.1007
4590661.621094, -105.4249
4592187.500000, -108.5416
4593713.378906, -113.9187
4595239.257812, -112.5940
4596765.136719, -112.4441
4598291.015625, -108.3966
4599816.894531, -102.9850
4601342.773438, -100.4905
4602868.652344, -99.8731
4604394.531250, -99.9019
4605920.410156, -99.7415
4607446.289062, -99.4515
4608972.167969, -99.6121
4610498.046875, -100.4928
4612023.925781, -101.2313
4613549.804688, -100.3042
4615075.683594, -98.0151
4616601.562500, -95.9346
4618127.441406, -94.7909
4619653.320312, -94.4646
4621179.199219, -94.5850
4622705.078125, -95.1541
4624230.957031, -96.5545
4625756.835938, -99.0671
4627282.714844, -102.8655
4628808.593750, -108.4788
4630334.472656, -117.0594
4631860.351562, -122.0430
4633386.230469, -117.7769
4634912.109375, -113.6345
4636437.988281, -109.3369
4637963.867188, -106.0674
4639489.746094, -104.3285
4641015.625000, -104.0582
4642541.503906, -105.6840
4644067.382812, -110.4377
4645593.261719, -117.6800
4647119.140625, -115.3784
4648645.019531, -113.8410
4650170.898438, -114.0221
4651696.777344, -110.5756
4653222.656250, -103.3002
4654748.535156, -98.9734
4656274.414062, -96.8342
4657800.292969, -95.8829
4659326.171875, -95.4586
4660852.050781, -95.3138
4662377.929688, -95.3869
4663903.808594, -95.6061
4665429.687500, -96.0097
4666955.566406, -96.8639
4668481.445312, -98.4916
4670007.324219, -101.0284
4671533.203125, -103.6079
4673059.082031, -103.1973
4674584.960938, -100.8778
4676110.839844, -99.6520
4677636.718750, -100.0088
4679162.597656, -101.4275
4680688.476562, -102.8089
4682214.355469, -103.1476
4683740.234375, -102.5372
4685266.113281, -101.6443
4686791.992188, -100.9697
4688317.871094, -100.7918
4689843.750000, -101.0637
4691369.628906, -101.6151
4692895.507812, -102.3835
4694421.386719, -103.0756
4695947.265625, -103.3294
4697473.144531, -103.2999
4698999.023438, -103.0813
4700524.902344, -102.5287
4702050.781250, -101.7452
4703576.660156, -101.1719
4705102.539062, -101.4432
4706628.417969, -103.2126
4708154.296875, -107.0868
4709680.175781, -113.9937
4711206.054688, -119.2930
4712731.933594, -112.2375
4714257.812500, -108.7639
4715783.691406, -107.7375
4717309.570312, -109.0214
4718835.449219, -116.4213
4720361.328125, -112.7586
4721887.207031, -103.5207
4723413.085938, -99.5837
4724938.964844, -97.7025
4726464.843750, -96.8942
4727990.722656, -96.7946
4729516.601562, -97.4397
4731042.480469, -99.1053
4732568.359375, -102.0724
4734094.238281, -106.1040
4735620.117188, -108.9123
4737145.996094, -108.0231
4738671.875000, -106.2124
4740197.753906, -105.2015
4741723.632812, -104.2256
4743249.511719, -102.1661
4744775.390625, -100.6784
4746301.269531, -101.2550
4747827.148438, -103.9507
4749353.027344, -105.4480
4750878.906250, -103.1667
4752404.785156, -100.7366
4753930.664062, -98.6334
4755456.542969, -96.9770
4756982.421875, -96.1768
4758508.300781, -96.3351
4760034.179688, -97.1606
4761560.058594, -98.2566
4763085.937500, -99.4540
4764611.816406, -100.7042
4766137.695312, -101.8094
4767663.574219, -102.9083
4769189.453125, -105.0128
4770715.332031, -107.3745
4772241.210938, -104.1857
4773767.089844, -101.3037
4775292.968750, -100.5096
4776818.847656, -100.4547
4778344.726562, -100.1887
4779870.605469, -100.1419
4781396.484375, -101.2355
4782922.363281, -104.0684
4784448.242188, -108.6272
4785974.121094, -112.2102
4787500.000000, -110.3209
4789025.878906, -106.9700
4790551.757812, -104.3943
4792077.636719, -102.8545
4793603.515625, -102.2580
4795129.394531, -102.3817
4796655.273438, -103.0994
4798181.152344, -104.7125
4799707.031250, -107.3205
4801232.910156, -108.5840
4802758.789062, -107.4950
4804284.667969, -106.2569
4805810.546875, -104.8911
4807336.425781, -103.4170
4808862.304688, -102.0636
4810388.183594, -100.9266
4811914.062500, -99.9691
4813439.941406, -99.3784
4814965.820312, -99.3846
4816491.699219, -99.8388
4818017.578125, -100.3408
4819543.457031, -100.6260
4821069.335938, -100.8701
4822595.214844, -101.4210
4824121.093750, -102.0403
4825646.972656, -102.1911
4827172.851562, -102.2446
4828698.730469, -102.6891
4830224.609375, -103.2473
4831750.488281, -103.4363
4833276.367188, -103.4603
4834802.246094, -103.9443
4836328.125000, -104.9270
4837854.003906, -105.7117
4839379.882812, -105.8681
4840905.761719, -106.1872
4842431.640625, -108.0123
4843957.519531, -112.2978
4845483.398438, -120.0099
4847009.277344, -126.1256
4848535.156250, -117.4784
4850061.035156, -111.7083
4851586.914062, -108.9435
4853112.792969, -108.8059
4854638.671875, -110.0956
4856164.550781, -109.8463
4857690.429688, -107.8403
4859216.308594, -106.6426
4860742.187500, -106.0885
4862268.066406, -104.8187
4863793.945312, -103.2620
4865319.824219, -102.6542
4866845.703125, -103.5999
4868371.582031, -106.4731
4869897.460938, -109.7597
4871423.339844, -106.0956
4872949.218750, -101.7034
4874475.097656, -99.0184
4876000.976562, -97.5603
4877526.855469, -96.8584
4879052.734375, -96.3628
4880578.613281, -95.5955
4882104.492188, -94.7378
4883630.371094, -94.4655
4885156.250000, -95.1239
4886682.128906, -96.4525
4888208.007812, -97.8403
4889733.886719, -99.0388
4891259.765625, -100.5195
4892785.644531, -102.8208
4894311.523438, -104.6938
4895837.402344, -103.0312
4897363.281250, -100.3816
4898889.160156, -98.3915
4900415.039062, -96.9318
4901940.917969, -96.1009
4903466.796875, -96.2348
4904992.675781, -97.6568
4906518.554688, -100.7817
4908044.433594, -106.8103
4909570.312500, -122.5343
4911096.191406, -111.2733
4912622.070312, -106.7689
4914147.949219, -104.3953
4915673.828125, -102.5748
4917199.707031, -101.5936
4918725.585938, -101.8796
4920251.464844, -103.1605
4921777.343750, -103.8939
4923303.222656, -102.0943
4924829.101562, -99.2135
4926354.980469, -97.3511
4927880.859375, -96.9148
4929406.738281, -97.4943
4930932.617188, -98.2061
4932458.496094, -98.2441
4933984.375000, -97.7788
4935510.253906, -97.6657
4937036.132812, -98.3123
4938562.011719, -99.3748
4940087.890625, -100.3205
4941613.769531, -100.9349
4943139.648438, -101.6279
4944665.527344, -103.4064
4946191.406250, -106.9653
4947717.285156, -111.9000
4949243.164062, -111.5403
4950769.042969, -105.5883
4952294.921875, -101.8327
4953820.800781, -100.4069
4955346.679688, -100.6781
4956872.558594, -101.8817
4958398.437500, -103.4461
4959924.316406, -105.8095
4961450.195312, -111.6070
4962976.074219, -120.8311
4964501.953125, -107.5521
4966027.832031, -104.0422
4967553.710938, -103.5061
4969079.589844, -104.8667
4970605.468750, -107.9769
4972131.347656, -111.7580
4973657.226562, -109.9241
4975183.105469, -106.7814
4976708.984375, -105.5916
4978234.863281, -106.4260
4979760.742188, -109.0533
4981286.621094, -111.4071
4982812.500000, -110.1298
4984338.378906, -106.8127
4985864.257812, -103.7225
4987390.136719, -101.7907
4988916.015625, -101.2512
4990441.894531, -101.4110
4991967.773438, -101.2771
4993493.652344, -101.1425
4995019.531250, -102.0192
4996545.410156, -104.1957
4998071.289062, -105.9477
4999597.167969, -105.7287
5001123.046875, -105.3672
5002648.925781, -105.5274
5004174.804688, -106.2850
5005700.683594, -108.4574
5007226.562500, -115.0636
5008752.441406, -118.4015
5010278.320312, -108.5023
5011804.199219, -105.5701
5013330.078125, -104.6266
5014855.957031, -103.5496
5016381.835938, -101.8207
5017907.714844, -99.9935
5019433.593750, -98.6668
5020959.472656, -98.1684
5022485.351562, -98.5175
5024011.230469, -99.6148
5025537.109375, -101.3790
5027062.988281, -103.9747
5028588.867188, -108.6224
5030114.746094, -113.0041
5031640.625000, -105.2453
5033166.503906, -100.8685
5034692.382812, -98.8392
5036218.261719, -98.1774
5037744.140625, -98.2542
5039270.019531, -98.5225
5040795.898438, -98.8033
5042321.777344, -99.3548
5043847.656250, -100.6836
5045373.535156, -103.6636
5046899.414062, -110.7243
5048425.292969, -119.4213
5049951.171875, -106.4837
5051477.050781, -102.0380
5053002.929688, -99.6017
5054528.808594, -98.2052
5056054.687500, -97.5563
5057580.566406, -97.6821
5059106.445312, -98.6565
5060632.324219, -100.3581
5062158.203125, -102.9595
5063684.082031, -108.1627
5065209.960938, -114.5698
5066735.839844, -106.8536
5068261.718750, -105.0344
5069787.597656, -107.4462
5071313.476562, -112.9242
5072839.355469, -110.4697
5074365.234375, -104.5882
5075891.113281, -101.4424
5077416.992188, -99.9335
5078942.871094, -98.9770
5080468.750000, -98.1560
5081994.628906, -97.5091
5083520.507812, -97.3354
5085046.386719, -97.8711
5086572.265625, -98.8256
5088098.144531, -99.3790
5089624.023438, -99.0203
5091149.902344, -98.1407
5092675.781250, -97.3247
5094201.660156, -96.8336
5095727.539062, -96.6608
5097253.417969, -96.7888
5098779.296875, -97.4332
5100305.175781, -98.9773
5101831.054688, -101.5331
5103356.933594, -104.1799
5104882.812500, -105.0314
5106408.691406, -104.4697
5107934.570312, -104.5014
5109460.449219, -105.8024
5110986.328125, -107.6038
5112512.207031, -108.9855
5114038.085938, -108.6038
5115563.964844, -106.7218
5117089.843750, -105.6081
5118615.722656, -104.9760
5120141.601562, -103.9854
5121667.480469, -103.0476
5123193.359375, -103.2418
5124719.238281, -105.7729
5126245.117188, -111.6731
5127770.996094, -109.2246
5129296.875000, -104.8961
5130822.753906, -103.6944
5132348.632812, -104.4214
5133874.511719, -106.6060
5135400.390625, -110.2498
5136926.269531, -110.5754
5138452.148438, -104.4545
5139978.027344, -100.2591
5141503.906250, -98.2042
5143029.785156, -97.4697
5144555.664062, -97.1562
5146081.542969, -96.7635
5147607.421875, -96.5794
5149133.300781, -97.1464
5150659.179688, -98.5569
5152185.058594, -100.3682
5153710.937500, -102.1449
5155236.816406, -103.8706
5156762.695312, -106.6775
5158288.574219, -113.3364
5159814.453125, -123.5402
5161340.332031, -113.6307
5162866.210938, -109.1721
5164392.089844, -108.4828
5165917.968750, -112.4362
5167443.847656, -120.8052
5168969.726562, -118.4082
5170495.605469, -113.9788
5172021.484375, -108.9110
5173547.363281, -106.1138
5175073.242188, -105.1133
5176599.121094, -105.1290
5178125.000000, -104.8708
5179650.878906, -103.5488
5181176.757812, -102.3972
5182702.636719, -102.5360
5184228.515625, -104.4037
5185754.394531, -107.3284
5187280.273438, -107.0007
5188806.152344, -104.1952
5190332.031250, -102.0023
5191857.910156, -100.0711
5193383.789062, -98.0352
5194909.667969, -96.1512
5196435.546875, -94.8989
5197961.425781, -94.5876
5199487.304688, -95.1977
5201013.183594, -96.3560
5202539.062500, -97.5064
5204064.941406, -98.5295
5205590.820312, -100.0220
5207116.699219, -102.6938
5208642.578125, -106.7150
5210168.457031, -109.8058
5211694.335938, -108.0004
5213220.214844, -106.2974
5214746.093750, -107.3771
5216271.972656, -111.6858
5217797.851562, -111.2988
5219323.730469, -106.1609
5220849.609375, -103.5366
5222375.488281, -102.9656
5223901.367188, -104.3971
5225427.246094, -108.8977
5226953.125000, -120.8641
5228479.003906, -108.4848
5230004.882812, -103.3195
5231530.761719, -101.2943
5233056.640625, -100.9102
5234582.519531, -101.4929
5236108.398438, -102.5389
5237634.277344, -103.3129
5239160.156250, -103.3816
5240686.035156, -103.3306
5242211.914062, -103.9049
5243737.792969, -105.7432
5245263.671875, -108.5893
5246789.550781, -107.4755
5248315.429688, -103.7503
5249841.308594, -101.3020
5251367.187500, -100.0341
5252893.066406, -99.5963
5254418.945312, -99.6801
5255944.824219, -99.9303
5257470.703125, -100.2639
5258996.582031, -100.9631
5260522.460938, -102.4031
5262048.339844, -104.5007
5263574.218750, -106.2925
5265100.097656, -107.8623
5266625.976562, -110.3540
5268151.855469, -112.8064
5269677.734375, -112.6322
5271203.613281, -110.6220
5272729.492188, -109.0646
5274255.371094, -108.3139
5275781.250000, -106.5851
5277307.128906, -103.7016
5278833.007812, -100.9680
5280358.886719, -98.6246
5281884.765625, -96.8019
5283410.644531, -95.8007
5284936.523438, -95.8175
5286462.402344, -96.7676
5287988.281250, -98.2550
5289514.160156, -99.9150
5291040.039062, -102.2157
5292565.917969, -106.9480
5294091.796875, -121.7986
5295617.675781, -114.7566
5297143.554688, -112.2990
5298669.433594, -114.9081
5300195.312500, -116.0355
5301721.191406, -113.6198
5303247.070312, -108.0705
5304772.949219, -104.1409
5306298.828125, -102.5019
5307824.707031, -102.2844
5309350.585938, -102.1969
5310876.464844, -101.6561
5312402.343750, -101.0666
5313928.222656, -99.8532
5315454.101562, -97.9241
5316979.980469, -96.3923
5318505.859375, -95.6706
5320031.738281, -95.6086
5321557.617188, -95.9129
5323083.496094, -96.2766
5324609.375000, -96.5435
5326135.253906, -96.7428
5327661.132812, -96.9689
5329187.011719, -97.3536
5330712.890625, -98.1035
5332238.769531, -99.4366
5333764.648438, -101.4239
5335290.527344, -104.0425
5336816.406250, -107.7486
5338342.285156, -114.7840
5339868.164062, -127.0462
5341394.042969, -114.3220
5342919.921875, -112.4844
5344445.800781, -112.2755
5345971.679688, -111.0050
5347497.558594, -110.5893
5349023.437500, -109.4650
5350549.316406, -106.7142
5352075.195312, -103.7794
5353601.074219, -101.3725
5355126.953125, -99.9117
5356652.832031, -99.1255
5358178.710938, -98.6529
5359704.589844, -98.5596
5361230.468750, -99.1902
5362756.347656, -100.8479
5364282.226562, -103.4201
5365808.105469, -106.0991
5367333.984375, -107.9866
5368859.863281, -109.1871
5370385.742188, -109.5821
5371911.621094, -108.0793
5373437.500000, -105.3113
5374963.378906, -103.4103
5376489.257812, -103.7080
5378015.136719, -106.8731
5379541.015625, -113.0048
5381066.894531, -118.0659
5382592.773438, -115.8588
5384118.652344, -112.9790
5385644.531250, -110.5889
5387170.410156, -106.9671
5388696.289062, -103.3963
5390222.167969, -101.0925
5391748.046875, -100.4433
5393273.925781, -101.1968
5394799.804688, -102.5009
5396325.683594, -102.8559
5397851.562500, -101.7971
5399377.441406, -100.9377
5400903.320312, -101.1947
5402429.199219, -102.4420
5403955.078125, -104.2538
5405480.957031, -106.5926
5407006.835938, -110.6245
5408532.714844, -115.0389
5410058.593750, -111.9409
5411584.472656, -110.9510
5413110.351562, -113.4843
5414636.230469, -120.4123
5416162.109375, -112.8936
5417687.988281, -107.2153
5419213.867188, -104.7047
5420739.746094, -103.7382
5422265.625000, -103.7015
5423791.503906, -104.3321
5425317.382812, -106.0770
5426843.261719, -110.2802
5428369.140625, -111.8548
5429895.019531, -106.7885
5431420.898438, -104.2281
5432946.777344, -102.8669
5434472.656250, -102.0675
5435998.535156, -102.3247
5437524.414062, -103.7901
5439050.292969, -105.6618
5440576.171875, -105.3216
5442102.050781, -102.5043
5443627.929688, -99.8675
5445153.808594, -98.3729
5446679.687500, -98.0711
5448205.566406, -98.6437
5449731.445312, -99.5710
5451257.324219, -100.4427
5452783.203125, -100.9292
5454309.082031, -100.5703
5455834.960938, -99.7190
5457360.839844, -99.4499
5458886.718750, -100.1593
5460412.597656, -101.4694
5461938.476562, -102.8747
5463464.355469, -104.1681
5464990.234375, -105.6811
5466516.113281, -108.2227
5468041.992188, -111.5609
5469567.871094, -113.9016
5471093.750000, -115.3081
5472619.628906, -118.2014
5474145.507812, -119.5024
5475671.386719, -113.4633
5477197.265625, -111.7191
5478723.144531, -113.9044
5480249.023438, -118.1423
5481774.902344, -117.8228
5483300.781250, -113.3504
5484826.660156, -110.9278
5486352.539062, -112.1282
5487878.417969, -119.6622
5489404.296875, -121.8449
5490930.175781, -112.9867
5492456.054688, -109.9210
5493981.933594, -107.8240
5495507.812500, -105.6869
5497033.691406, -104.0467
5498559.570312, -103.6210
5500085.449219, -104.4323
5501611.328125, -105.5382
5503137.207031, -105.8171
5504663.085938, -105.5942
5506188.964844, -105.5180
5507714.843750, -104.7385
5509240.722656, -103.0289
5510766.601562, -101.8842
5512292.480469, -101.4957
5513818.359375, -101.0855
5515344.238281, -100.1067
5516870.117188, -98.5164
5518395.996094, -96.8297
5519921.875000, -95.6300
5521447.753906, -95.1582
5522973.632812, -95.4110
5524499.511719, -96.2662
5526025.390625, -97.5673
5527551.269531, -99.3157
5529077.148438, -102.0700
5530603.027344, -106.9721
5532128.906250, -109.2455
5533654.785156, -104.9684
5535180.664062, -102.8703
5536706.542969, -102.5900
5538232.421875, -103.7480
5539758.300781, -106.1034
5541284.179688, -109.1815
5542810.058594, -112.9435
5544335.937500, -114.1268
5545861.816406, -112.3815
5547387.695312, -113.8242
5548913.574219, -123.3219
5550439.453125, -118.0235
5551965.332031, -109.9545
5553491.210938, -105.7044
5555017.089844, -102.8909
5556542.968750, -101.2946
5558068.847656, -100.9561
5559594.726562, -101.5278
5561120.605469, -102.1697
5562646.484375, -102.3723
5564172.363281, -102.5917
5565698.242188, -103.7113
5567224.121094, -106.3115
5568750.000000, -109.2390
5570275.878906, -110.3553
5571801.757812, -112.1911
5573327.636719, -115.2920
5574853.515625, -115.7758
5576379.394531, -114.9793
5577905.273438, -115.5228
5579431.152344, -116.3386
5580957.031250, -112.7412
5582482.910156, -109.5310
5584008.789062, -108.0313
5585534.667969, -107.4865
5587060.546875, -107.3901
5588586.425781, -107.1087
5590112.304688, -105.8613
5591638.183594, -103.8908
5593164.062500, -102.3468
5594689.941406, -101.8894
5596215.820312, -102.3994
5597741.699219, -103.2993
5599267.578125, -104.2128
5600793.457031, -105.2910
5602319.335938, -103.8869
5603845.214844, -100.0983
5605371.093750, -97.6275
5606896.972656, -96.6536
5608422.851562, -96.6052
5609948.730469, -97.1499
5611474.609375, -98.2295
5613000.488281, -99.5196
5614526.367188, -100.0171
5616052.246094, -99.4612
5617578.125000, -98.8231
5619104.003906, -98.5634
5620629.882812, -98.4039
5622155.761719, -97.8807
5623681.640625, -97.0271
5625207.519531, -96.3661
5626733.398438, -96.4028
5628259.277344, -97.4759
5629785.156250, -99.7678
5631311.035156, -103.2018
5632836.914062, -107.1201
5634362.792969, -111.2379
5635888.671875, -119.5723
5637414.550781, -123.6143
5638940.429688, -115.1082
5640466.308594, -110.7113
5641992.187500, -106.7526
5643518.066406, -104.7986
5645043.945312, -105.3088
5646569.824219, -108.8132
5648095.703125, -115.9000
5649621.582031, -114.1415
5651147.460938, -113.1594
5652673.339844, -118.9514
5654199.218750, -107.3358
5655725.097656, -100.9127
5657250.976562, -97.5149
5658776.855469, -95.2745
5660302.734375, -93.4171
5661828.613281, -92.0530
5663354.492188, -91.5074
5664880.371094, -91.8594
5666406.250000, -93.0105
5667932.128906, -94.7966
5669458.007812, -96.8634
5670983.886719, -98.6079
5672509.765625, -99.6978
5674035.644531, -100.2493
5675561.523438, -100.4029
5677087.402344, -100.2903
5678613.281250, -100.1390
5680139.160156, -100.2808
5681665.039062, -101.1172
5683190.917969, -102.9397
5684716.796875, -105.4618
5686242.675781, -106.3854
5687768.554688, -103.8589
5689294.433594, -100.9311
5690820.312500, -99.0066
5692346.191406, -97.9052
5693872.070312, -97.0993
5695397.949219, -96.3081
5696923.828125, -95.7411
5698449.707031, -95.7802
5699975.585938, -96.5839
5701501.464844, -97.9982
5703027.343750, -99.8871
5704553.222656, -102.8932
5706079.101562, -110.0817
5707604.980469, -114.3911
5709130.859375, -103.6604
5710656.738281, -100.3045
5712182.617188, -99.5191
5713708.496094, -100.2184
5715234.375000, -101.5483
5716760.253906, -102.3547
5718286.132812, -102.5531
5719812.011719, -103.5024
5721337.890625, -106.2714
5722863.769531, -112.2017
5724389.648438, -126.4031
5725915.527344, -114.8963
5727441.406250, -110.9399
5728967.285156, -110.3498
5730493.164062, -111.9732
5732019.042969, -111.1362
5733544.921875, -106.4070
5735070.800781, -103.0850
5736596.679688, -101.0545
5738122.558594, -99.6336
5739648.437500, -98.6736
5741174.316406, -98.2795
5742700.195312, -98.1955
5744226.074219, -97.8940
5745751.953125, -97.2804
5747277.832031, -96.7561
5748803.710938, -96.5258
5750329.589844, -96.5059
5751855.468750, -96.6973
5753381.347656, -97.1366
5754907.226562, -97.8717
5756433.105469, -99.0442
5757958.984375, -100.6753
5759484.863281, -102.5740
5761010.742188, -104.5099
5762536.621094, -106.7624
5764062.500000, -110.3684
5765588.378906, -113.0384
5767114.257812, -110.3335
5768640.136719, -108.5638
5770166.015625, -107.9552
5771691.894531, -107.4021
5773217.773438, -107.0327
5774743.652344, -107.0215
5776269.531250, -106.8845
5777795.410156, -106.6508
5779321.289062, -106.8020
5780847.167969, -107.3861
5782373.046875, -108.0594
5783898.925781, -108.4029
5785424.804688, -108.1494
5786950.683594, -107.2458
5788476.562500, -106.2257
5790002.441406, -105.7624
5791528.320312, -106.0651
5793054.199219, -107.0007
5794580.078125, -107.9030
5796105.957031, -107.3531
5797631.835938, -105.3031
5799157.714844, -103.1889
5800683.593750, -101.5795
5802209.472656, -99.7619
5803735.351562, -97.6676
5805261.230469, -96.0568
5806787.109375, -95.0587
5808312.988281, -94.3851
5809838.867188, -93.9383
5811364.746094, -94.0414
5812890.625000, -95.1289
5814416.503906, -97.3972
5815942.382812, -100.5425
5817468.261719, -102.5538
5818994.140625, -100.9452
5820520.019531, -98.5526
5822045.898438, -97.3443
5823571.777344, -97.3328
5825097.656250, -97.7998
5826623.535156, -98.0210
5828149.414062, -98.0685
5829675.292969, -98.7846
5831201.171875, -100.9623
5832727.050781, -104.8797
5834252.929688, -110.3104
5835778.808594, -115.1945
5837304.687500, -119.9974
5838830.566406, -121.7342
5840356.445312, -109.8455
5841882.324219, -104.5972
5843408.203125, -101.3047
5844934.082031, -98.9129
5846459.960938, -97.1722
5847985.839844, -96.0798
5849511.718750, -95.6440
5851037.597656, -95.9566
5852563.476562, -97.4428
5854089.355469, -100.6637
5855615.234375, -105.1440
5857141.113281, -106.5736
5858666.992188, -104.8587
5860192.871094, -102.7953
5861718.750000, -100.7327
5863244.628906, -99.3945
5864770.507812, -99.3920
5866296.386719, -100.9301
5867822.265625, -103.9083
5869348.144531, -107.1771
5870874.023438, -107.3378
5872399.902344, -104.7208
5873925.781250, -101.9104
5875451.660156, -99.7101
5876977.539062, -98.2935
5878503.417969, -97.4731
5880029.296875, -96.9365
5881555.175781, -96.5214
5883081.054688, -96.3178
5884606.933594, -96.5331
5886132.812500, -97.0710
5887658.691406, -97.5433
5889184.570312, -98.0747
5890710.449219, -99.3023
5892236.328125, -101.6907
5893762.207031, -105.1924
5895288.085938, -108.6484
5896813.964844, -111.7434
5898339.843750, -117.9145
5899865.722656, -128.3077
5901391.601562, -115.4434
5902917.480469, -112.7508
5904443.359375, -114.0558
5905969.238281, -116.8906
5907495.117188, -111.3299
5909020.996094, -104.5508
5910546.875000, -100.8783
5912072.753906, -99.4160
5913598.632812, -99.0333
5915124.511719, -98.7864
5916650.390625, -98.7758
5918176.269531, -100.2313
5919702.148438, -105.2845
5921228.027344, -108.4065
5922753.906250, -100.9659
5924279.785156, -97.6745
5925805.664062, -96.0810
5927331.542969, -95.0929
5928857.421875, -94.6194
5930383.300781, -95.0090
5931909.179688, -96.4658
5933435.058594, -98.6011
5934960.937500, -100.5637
5936486.816406, -102.3983
5938012.695312, -104.5710
5939538.574219, -106.0096
5941064.453125, -105.5101
5942590.332031, -105.2729
5944116.210938, -107.2177
5945642.089844, -111.8549
5947167.968750, -117.5120
5948693.847656, -117.9737
5950219.726562, -115.7941
5951745.605469, -111.6192
5953271.484375, -107.4853
5954797.363281, -104.8002
5956323.242188, -103.5048
5957849.121094, -103.6482
5959375.000000, -105.3810
5960900.878906, -108.5540
5962426.757812, -111.9477
5963952.636719, -113.7142
5965478.515625, -115.7251
5967004.394531, -129.9535
5968530.273438, -114.4576
5970056.152344, -108.6337
5971582.031250, -106.2329
5973107.910156, -103.5291
5974633.789062, -100.0368
5976159.667969, -97.1275
5977685.546875, -95.3083
5979211.425781, -94.4822
5980737.304688, -94.4423
5982263.183594, -95.0383
5983789.062500, -96.1930
5985314.941406, -97.8279
5986840.820312, -99.7740
5988366.699219, -101.3738
5989892.578125, -101.7256
5991418.457031, -101.7491
5992944.335938, -102.4538
5994470.214844, -103.3911
5995996.093750, -103.2955
5997521.972656, -101.9240
5999047.851562, -100.5410
6000573.730469, -99.6755
6002099.609375, -99.0301
6003625.488281, -98.4052
6005151.367188, -98.2192
6006677.246094, -99.1045
6008203.125000, -101.4486
6009729.003906, -105.2053
6011254.882812, -110.0709
6012780.761719, -116.4730
6014306.640625, -110.1389
6015832.519531, -104.0933
6017358.398438, -101.0897
6018884.277344, -99.9046
6020410.156250, -99.8361
6021936.035156, -100.4153
6023461.914062, -101.4674
6024987.792969, -103.0701
6026513.671875, -105.3198
6028039.550781, -107.7513
6029565.429688, -108.2860
6031091.308594, -105.3548
6032617.187500, -101.4647
6034143.066406, -98.5087
6035668.945312, -96.8551
6037194.824219, -96.3395
6038720.703125, -96.7065
6040246.582031, -98.0430
6041772.460938, -101.1387
6043298.339844, -108.2367
6044824.218750, -110.6562
6046350.097656, -103.8035
6047875.976562, -101.2081
6049401.855469, -100.0839
6050927.734375, -99.7531
6052453.613281, -100.6018
6053979.492188, -103.2465
6055505.371094, -107.9484
6057031.250000, -114.8939
6058557.128906, -126.4547
6060083.007812, -117.6412
6061608.886719, -113.9397
6063134.765625, -112.3913
6064660.644531, -111.6881
6066186.523438, -111.9454
6067712.402344, -108.2942
6069238.281250, -102.5359
6070764.160156, -98.7001
6072290.039062, -96.5562
6073815.917969, -95.5646
6075341.796875, -95.2744
6076867.675781, -95.5282
6078393.554688, -96.4989
6079919.433594, -98.5116
6081445.312500, -102.0350
6082971.191406, -107.9452
6084497.070312, -116.7159
6086022.949219, -112.3756
6087548.828125, -108.7553
6089074.707031, -106.3641
6090600.585938, -103.8281
6092126.464844, -102.0150
6093652.343750, -101.1325
6095178.222656, -101.0007
6096704.101562, -101.8033
6098229.980469, -104.2708
6099755.859375, -109.7565
6101281.738281, -112.7693
6102807.617188, -106.7589
6104333.496094, -103.3303
6105859.375000, -101.4893
6107385.253906, -100.6416
6108911.132812, -100.2709
6110437.011719, -99.4641
6111962.890625, -98.2346
6113488.769531, -97.5481
6115014.648438, -97.6118
6116540.527344, -97.9495
6118066.406250, -98.2320
6119592.285156, -98.8044
6121118.164062, -100.4105
6122644.042969, -103.9986
6124169.921875, -110.9327
6125695.800781, -106.7878
6127221.679688, -101.1364
6128747.558594, -98.4213
6130273.437500, -97.0750
6131799.316406, -96.5094
6133325.195312, -96.7873
6134851.074219, -98.0658
6136376.953125, -100.1604
6137902.832031, -102.5078
6139428.710938, -104.6133
6140954.589844, -106.3773
6142480.468750, -106.8648
6144006.347656, -104.8643
6145532.226562, -101.9671
6147058.105469, -99.8777
6148583.984375, -99.0758
6150109.863281, -99.4213
6151635.742188, -100.5326
6153161.621094, -102.1668
6154687.500000, -104.2862
6156213.378906, -105.9765
6157739.257812, -105.7550
6159265.136719, -104.0261
6160791.015625, -101.6780
6162316.894531, -99.2434
6163842.773438, -97.1729
6165368.652344, -96.1144
6166894.531250, -96.5836
6168420.410156, -98.9800
6169946.289062, -104.0609
6171472.167969, -113.4585
6172998.046875, -109.4207
6174523.925781, -104.8221
6176049.804688, -103.1262
6177575.683594, -103.1249
6179101.562500, -104.5632
6180627.441406, -107.6649
6182153.320312, -109.9796
6183679.199219, -106.3730
6185205.078125, -103.5712
6186730.957031, -102.9279
6188256.835938, -103.7663
6189782.714844, -105.4110
6191308.593750, -108.0785
6192834.472656, -112.8354
6194360.351562, -119.1634
6195886.230469, -120.8449
6197412.109375, -119.7498
6198937.988281, -113.1029
6200463.867188, -107.6542
6201989.746094, -104.4053
6203515.625000, -102.7496
6205041.503906, -102.1726
6206567.382812, -102.3493
6208093.261719, -103.2705
6209619.140625, -104.6253
6211145.019531, -104.1965
6212670.898438, -101.7577
6214196.777344, -99.9417
6215722.656250, -99.2642
6217248.535156, -99.2007
6218774.414062, -99.2377
6220300.292969, -99.5871
6221826.171875, -101.2458
6223352.050781, -106.0326
6224877.929688, -124.9927
6226403.808594, -109.1888
6227929.687500, -104.8722
6229455.566406, -103.4239
6230981.445312, -102.8378
6232507.324219, -102.8454
6234033.203125, -103.5183
6235559.082031, -105.0149
6237084.960938, -107.4153
6238610.839844, -109.4789
6240136.718750, -109.0919
6241662.597656, -107.1536
6243188.476562, -105.4195
6244714.355469, -103.8886
6246240.234375, -102.3180
6247766.113281, -101.3731
6249291.992188, -101.4670
6250817.871094, -102.4038
6252343.750000, -103.5038
6253869.628906, -104.3343
6255395.507812, -105.2424
6256921.386719, -105.9477
6258447.265625, -105.3998
6259973.144531, -104.1508
6261499.023438, -103.8890
6263024.902344, -105.7886
6264550.781250, -111.7232
6266076.660156, -122.2259
6267602.539062, -110.8290
6269128.417969, -108.3367
6270654.296875, -109.3994
6272180.175781, -113.3159
6273706.054688, -113.4238
6275231.933594, -106.5610
6276757.812500, -101.4850
6278283.691406, -98.3813
6279809.570312, -97.1263
6281335.449219, -97.5984
6282861.328125, -99.6882
6284387.207031, -103.7427
6285913.085938, -112.6632
6287438.964844, -115.5689
6288964.843750, -107.5264
6290490.722656, -106.2972
6292016.601562, -108.3271
6293542.480469, -112.6768
6295068.359375, -113.1157
6296594.238281, -109.7627
6298120.117188, -107.8783
6299645.996094, -107.5128
6301171.875000, -109.4142
6302697.753906, -114.8985
6304223.632812, -119.0328
6305749.511719, -113.3724
6307275.390625, -110.9676
6308801.269531, -109.9560
6310327.148438, -108.7972
6311853.027344, -107.9209
6313378.906250, -108.2925
6314904.785156, -111.3054
6316430.664062, -117.2479
6317956.542969, -114.8028
6319482.421875, -116.0910
6321008.300781, -112.1767
6322534.179688, -104.9650
6324060.058594, -101.4271
6325585.937500, -99.6825
6327111.816406, -98.7852
6328637.695312, -98.2218
6330163.574219, -97.7361
6331689.453125, -97.6373
6333215.332031, -98.4284
6334741.210938, -100.1927
6336267.089844, -102.4151
6337792.968750, -104.1510
6339318.847656, -105.4201
6340844.726562, -107.5289
6342370.605469, -110.6115
6343896.484375, -110.7097
6345422.363281, -108.2569
6346948.242188, -106.9022
6348474.121094, -107.4153
6350000.000000, -109.9382
6351525.878906, -113.4230
6353051.757812, -113.8135
6354577.636719, -110.4971
6356103.515625, -107.5277
6357629.394531, -105.8551
6359155.273438, -104.6018
6360681.152344, -102.4610
6362207.031250, -100.0173
6363732.910156, -98.5184
6365258.789062, -98.2305
6366784.667969, -99.0242
6368310.546875, -100.8620
6369836.425781, -104.0056
6371362.304688, -108.1273
6372888.183594, -106.6835
6374414.062500, -102.9306
6375939.941406, -100.6978
6377465.820312, -99.3528
6378991.699219, -98.5486
6380517.578125, -98.4770
6382043.457031, -99.3969
6383569.335938, -101.0923
6385095.214844, -102.9004
6386621.093750, -105.0794
6388146.972656, -111.0258
6389672.851562, -116.2461
6391198.730469, -104.5770
6392724.609375, -101.6185
6394250.488281, -101.6274
6395776.367188, -102.6946
6397302.246094, -103.2253
6398828.125000, -103.3036
6400354.003906, -103.8877
6401879.882812, -104.5197
6403405.761719, -103.4098
6404931.640625, -101.1893
6406457.519531, -99.3384
6407983.398438, -98.2697
6409509.277344, -98.0640
6411035.156250, -98.7618
6412561.035156, -100.4704
6414086.914062, -103.5935
6415612.792969, -109.5636
6417138.671875, -119.2754
6418664.550781, -108.3524
6420190.429688, -103.2450
6421716.308594, -100.2666
6423242.187500, -98.7205
6424768.066406, -98.7504
6426293.945312, -100.5330
6427819.824219, -104.1992
6429345.703125, -109.7898
6430871.582031, -112.1261
6432397.460938, -106.8830
6433923.339844, -102.3446
6435449.218750, -99.0038
6436975.097656, -96.7653
6438500.976562, -95.5768
6440026.855469, -95.2448
6441552.734375, -95.4142
6443078.613281, -95.7523
6444604.492188, -96.2444
6446130.371094, -97.1763
6447656.250000, -98.6736
6449182.128906, -100.2392
6450708.007812, -101.2394
6452233.886719, -102.0722
6453759.765625, -103.6052
6455285.644531, -106.7709
6456811.523438, -113.3231
6458337.402344, -112.0002
6459863.281250, -104.9544
6461389.160156, -101.0990
6462915.039062, -99.0172
6464440.917969, -98.3063
6465966.796875, -98.8763
6467492.675781, -100.5278
6469018.554688, -102.5866
6470544.433594, -104.5126
6472070.312500, -106.9462
6473596.191406, -110.4170
6475122.070312, -113.3739
6476647.949219, -113.1790
6478173.828125, -111.4665
6479699.707031, -110.4405
6481225.585938, -109.7465
6482751.464844, -108.3108
6484277.343750, -107.2335
6485803.222656, -107.8060
6487329.101562, -109.8226
6488854.980469, -111.3192
6490380.859375, -110.9581
6491906.738281, -111.0785
6493432.617188, -115.4156
6494958.496094, -116.5615
6496484.375000, -107.8520
6498010.253906, -104.5561
6499536.132812, -103.6583
6501062.011719, -103.9239
6502587.890625, -104.8238
6504113.769531, -107.0324
6505639.648438, -112.3367
6507165.527344, -112.9583
6508691.406250, -107.4867
6510217.285156, -104.4849
6511743.164062, -102.6887
6513269.042969, -101.7737
6514794.921875, -101.7227
6516320.800781, -103.0501
6517846.679688, -106.5987
6519372.558594, -113.1377
6520898.437500, -124.9335
6522424.316406, -115.5166
6523950.195312, -108.7980
6525476.074219, -106.0088
6527001.953125, -106.7262
6528527.832031, -111.8440
6530053.710938, -114.2613
6531579.589844, -112.9463
6533105.468750, -119.2381
6534631.347656, -126.1116
6536157.226562, -114.8273
6537683.105469, -110.4966
6539208.984375, -107.8202
6540734.863281, -105.7889
6542260.742188, -105.3970
6543786.621094, -108.0567
6545312.500000, -117.3493
6546838.378906, -117.5144
6548364.257812, -109.1524
6549890.136719, -106.3213
6551416.015625, -105.8708
6552941.894531, -106.9313
6554467.773438, -108.3519
6555993.652344, -109.6669
6557519.531250, -110.3915
6559045.410156, -108.0890
6560571.289062, -105.5393
6562097.167969, -105.4832
6563623.046875, -109.0970
6565148.925781, -120.2290
6566674.804688, -111.7953
6568200.683594, -106.5898
6569726.562500, -104.2869
6571252.441406, -103.0177
6572778.320312, -101.8026
6574304.199219, -99.7627
6575830.078125, -97.2421
6577355.957031, -95.3109
6578881.835938, -94.5210
6580407.714844, -94.9217
6581933.593750, -96.0957
6583459.472656, -97.0365
6584985.351562, -97.2190
6586511.230469, -97.6375
6588037.109375, -99.2584
6589562.988281, -102.4274
6591088.867188, -107.5668
6592614.746094, -108.6959
6594140.625000, -102.3677
6595666.503906, -98.5900
6597192.382812, -97.0281
6598718.261719, -97.2326
6600244.140625, -98.9417
6601770.019531, -101.8876
6603295.898438, -104.6887
6604821.777344, -104.2922
6606347.656250, -101.9924
6607873.535156, -99.9445
6609399.414062, -98.7057
6610925.292969, -98.2778
6612451.171875, -98.2605
6613977.050781, -98.3976
6615502.929688, -98.9183
6617028.808594, -99.9465
6618554.687500, -101.2888
6620080.566406, -102.9314
6621606.445312, -105.1856
6623132.324219, -106.0114
6624658.203125, -102.6524
6626184.082031, -99.4744
6627709.960938, -97.8155
6629235.839844, -97.4952
6630761.718750, -98.0369
6632287.597656, -98.7772
6633813.476562, -99.5610
6635339.355469, -100.9002
6636865.234375, -102.6521
6638391.113281, -102.2785
6639916.992188, -100.0669
6641442.871094, -98.6985
6642968.750000, -98.5976
6644494.628906, -99.4773
6646020.507812, -100.8920
6647546.386719, -102.2614
6649072.265625, -102.9282
6650598.144531, -102.8510
6652124.023438, -102.6287
6653649.902344, -102.4948
6655175.781250, -102.3382
6656701.660156, -102.0392
6658227.539062, -101.5301
6659753.417969, -100.7674
6661279.296875, -99.7324
6662805.175781, -98.5183
6664331.054688, -97.2782
6665856.933594, -96.0840
6667382.812500, -95.0895
6668908.691406, -94.5991
6670434.570312, -94.7596
6671960.449219, -95.4058
6673486.328125, -96.2648
6675012.207031, -97.3590
6676538.085938, -99.0962
6678063.964844, -101.7475
6679589.843750, -104.6527
6681115.722656, -106.2833
6682641.601562, -106.2131
6684167.480469, -105.0002
6685693.359375, -103.6640
6687219.238281, -103.1272
6688745.117188, -103.7023
6690270.996094, -104.9862
6691796.875000, -106.0862
6693322.753906, -106.4785
6694848.632812, -106.1598
6696374.511719, -105.4598
6697900.390625, -105.1827
6699426.269531, -105.8818
6700952.148438, -106.9395
6702478.027344, -106.6743
6704003.906250, -104.8908
6705529.785156, -103.2135
6707055.664062, -102.4648
6708581.542969, -102.2085
6710107.421875, -101.8914
6711633.300781, -101.9714
6713159.179688, -103.2263
6714685.058594, -106.3192
6716210.937500, -112.1170
6717736.816406, -112.9790
6719262.695312, -109.0374
6720788.574219, -109.1464
6722314.453125, -111.9298
6723840.332031, -109.4152
6725366.210938, -106.1665
6726892.089844, -104.7965
6728417.968750, -103.6169
6729943.847656, -101.6844
6731469.726562, -99.5983
6732995.605469, -98.0766
6734521.484375, -97.1233
6736047.363281, -96.2913
6737573.242188, -95.2536
6739099.121094, -94.1738
6740625.000000, -93.5752
6742150.878906, -93.8432
6743676.757812, -94.8902
6745202.636719, -96.2693
6746728.515625, -97.8021
6748254.394531, -99.8863
6749780.273438, -102.3407
6751306.152344, -102.3421
6752832.031250, -100.4836
6754357.910156, -99.1288
6755883.789062, -98.0341
6757409.667969, -97.4062
6758935.546875, -97.7484
6760461.425781, -98.8306
6761987.304688, -99.8874
6763513.183594, -100.7035
6765039.062500, -101.7713
6766564.941406, -102.9902
6768090.820312, -103.4293
6769616.699219, -102.7958
6771142.578125, -101.9404
6772668.457031, -101.7829
6774194.335938, -102.9967
6775720.214844, -105.8124
6777246.093750, -106.5160
6778771.972656, -102.5851
6780297.851562, -99.8580
6781823.730469, -98.7455
6783349.609375, -98.3985
6784875.488281, -98.3111
6786401.367188, -98.7505
6787927.246094, -100.3150
6789453.125000, -103.2040
6790979.003906, -106.0696
6792504.882812, -105.2735
6794030.761719, -102.9767
6795556.640625, -101.7871
6797082.519531, -101.6590
6798608.398438, -102.7245
6800134.277344, -105.2655
6801660.156250, -105.6820
6803186.035156, -102.4677
6804711.914062, -99.7262
6806237.792969, -97.6755
6807763.671875, -96.3312
6809289.550781, -95.8847
6810815.429688, -96.4236
6812341.308594, -97.9101
6813867.187500, -100.1746
6815393.066406, -103.0964
6816918.945312, -106.9351
6818444.824219, -111.1239
6819970.703125, -109.9677
6821496.582031, -106.9512
6823022.460938, -105.4443
6824548.339844, -104.8283
6826074.218750, -104.1942
6827600.097656, -103.2095
6829125.976562, -101.9436
6830651.855469, -100.3831
6832177.734375, -98.7745
6833703.613281, -97.6572
6835229.492188, -97.4357
6836755.371094, -98.1789
6838281.250000, -99.5912
6839807.128906, -101.0645
6841333.007812, -102.1911
6842858.886719, -102.9660
6844384.765625, -102.9760
6845910.644531, -102.3378
6847436.523438, -101.7271
6848962.402344, -101.1723
6850488.281250, -100.7246
6852014.160156, -100.2555
6853540.039062, -99.7837
6855065.917969, -99.8933
6856591.796875, -100.7691
6858117.675781, -102.0855
6859643.554688, -103.4087
6861169.433594, -103.9555
6862695.312500, -102.7873
6864221.191406, -100.5676
6865747.070312, -98.7872
6867272.949219, -98.1470
6868798.828125, -98.8401
6870324.707031, -101.2402
6871850.585938, -107.3355
6873376.464844, -118.9355
6874902.343750, -104.0849
6876428.222656, -100.0536
6877954.101562, -98.9421
6879479.980469, -99.9184
6881005.859375, -102.9736
6882531.738281, -108.5077
6884057.617188, -112.2731
6885583.496094, -107.8677
6887109.375000, -105.0279
6888635.253906, -103.5038
6890161.132812, -102.6877
6891687.011719, -102.2643
6893212.890625, -101.9261
6894738.769531, -101.4523
6896264.648438, -100.6795
6897790.527344, -99.8321
6899316.406250, -99.2247
6900842.285156, -99.0316
6902368.164062, -99.6069
6903894.042969, -101.3682
6905419.921875, -105.0027
6906945.800781, -113.3013
6908471.679688, -115.5706
6909997.558594, -107.8116
6911523.437500, -104.5157
6913049.316406, -102.3732
6914575.195312, -100.9852
6916101.074219, -100.1360
6917626.953125, -99.7552
6919152.832031, -100.1378
6920678.710938, -101.7089
6922204.589844, -104.5087
6923730.468750, -107.2972
6925256.347656, -108.9523
6926782.226562, -110.4046
6928308.105469, -109.5096
6929833.984375, -106.6877
6931359.863281, -106.2913
6932885.742188, -109.4843
6934411.621094, -110.5274
6935937.500000, -106.3816
6937463.378906, -103.9992
6938989.257812, -102.3739
6940515.136719, -100.5963
6942041.015625, -98.8942
6943566.894531, -98.2529
6945092.773438, -99.1954
6946618.652344, -101.4288
6948144.531250, -103.8439
6949670.410156, -105.6053
6951196.289062, -108.2072
6952722.167969, -117.2124
6954248.046875, -113.6266
6955773.925781, -106.9585
6957299.804688, -105.6077
6958825.683594, -106.0622
6960351.562500, -105.6849
6961877.441406, -103.6404
6963403.320312, -101.6824
6964929.199219, -100.3670
6966455.078125, -99.1600
6967980.957031, -98.2761
6969506.835938, -98.4702
6971032.714844, -99.8584
6972558.593750, -102.4226
6974084.472656, -107.0744
6975610.351562, -112.1503
6977136.230469, -109.3260
6978662.109375, -107.5618
6980187.988281, -107.5318
6981713.867188, -107.6535
6983239.746094, -106.6689
6984765.625000, -105.4328
6986291.503906, -105.1025
6987817.382812, -106.4317
6989343.261719, -110.2872
6990869.140625, -115.2534
6992395.019531, -110.2506
6993920.898438, -105.3798
6995446.777344, -102.5066
6996972.656250, -101.0725
6998498.535156, -100.6866
7000024.414062, -101.2612
7001550.292969, -102.8604
7003076.171875, -105.3600
7004602.050781, -108.0948
7006127.929688, -109.2960
7007653.808594, -108.5759
7009179.687500, -107.5956
7010705.566406, -107.1180
7012231.445312, -107.2148
7013757.324219, -107.2484
7015283.203125, -106.3944
7016809.082031, -104.9690
7018334.960938, -103.9417
7019860.839844, -103.7056
7021386.718750, -104.1466
7022912.597656, -104.6825
7024438.476562, -104.3594
7025964.355469, -103.3563
7027490.234375, -102.5130
7029016.113281, -101.9584
7030541.992188, -101.3915
7032067.871094, -100.6911
7033593.750000, -100.1122
7035119.628906, -100.0033
7036645.507812, -100.5803
7038171.386719, -101.9774
7039697.265625, -104.4550
7041223.144531, -107.5074
7042749.023438, -108.1723
7044274.902344, -106.3128
7045800.781250, -103.3647
7047326.660156, -100.8873
7048852.539062, -99.5468
7050378.417969, -99.2409
7051904.296875, -99.7707
7053430.175781, -100.7830
7054956.054688, -101.4345
7056481.933594, -100.6634
7058007.812500, -99.1645
7059533.691406, -98.3491
7061059.570312, -98.6787
7062585.449219, -100.0284
7064111.328125, -102.0791
7065637.207031, -104.6441
7067163.085938, -107.6918
7068688.964844, -109.1712
7070214.843750, -108.3124
7071740.722656, -108.7542
7073266.601562, -110.6222
7074792.480469, -110.9796
7076318.359375, -108.7366
7077844.238281, -107.6953
7079370.117188, -110.5651
7080895.996094, -115.2695
7082421.875000, -107.9955
7083947.753906, -104.0422
7085473.632812, -101.7578
7086999.511719, -100.1386
7088525.390625, -99.2008
7090051.269531, -98.9532
7091577.148438, -99.2150
7093103.027344, -99.8031
7094628.906250, -100.6236
7096154.785156, -101.6135
7097680.664062, -102.4588
7099206.542969, -102.8337
7100732.421875, -102.7111
7102258.300781, -101.8340
7103784.179688, -100.8730
7105310.058594, -100.6009
7106835.937500, -100.9836
7108361.816406, -101.7772
7109887.695312, -102.5047
7111413.574219, -102.0599
7112939.453125, -100.6592
7114465.332031, -99.6322
7115991.210938, -99.2732
7117517.089844, -99.1546
7119042.968750, -98.8209
7120568.847656, -98.2048
7122094.726562, -97.5603
7123620.605469, -97.0513
7125146.484375, -96.5097
7126672.363281, -95.7132
7128198.242188, -94.8580
7129724.121094, -94.4438
7131250.000000, -94.9061
7132775.878906, -96.5535
7134301.757812, -99.6633
7135827.636719, -104.1336
7137353.515625, -106.7544
7138879.394531, -105.8941
7140405.273438, -105.2512
7141931.152344, -105.2025
7143457.031250, -106.5417
7144982.910156, -111.3293
7146508.789062, -109.7758
7148034.667969, -102.9366
7149560.546875, -99.9680
7151086.425781, -99.0403
7152612.304688, -98.7963
7154138.183594, -98.2403
7155664.062500, -97.4865
7157189.941406, -97.2539
7158715.820312, -97.5631
7160241.699219, -97.6728
7161767.578125, -97.0874
7163293.457031, -96.2895
7164819.335938, -96.0990
7166345.214844, -96.9400
7167871.093750, -98.7701
7169396.972656, -100.9365
7170922.851562, -101.8341
7172448.730469, -101.8855
7173974.609375, -102.8845
7175500.488281, -103.6075
7177026.367188, -102.1626
7178552.246094, -100.4514
7180078.125000, -100.0656
7181604.003906, -101.3812
7183129.882812, -103.3558
7184655.761719, -104.2256
7186181.640625, -104.3967
7187707.519531, -104.7846
7189233.398438, -106.2099
7190759.277344, -108.7962
7192285.156250, -107.9234
7193811.035156, -103.5928
7195336.914062, -100.9586
7196862.792969, -100.1632
7198388.671875, -100.5582
7199914.550781, -101.6636
7201440.429688, -103.6278
7202966.308594, -106.9290
7204492.187500, -107.2091
7206018.066406, -102.5923
7207543.945312, -99.4718
7209069.824219, -98.2334
7210595.703125, -98.8080
7212121.582031, -101.3253
7213647.460938, -105.6973
7215173.339844, -110.3735
7216699.218750, -111.6706
7218225.097656, -109.7134
7219750.976562, -107.1776
7221276.855469, -105.2815
7222802.734375, -103.3740
7224328.613281, -100.9229
7225854.492188, -98.9016
7227380.371094, -97.8593
7228906.250000, -97.6946
7230432.128906, -98.2050
7231958.007812, -99.2905
7233483.886719, -100.8676
7235009.765625, -102.7328
7236535.644531, -104.5978
7238061.523438, -106.5078
7239587.402344, -109.2600
7241113.281250, -113.0126
7242639.160156, -111.6242
7244165.039062, -107.2724
7245690.917969, -104.8241
7247216.796875, -104.1247
7248742.675781, -104.6736
7250268.554688, -105.9902
7251794.433594, -107.6837
7253320.312500, -109.5596
7254846.191406, -111.1865
7256372.070312, -111.3717
7257897.949219, -109.4336
7259423.828125, -106.0818
7260949.707031, -102.7669
7262475.585938, -100.2332
7264001.464844, -98.5333
7265527.343750, -97.5534
7267053.222656, -97.2231
7268579.101562, -97.4436
7270104.980469, -97.9423
7271630.859375, -98.4827
7273156.738281, -99.2285
7274682.617188, -100.5418
7276208.496094, -102.5674
7277734.375000, -105.1773
7279260.253906, -108.2172
7280786.132812, -111.1191
7282312.011719, -112.3917
7283837.890625, -110.7176
7285363.769531, -106.8625
7286889.648438, -103.0801
7288415.527344, -100.6307
7289941.406250, -99.5945
7291467.285156, -99.4750
7292993.164062, -99.6101
7294519.042969, -99.4894
7296044.921875, -98.8912
7297570.800781, -98.0893
7299096.679688, -97.5513
7300622.558594, -97.3640
7302148.437500, -97.3945
7303674.316406, -97.6559
7305200.195312, -98.2408
7306726.074219, -99.2304
7308251.953125, -100.8050
7309777.832031, -103.3501
7311303.710938, -105.5030
7312829.589844, -103.0586
7314355.468750, -100.3581
7315881.347656, -99.3573
7317407.226562, -99.5192
7318933.105469, -100.0579
7320458.984375, -100.5717
7321984.863281, -101.4051
7323510.742188, -103.2115
7325036.621094, -106.3043
7326562.500000, -110.1259
7328088.378906, -113.5549
7329614.257812, -118.3193
7331140.136719, -121.3838
7332666.015625, -110.5330
7334191.894531, -106.6556
7335717.773438, -106.3141
7337243.652344, -106.7256
7338769.531250, -104.5417
7340295.410156, -102.0677
7341821.289062, -100.5982
7343347.167969, -99.7139
7344873.046875, -98.7001
7346398.925781, -97.2084
7347924.804688, -95.7459
7349450.683594, -94.9903
7350976.562500, -95.1752
7352502.441406, -96.1338
7354028.320312, -97.5710
7355554.199219, -99.4829
7357080.078125, -102.5020
7358605.957031, -107.2979
7360131.835938, -109.8076
7361657.714844, -109.0756
7363183.593750, -110.5611
7364709.472656, -111.9201
7366235.351562, -110.2958
7367761.230469, -106.8692
7369287.109375, -103.7134
7370812.988281, -102.0616
7372338.867188, -101.7414
7373864.746094, -101.3763
7375390.625000, -99.9205
7376916.503906, -98.6384
7378442.382812, -98.3459
7379968.261719, -98.6869
7381494.140625, -98.8773
7383020.019531, -98.6470
7384545.898438, -98.4806
7386071.777344, -98.8736
7387597.656250, -99.5897
7389123.535156, -99.4345
7390649.414062, -98.4957
7392175.292969, -98.2630
7393701.171875, -99.2843
7395227.050781, -101.2292
7396752.929688, -103.5335
7398278.808594, -106.2908
7399804.687500, -111.3455
7401330.566406, -115.5451
7402856.445312, -107.1806
7404382.324219, -103.3910
7405908.203125, -102.0582
7407434.082031, -102.0138
7408959.960938, -102.2961
7410485.839844, -102.0559
7412011.718750, -101.5291
7413537.597656, -101.9968
7415063.476562, -104.2477
7416589.355469, -106.3822
7418115.234375, -104.8237
7419641.113281, -102.4089
7421166.992188, -100.8848
7422692.871094, -100.1993
7424218.750000, -99.8355
7425744.628906, -100.0026
7427270.507812, -101.0970
7428796.386719, -103.0500
7430322.265625, -104.2830
7431848.144531, -102.5974
7433374.023438, -100.3797
7434899.902344, -98.6781
7436425.781250, -97.3428
7437951.660156, -96.4063
7439477.539062, -95.9520
7441003.417969, -95.9436
7442529.296875, -96.2336
7444055.175781, -96.6775
7445581.054688, -97.1203
7447106.933594, -97.4337
7448632.812500, -97.7997
7450158.691406, -98.7584
7451684.570312, -100.6470
7453210.449219, -101.9653
7454736.328125, -100.7085
7456262.207031, -99.3627
7457788.085938, -99.0459
7459313.964844, -99.0769
7460839.843750, -98.6497
7462365.722656, -97.9791
7463891.601562, -97.6845
7465417.480469, -97.7413
7466943.359375, -97.6189
7468469.238281, -97.2233
7469995.117188, -97.1369
7471520.996094, -97.8420
7473046.875000, -99.4189
7474572.753906, -101.5627
7476098.632812, -103.7654
7477624.511719, -105.8823
7479150.390625, -107.0675
7480676.269531, -106.2465
7482202.148438, -105.8412
7483728.027344, -107.5064
7485253.906250, -111.2999
7486779.785156, -111.8585
7488305.664062, -108.1812
7489831.542969, -106.1280
7491357.421875, -105.4135
7492883.300781, -104.6011
7494409.179688, -102.5898
7495935.058594, -100.0345
7497460.937500, -97.9800
7498986.816406, -96.5948
7500512.695312, -95.4841
7502038.574219, -94.3699
7503564.453125, -93.4687
7505090.332031, -93.1187
7506616.210938, -93.4622
7508142.089844, -94.4725
7509667.968750, -95.9873
7511193.847656, -97.6162
7512719.726562, -98.8722
7514245.605469, -99.8121
7515771.484375, -100.8025
7517297.363281, -101.5518
7518823.242188, -101.5129
7520349.121094, -101.1530
7521875.000000, -101.2574
7523400.878906, -102.0254
7524926.757812, -103.5381
7526452.636719, -105.7100
7527978.515625, -107.2156
7529504.394531, -107.0817
7531030.273438, -106.1186
7532556.152344, -104.8839
7534082.031250, -103.9805
7535607.910156, -103.7250
7537133.789062, -103.6668
7538659.667969, -103.2767
7540185.546875, -103.0611
7541711.425781, -103.9482
7543237.304688, -106.0067
7544763.183594, -107.5144
7546289.062500, -106.8871
7547814.941406, -105.1887
7549340.820312, -104.1957
7550866.699219, -104.7074
7552392.578125, -106.3261
7553918.457031, -107.6465
7555444.335938, -107.1408
7556970.214844, -104.8587
7558496.093750, -102.8444
7560021.972656, -102.2528
7561547.851562, -103.0082
7563073.730469, -104.3744
7564599.609375, -105.3513
7566125.488281, -106.2676
7567651.367188, -108.2430
7569177.246094, -110.2415
7570703.125000, -109.0710
7572229.003906, -107.4259
7573754.882812, -107.5921
7575280.761719, -109.5232
7576806.640625, -110.2148
7578332.519531, -108.1807
7579858.398438, -107.1602
7581384.277344, -107.6276
7582910.156250, -108.8379
7584436.035156, -111.5382
7585961.914062, -119.7705
7587487.792969, -108.6787
7589013.671875, -102.3453
7590539.550781, -99.2012
7592065.429688, -97.4429
7593591.308594, -96.4519
7595117.187500, -96.2228
7596643.066406, -96.8165
7598168.945312, -98.0515
7599694.824219, -99.5501
7601220.703125, -100.8056
7602746.582031, -101.3028
7604272.460938, -100.9478
7605798.339844, -100.4394
7607324.218750, -100.5253
7608850.097656, -101.4537
7610375.976562, -103.1759
7611901.855469, -105.3680
7613427.734375, -106.8396
7614953.613281, -106.3754
7616479.492188, -104.9122
7618005.371094, -103.4086
7619531.250000, -102.0934
7621057.128906, -100.9857
7622583.007812, -100.0780
7624108.886719, -99.5132
7625634.765625, -99.5504
7627160.644531, -100.3295
7628686.523438, -101.7812
7630212.402344, -103.5530
7631738.281250, -105.0829
7633264.160156, -106.2040
7634790.039062, -106.8204
7636315.917969, -106.6507
7637841.796875, -106.3680
7639367.675781, -106.3961
7640893.554688, -105.9877
7642419.433594, -104.8106
7643945.312500, -103.6734
7645471.191406, -103.2216
7646997.070312, -103.3021
7648522.949219, -103.1545
7650048.828125, -102.5943
7651574.707031, -102.0554
7653100.585938, -102.0148
7654626.464844, -103.3328
7656152.343750, -107.0927
7657678.222656, -110.1146
7659204.101562, -105.4015
7660729.980469, -102.8149
7662255.859375, -102.9145
7663781.738281, -105.0226
7665307.617188, -107.9465
7666833.496094, -109.3471
7668359.375000, -108.1354
7669885.253906, -106.0821
7671411.132812, -104.5830
7672937.011719, -103.7115
7674462.890625, -102.6077
7675988.769531, -100.7533
7677514.648438, -98.7297
7679040.527344, -97.1913
7680566.406250, -96.5283
7682092.285156, -96.8045
7683618.164062, -97.6698
7685144.042969, -98.4286
7686669.921875, -98.6501
7688195.800781, -98.9535
7689721.679688, -100.3106
7691247.558594, -102.7611
7692773.437500, -104.2839
7694299.316406, -103.3870
7695825.195312, -101.8293
7697351.074219, -101.1053
7698876.953125, -101.8443
7700402.832031, -104.1738
7701928.710938, -106.8409
7703454.589844, -105.3055
7704980.468750, -101.9659
7706506.347656, -99.7461
7708032.226562, -98.7033
7709558.105469, -98.5582
7711083.984375, -99.2547
7712609.863281, -101.1595
7714135.742188, -105.0005
7715661.621094, -111.4317
7717187.500000, -114.4224
7718713.378906, -110.9772
7720239.257812, -107.8691
7721765.136719, -105.0802
7723291.015625, -102.3325
7724816.894531, -99.8245
7726342.773438, -98.0759
7727868.652344, -97.3051
7729394.531250, -97.2567
7730920.410156, -97.4888
7732446.289062, -97.8695
7733972.167969, -98.6891
7735498.046875, -100.3054
7737023.925781, -102.8954
7738549.804688, -106.2704
7740075.683594, -109.9910
7741601.562500, -114.8554
7743127.441406, -124.2359
7744653.320312, -126.1463
7746179.199219, -115.6582
7747705.078125, -110.6828
7749230.957031, -107.8150
7750756.835938, -106.4441
7752282.714844, -105.9617
7753808.593750, -105.2591
7755334.472656, -103.3700
7756860.351562, -100.9837
7758386.230469, -99.5429
7759912.109375, -99.5413
7761437.988281, -100.6136
7762963.867188, -101.7785
7764489.746094, -101.8818
7766015.625000, -100.7512
7767541.503906, -98.6740
7769067.382812, -96.4921
7770593.261719, -95.0966
7772119.140625, -94.5623
7773645.019531, -94.6229
7775170.898438, -95.1623
7776696.777344, -96.3657
7778222.656250, -98.6777
7779748.535156, -102.7253
7781274.414062, -108.6144
7782800.292969, -107.5517
7784326.171875, -102.9359
7785852.050781, -100.2272
7787377.929688, -99.1672
7788903.808594, -99.6362
7790429.687500, -101.4382
7791955.566406, -104.2092
7793481.445312, -107.8303
7795007.324219, -113.1542
7796533.203125, -112.2455
7798059.082031, -105.9838
7799584.960938, -102.3528
7801110.839844, -99.9046
7802636.718750, -98.2757
7804162.597656, -97.6665
7805688.476562, -97.7566
7807214.355469, -97.7278
7808740.234375, -97.2993
7810266.113281, -97.1079
7811791.992188, -97.8343
7813317.871094, -99.5740
7814843.750000, -101.7073
7816369.628906, -103.8060
7817895.507812, -106.8926
7819421.386719, -113.1494
7820947.265625, -109.5243
7822473.144531, -103.6093
7823999.023438, -100.9426
7825524.902344, -99.7865
7827050.781250, -99.2427
7828576.660156, -98.9738
7830102.539062, -99.0914
7831628.417969, -99.8543
7833154.296875, -101.5108
7834680.175781, -104.5017
7836206.054688, -109.5700
7837731.933594, -112.6573
7839257.812500, -107.7171
7840783.691406, -104.1787
7842309.570312, -102.3812
7843835.449219, -102.2419
7845361.328125, -104.2576
7846887.207031, -109.8251
7848413.085938, -123.4443
7849938.964844, -114.8357
7851464.843750, -113.9197
7852990.722656, -119.8471
7854516.601562, -120.7521
7856042.480469, -110.2295
7857568.359375, -104.0933
7859094.238281, -99.8911
7860620.117188, -97.4784
7862145.996094, -96.8098
7863671.875000, -97.8094
7865197.753906, -100.3888
7866723.632812, -104.5504
7868249.511719, -110.5912
7869775.390625, -115.9137
7871301.269531, -113.3682
7872827.148438, -110.4252
7874353.027344, -108.6353
7875878.906250, -107.4715
7877404.785156, -105.6719
7878930.664062, -103.2664
7880456.542969, -101.7250
7881982.421875, -101.9743
7883508.300781, -104.0405
7885034.179688, -107.0100
7886560.058594, -109.7754
7888085.937500, -112.7183
7889611.816406, -115.2846
7891137.695312, -110.9110
7892663.574219, -106.7902
7894189.453125, -105.3501
7895715.332031, -105.3073
7897241.210938, -104.3759
7898767.089844, -102.1321
7900292.968750, -99.9744
7901818.847656, -98.4725
7903344.726562, -97.6503
7904870.605469, -97.3381
7906396.484375, -97.5423
7907922.363281, -98.3741
7909448.242188, -99.2493
7910974.121094, -99.3310
7912500.000000, -99.3661
7914025.878906, -100.2033
7915551.757812, -101.4128
7917077.636719, -101.8265
7918603.515625, -101.9433
7920129.394531, -103.4823
7921655.273438, -107.4770
7923181.152344, -108.6887
7924707.031250, -104.8198
7926232.910156, -103.1730
7927758.789062, -103.2939
7929284.667969, -104.1675
7930810.546875, -105.3722
7932336.425781, -107.7070
7933862.304688, -114.5254
7935388.183594, -117.1935
7936914.062500, -106.1017
7938439.941406, -102.2173
7939965.820312, -100.7997
7941491.699219, -100.4119
7943017.578125, -99.8455
7944543.457031, -98.8069
7946069.335938, -97.9939
7947595.214844, -97.7649
7949121.093750, -97.7775
7950646.972656, -97.3936
7952172.851562, -96.3873
7953698.730469, -95.2111
7955224.609375, -94.4671
7956750.488281, -94.4800
7958276.367188, -95.3026
7959802.246094, -96.8566
7961328.125000, -99.0946
7962854.003906, -102.1360
7964379.882812, -105.6557
7965905.761719, -105.6605
7967431.640625, -102.7076
7968957.519531, -101.0629
7970483.398438, -101.0804
7972009.277344, -102.5557
7973535.156250, -105.3647
7975061.035156, -106.8096
7976586.914062, -103.4650
7978112.792969, -100.5325
7979638.671875, -99.0993
7981164.550781, -98.5686
7982690.429688, -98.4639
7984216.308594, -98.6765
7985742.187500, -99.2179
7987268.066406, -99.9543
7988793.945312, -100.9415
7990319.824219, -102.5327
7991845.703125, -104.9869
7993371.582031, -108.6751
7994897.460938, -111.9333
7996423.339844, -106.7542
7997949.218750, -102.3565
7999475.097656, -100.2714
8001000.976562, -99.4899
8002526.855469, -99.0735
8004052.734375, -98.4930
8005578.613281, -97.9195
8007104.492188, -97.8818
8008630.371094, -98.7611
8010156.250000, -100.6565
8011682.128906, -103.2749
8013208.007812, -105.6120
8014733.886719, -106.3399
8016259.765625, -106.0089
8017785.644531, -105.9800
8019311.523438, -106.1637
8020837.402344, -106.3516
8022363.281250, -106.6924
8023889.160156, -107.5659
8025415.039062, -109.7828
8026940.917969, -112.9153
8028466.796875, -113.7438
8029992.675781, -110.9582
8031518.554688, -107.6779
8033044.433594, -105.1986
8034570.312500, -103.9661
8036096.191406, -104.0534
8037622.070312, -104.3958
8039147.949219, -103.5102
8040673.828125, -101.5072
8042199.707031, -99.6928
8043725.585938, -98.8250
8045251.464844, -98.6527
8046777.343750, -98.5419
8048303.222656, -98.2683
8049829.101562, -98.2463
8051354.980469, -99.0727
8052880.859375, -101.0536
8054406.738281, -104.1326
8055932.617188, -107.9274
8057458.496094, -111.5383
8058984.375000, -113.5033
8060510.253906, -111.6309
8062036.132812, -107.2253
8063562.011719, -104.0328
8065087.890625, -102.9161
8066613.769531, -103.6061
8068139.648438, -105.2981
8069665.527344, -106.7413
8071191.406250, -107.8661
8072717.285156, -109.6469
8074243.164062, -111.9081
8075769.042969, -112.7190
8077294.921875, -111.5457
8078820.800781, -110.9734
8080346.679688, -111.3148
8081872.558594, -111.6782
8083398.437500, -112.6200
8084924.316406, -113.4573
8086450.195312, -110.8171
8087976.074219, -106.6952
8089501.953125, -103.6738
8091027.832031, -102.3222
8092553.710938, -102.7314
8094079.589844, -104.8536
8095605.468750, -106.7679
8097131.347656, -104.6007
8098657.226562, -102.0132
8100183.105469, -100.7918
8101708.984375, -100.5782
8103234.863281, -100.7205
8104760.742188, -100.7159
8106286.621094, -100.5002
8107812.500000, -100.2212
8109338.378906, -99.6663
8110864.257812, -98.4594
8112390.136719, -96.8467
8113916.015625, -95.4865
8115441.894531, -94.8081
8116967.773438, -94.8574
8118493.652344, -95.4850
8120019.531250, -96.6241
8121545.410156, -98.4533
8123071.289062, -101.3398
8124597.167969, -105.5759
8126123.046875, -109.9404
8127648.925781, -111.1030
8129174.804688, -111.5227
8130700.683594, -113.4923
8132226.562500, -113.8003
8133752.441406, -111.2699
8135278.320312, -110.1404
8136804.199219, -108.8196
8138330.078125, -106.6069
8139855.957031, -104.2820
8141381.835938, -102.1377
8142907.714844, -100.5841
8144433.593750, -99.6559
8145959.472656, -99.1931
8147485.351562, -99.0396
8149011.230469, -99.0118
8150537.109375, -98.9918
8152062.988281, -99.0213
8153588.867188, -99.2492
8155114.746094, -99.8172
8156640.625000, -100.7842
8158166.503906, -102.0229
8159692.382812, -102.9499
8161218.261719, -102.5708
8162744.140625, -101.0680
8164270.019531, -99.7280
8165795.898438, -99.2009
8167321.777344, -99.2774
8168847.656250, -99.0993
8170373.535156, -98.1602
8171899.414062, -97.1377
8173425.292969, -96.8156
8174951.171875, -97.3318
8176477.050781, -98.2499
8178002.929688, -99.0302
8179528.808594, -99.7624
8181054.687500, -101.0040
8182580.566406, -102.9875
8184106.445312, -105.5357
8185632.324219, -108.4343
8187158.203125, -109.6403
8188684.082031, -107.0080
8190209.960938, -103.9302
8191735.839844, -101.5132
8193261.718750, -99.8521
8194787.597656, -99.0125
8196313.476562, -99.1988
8197839.355469, -100.8503
8199365.234375, -104.1204
8200891.113281, -106.1425
8202416.992188, -103.9675
8203942.871094, -102.2532
8205468.750000, -102.1222
8206994.628906, -103.3219
8208520.507812, -106.0926
8210046.386719, -112.5746
8211572.265625, -113.9220
8213098.144531, -106.2493
8214624.023438, -103.8434
8216149.902344, -104.2922
8217675.781250, -106.2067
8219201.660156, -106.7262
8220727.539062, -105.4767
8222253.417969, -105.0323
8223779.296875, -105.2457
8225305.175781, -104.9128
8226831.054688, -105.0890
8228356.933594, -107.4647
8229882.812500, -114.0058
8231408.691406, -114.0803
8232934.570312, -107.2795
8234460.449219, -104.8079
8235986.328125, -104.7201
8237512.207031, -105.7675
8239038.085938, -106.2308
8240563.964844, -105.8696
8242089.843750, -106.1267
8243615.722656, -108.2388
8245141.601562, -114.9928
8246667.480469, -112.7059
8248193.359375, -105.5910
8249719.238281, -102.9099
8251245.117188, -101.9925
8252770.996094, -101.3727
8254296.875000, -100.8307
8255822.753906, -101.1770
8257348.632812, -103.3007
8258874.511719, -107.9278
8260400.390625, -113.9670
8261926.269531, -118.3746
8263452.148438, -113.5453
8264978.027344, -108.0412
8266503.906250, -106.3044
8268029.785156, -106.1615
8269555.664062, -105.8181
8271081.542969, -104.8708
8272607.421875, -103.8079
8274133.300781, -103.3551
8275659.179688, -103.2210
8277185.058594, -102.7451
8278710.937500, -102.1455
8280236.816406, -101.5225
8281762.695312, -100.8031
8283288.574219, -100.1541
8284814.453125, -99.8754
8286340.332031, -100.0201
8287866.210938, -100.2735
8289392.089844, -100.3254
8290917.968750, -100.2793
8292443.847656, -100.6393
8293969.726562, -101.8489
8295495.605469, -103.9520
8297021.484375, -106.5530
8298547.363281, -109.3358
8300073.242188, -112.8374
8301599.121094, -117.3917
8303125.000000, -113.8528
8304650.878906, -109.6235
8306176.757812, -108.8721
8307702.636719, -110.6387
8309228.515625, -113.0780
8310754.394531, -113.0012
8312280.273438, -110.4855
8313806.152344, -108.7806
8315332.031250, -108.2478
8316857.910156, -107.9438
8318383.789062, -107.1925
8319909.667969, -106.2570
8321435.546875, -105.6872
8322961.425781, -105.4943
8324487.304688, -105.1812
8326013.183594, -104.3155
8327539.062500, -103.0910
8329064.941406, -102.0368
8330590.820312, -101.2609
8332116.699219, -100.5340
8333642.578125, -99.7355
8335168.457031, -98.8904
8336694.335938, -98.1195
8338220.214844, -97.7255
8339746.093750, -98.0854
8341271.972656, -99.4711
8342797.851562, -101.9612
8344323.730469, -105.2914
8345849.609375, -107.9681
8347375.488281, -107.1144
8348901.367188, -104.5578
8350427.246094, -102.9422
8351953.125000, -102.8727
8353479.003906, -104.2039
8355004.882812, -106.1622
8356530.761719, -108.6159
8358056.640625, -112.1189
8359582.519531, -107.9900
8361108.398438, -102.4035
8362634.277344, -99.3609
8364160.156250, -98.1168
8365686.035156, -98.0227
8367211.914062, -98.4700
8368737.792969, -98.9851
8370263.671875, -99.5111
8371789.550781, -100.3691
8373315.429688, -101.9305
8374841.308594, -104.2050
8376367.187500, -106.2975
8377893.066406, -107.9807
8379418.945312, -110.5856
8380944.824219, -113.0977
8382470.703125, -110.0300
8383996.582031, -105.5524
8385522.460938, -102.3746
8387048.339844, -100.2699
8388574.218750, -99.3920
8390100.097656, -99.8103
8391625.976562, -101.2124
8393151.855469, -103.0798
8394677.734375, -105.0605
8396203.613281, -106.8574
8397729.492188, -107.2886
8399255.371094, -105.7239
8400781.250000, -103.3018
8402307.128906, -101.3364
8403833.007812, -100.4455
8405358.886719, -100.3976
8406884.765625, -100.2963
8408410.644531, -99.5342
8409936.523438, -98.6287
8411462.402344, -98.4633
8412988.281250, -99.4170
8414514.160156, -101.0372
8416040.039062, -102.0091
8417565.917969, -101.5501
8419091.796875, -100.7431
8420617.675781, -100.9131
8422143.554688, -102.5303
8423669.433594, -105.2036
8425195.312500, -107.2602
8426721.191406, -107.3308
8428247.070312, -106.7463
8429772.949219, -106.0411
8431298.828125, -104.9182
8432824.707031, -103.2846
8434350.585938, -100.9226
8435876.464844, -98.5946
8437402.343750, -97.2131
8438928.222656, -97.0033
8440454.101562, -97.8951
8441979.980469, -99.9237
8443505.859375, -103.5844
8445031.738281, -110.4894
8446557.617188, -120.5836
8448083.496094, -111.0948
8449609.375000, -105.6622
8451135.253906, -101.4368
8452661.132812, -98.5052
8454187.011719, -97.0763
8455712.890625, -96.7640
8457238.769531, -96.6257
8458764.648438, -95.9176
8460290.527344, -95.1947
8461816.406250, -95.3726
8463342.285156, -96.5416
8464868.164062, -98.0283
8466394.042969, -99.2542
8467919.921875, -100.2620
8469445.800781, -101.1002
8470971.679688, -101.5210
8472497.558594, -101.6238
8474023.437500, -101.5790
8475549.316406, -100.8928
8477075.195312, -99.6265
8478601.074219, -98.3567
8480126.953125, -97.2473
8481652.832031, -96.2900
8483178.710938, -95.6213
8484704.589844, -95.4177
8486230.468750, -95.7455
8487756.347656, -96.6000
8489282.226562, -97.9020
8490808.105469, -99.4133
8492333.984375, -100.8448
8493859.863281, -102.0900
8495385.742188, -103.2248
8496911.621094, -104.4628
8498437.500000, -106.0943
8499963.378906, -108.3944
8501489.257812, -111.2960
8503015.136719, -110.5694
8504541.015625, -106.2056
8506066.894531, -103.0335
8507592.773438, -101.1265
8509118.652344, -99.8323
8510644.531250, -98.9874
8512170.410156, -98.8546
8513696.289062, -99.3700
8515222.167969, -99.9593
8516748.046875, -100.1310
8518273.925781, -100.1092
8519799.804688, -100.3132
8521325.683594, -100.7426
8522851.562500, -101.1960
8524377.441406, -101.7351
8525903.320312, -102.7824
8527429.199219, -103.7005
8528955.078125, -102.8287
8530480.957031, -101.9197
8532006.835938, -102.3990
8533532.714844, -103.7249
8535058.593750, -104.9221
8536584.472656, -106.3762
8538110.351562, -109.4880
8539636.230469, -113.7805
8541162.109375, -113.6324
8542687.988281, -114.2362
8544213.867188, -123.0828
8545739.746094, -115.8716
8547265.625000, -106.5034
8548791.503906, -102.1078
8550317.382812, -100.4058
8551843.261719, -100.9341
8553369.140625, -103.2515
8554895.019531, -106.0160
8556420.898438, -106.1058
8557946.777344, -103.9811
8559472.656250, -101.8997
8560998.535156, -100.4554
8562524.414062, -100.1058
8564050.292969, -100.8168
8565576.171875, -102.0773
8567102.050781, -103.4664
8568627.929688, -104.6251
8570153.808594, -105.4011
8571679.687500, -106.1134
8573205.566406, -107.0866
8574731.445312, -109.0463
8576257.324219, -114.9099
8577783.203125, -111.1136
8579309.082031, -102.9762
8580834.960938, -99.5242
8582360.839844, -98.3856
8583886.718750, -98.3831
8585412.597656, -98.8141
8586938.476562, -99.6505
8588464.355469, -101.5315
8589990.234375, -105.4909
8591516.113281, -112.7577
8593041.992188, -112.3337
8594567.871094, -109.1490
8596093.750000, -109.4875
8597619.628906, -108.6167
8599145.507812, -106.1626
8600671.386719, -104.4409
8602197.265625, -103.4405
8603723.144531, -103.9908
8605249.023438, -106.4513
8606774.902344, -111.0891
8608300.781250, -123.4352
8609826.660156, -110.9240
8611352.539062, -105.5259
8612878.417969, -103.9910
8614404.296875, -104.8082
8615930.175781, -107.2914
8617456.054688, -109.9539
8618981.933594, -111.2171
8620507.812500, -113.0460
8622033.691406, -119.5327
8623559.570312, -120.7495
8625085.449219, -111.0633
8626611.328125, -107.9054
8628137.207031, -107.5864
8629663.085938, -108.9614
8631188.964844, -109.9955
8632714.843750, -107.9753
8634240.722656, -105.7500
8635766.601562, -105.4162
8637292.480469, -107.1142
8638818.359375, -109.7450
8640344.238281, -109.5952
8641870.117188, -107.0399
8643395.996094, -104.6642
8644921.875000, -102.8667
8646447.753906, -101.7422
8647973.632812, -101.4633
8649499.511719, -102.1159
8651025.390625, -103.3476
8652551.269531, -104.2446
8654077.148438, -104.1431
8655603.027344, -103.3453
8657128.906250, -102.6587
8658654.785156, -102.7392
8660180.664062, -103.6082
8661706.542969, -104.6857
8663232.421875, -106.2034
8664758.300781, -109.1666
8666284.179688, -110.4272
8667810.058594, -108.4204
8669335.937500, -105.3408
8670861.816406, -100.8428
8672387.695312, -97.6134
8673913.574219, -96.2428
8675439.453125, -96.5165
8676965.332031, -97.8994
8678491.210938, -99.3634
8680017.089844, -100.4096
8681542.968750, -101.7270
8683068.847656, -103.8030
8684594.726562, -106.0615
8686120.605469, -106.9035
8687646.484375, -105.9891
8689172.363281, -105.0715
8690698.242188, -105.6070
8692224.121094, -108.2999
8693750.000000, -114.3349
8695275.878906, -123.9721
8696801.757812, -113.9108
8698327.636719, -110.1119
8699853.515625, -109.1885
8701379.394531, -110.0391
8702905.273438, -112.8068
8704431.152344, -120.3161
8705957.031250, -119.6157
8707482.910156, -113.8131
8709008.789062, -111.4815
8710534.667969, -106.1069
8712060.546875, -101.9723
8713586.425781, -100.2435
8715112.304688, -100.0246
8716638.183594, -99.9586
8718164.062500, -99.2336
8719689.941406, -98.4376
8721215.820312, -98.2508
8722741.699219, -98.8281
8724267.578125, -100.2785
8725793.457031, -103.3112
8727319.335938, -109.8891
8728845.214844, -115.1840
8730371.093750, -109.6009
8731896.972656, -108.5400
8733422.851562, -108.1675
8734948.730469, -107.1324
8736474.609375, -106.6644
8738000.488281, -107.7959
8739526.367188, -111.4342
8741052.246094, -119.7776
8742578.125000, -121.0059
8744104.003906, -110.1943
8745629.882812, -105.6371
8747155.761719, -103.8673
8748681.640625, -103.6939
8750207.519531, -103.7403
8751733.398438, -103.2999
8753259.277344, -103.1021
8754785.156250, -103.1175
8756311.035156, -102.8585
8757836.914062, -102.8149
8759362.792969, -102.8684
8760888.671875, -101.9703
8762414.550781, -100.2093
8763940.429688, -98.8143
8765466.308594, -98.5527
8766992.187500, -98.9959
8768518.066406, -98.8275
8770043.945312, -97.8961
8771569.824219, -97.2652
8773095.703125, -97.5570
8774621.582031, -98.8369
8776147.460938, -100.7468
8777673.339844, -102.3710
8779199.218750, -103.0351
8780725.097656, -103.5810
8782250.976562, -103.8227
8783776.855469, -101.7097
8785302.734375, -98.9517
8786828.613281, -97.3847
8788354.492188, -97.0384
8789880.371094, -97.4376
8791406.250000, -97.9731
8792932.128906, -98.4050
8794458.007812, -99.1078
8795983.886719, -100.6978
8797509.765625, -103.9717
8799035.644531, -108.6682
8800561.523438, -107.2216
8802087.402344, -102.1430
8803613.281250, -98.8782
8805139.160156, -97.4968
8806665.039062, -97.3418
8808190.917969, -97.8038
8809716.796875, -98.9760
8811242.675781, -102.3054
8812768.554688, -115.0737
8814294.433594, -104.3289
8815820.312500, -98.4316
8817346.191406, -96.5341
8818872.070312, -96.1700
8820397.949219, -96.0793
8821923.828125, -95.8648
8823449.707031, -96.1073
8824975.585938, -97.5738
8826501.464844, -100.5417
8828027.343750, -104.2105
8829553.222656, -106.9941
8831079.101562, -108.3080
8832604.980469, -107.0987
8834130.859375, -104.6068
8835656.738281, -103.2654
8837182.617188, -103.6928
8838708.496094, -104.4397
8840234.375000, -104.4576
8841760.253906, -105.2107
8843286.132812, -106.4570
8844812.011719, -106.5005
8846337.890625, -105.5138
8847863.769531, -104.5793
8849389.648438, -103.3633
8850915.527344, -102.0299
8852441.406250, -101.3133
8853967.285156, -100.9699
8855493.164062, -100.3486
8857019.042969, -99.4414
8858544.921875, -98.8140
8860070.800781, -98.4854
8861596.679688, -97.9606
8863122.558594, -97.3836
8864648.437500, -97.1434
8866174.316406, -97.2326
8867700.195312, -97.5180
8869226.074219, -97.9422
8870751.953125, -98.7587
8872277.832031, -100.1734
8873803.710938, -101.1418
8875329.589844, -100.4007
8876855.468750, -99.2124
8878381.347656, -98.4902
8879907.226562, -98.1601
8881433.105469, -97.9940
8882958.984375, -98.0645
8884484.863281, -98.6523
8886010.742188, -99.7404
8887536.621094, -100.8456
8889062.500000, -101.3283
8890588.378906, -101.0311
8892114.257812, -100.4398
8893640.136719, -100.1682
8895166.015625, -100.3925
8896691.894531, -100.8220
8898217.773438, -101.1301
8899743.652344, -101.1786
8901269.531250, -100.9626
8902795.410156, -100.5266
8904321.289062, -100.0977
8905847.167969, -100.0349
8907373.046875, -100.5486
8908898.925781, -101.6944
8910424.804688, -103.1730
8911950.683594, -104.0133
8913476.562500, -103.3050
8915002.441406, -101.3854
8916528.320312, -99.2710
8918054.199219, -97.6838
8919580.078125, -97.0008
8921105.957031, -97.4011
8922631.835938, -98.8416
8924157.714844, -101.0046
8925683.593750, -103.2497
8927209.472656, -104.3922
8928735.351562, -103.7640
8930261.230469, -101.9485
8931787.109375, -99.8945
8933312.988281, -98.1962
8934838.867188, -96.7444
8936364.746094, -95.5504
8937890.625000, -94.8674
8939416.503906, -94.8605
8940942.382812, -95.7176
8942468.261719, -97.5292
8943994.140625, -99.8552
8945520.019531, -101.5019
8947045.898438, -101.4371
8948571.777344, -100.7793
8950097.656250, -100.3410
8951623.535156, -99.4212
8953149.414062, -98.2778
8954675.292969, -97.6635
8956201.171875, -97.7297
8957727.050781, -98.5845
8959252.929688, -100.7379
8960778.808594, -105.4928
8962304.687500, -116.4864
8963830.566406, -109.8583
8965356.445312, -105.2851
8966882.324219, -102.9582
8968408.203125, -100.7309
8969934.082031, -98.4207
8971459.960938, -96.4950
8972985.839844, -95.3066
8974511.718750, -95.0211
8976037.597656, -95.6833
8977563.476562, -97.2211
8979089.355469, -99.4347
8980615.234375, -102.2063
8982141.113281, -106.0822
8983666.992188, -110.9427
8985192.871094, -108.4943
8986718.750000, -104.7268
8988244.628906, -102.7428
8989770.507812, -101.5754
8991296.386719, -100.4887
8992822.265625, -99.3458
8994348.144531, -98.4543
8995874.023438, -98.0742
8997399.902344, -98.3171
8998925.781250, -99.4031
9000451.660156, -101.9304
9001977.539062, -107.0752
9003503.417969, -117.4080
9005029.296875, -114.0037
9006555.175781, -110.0590
9008081.054688, -106.6014
9009606.933594, -103.3180
9011132.812500, -102.6337
9012658.691406, -105.2788
9014184.570312, -111.1917
9015710.449219, -115.9921
9017236.328125, -112.9754
9018762.207031, -109.2818
9020288.085938, -106.4017
9021813.964844, -103.7001
9023339.843750, -102.1476
9024865.722656, -100.4783
9026391.601562, -98.1631
9027917.480469, -96.4405
9029443.359375, -95.4744
9030969.238281, -94.7987
9032495.117188, -94.1712
9034020.996094, -93.8226
9035546.875000, -94.0608
9037072.753906, -94.8215
9038598.632812, -95.6533
9040124.511719, -96.2875
9041650.390625, -97.1266
9043176.269531, -98.6523
9044702.148438, -100.5918
9046228.027344, -102.0025
9047753.906250, -102.8597
9049279.785156, -103.9454
9050805.664062, -105.5815
9052331.542969, -107.0763
9053857.421875, -106.7559
9055383.300781, -105.4900
9056909.179688, -104.7244
9058435.058594, -103.9818
9059960.937500, -102.5761
9061486.816406, -101.0335
9063012.695312, -100.2354
9064538.574219, -100.4913
9066064.453125, -101.3405
9067590.332031, -101.5378
9069116.210938, -100.4824
9070642.089844, -99.0292
9072167.968750, -97.7898
9073693.847656, -96.8499
9075219.726562, -96.1573
9076745.605469, -95.7186
9078271.484375, -95.6338
9079797.363281, -95.9487
9081323.242188, -96.6073
9082849.121094, -97.5644
9084375.000000, -98.6694
9085900.878906, -99.5954
9087426.757812, -100.2654
9088952.636719, -101.1887
9090478.515625, -103.2455
9092004.394531, -107.5193
9093530.273438, -115.8492
9095056.152344, -116.8523
9096582.031250, -111.3681
9098107.910156, -108.4948
9099633.789062, -107.0013
9101159.667969, -107.2377
9102685.546875, -109.8138
9104211.425781, -115.0683
9105737.304688, -118.5583
9107263.183594, -114.7357
9108789.062500, -110.1229
9110314.941406, -105.8997
9111840.820312, -103.3004
9113366.699219, -102.6853
9114892.578125, -102.8346
9116418.457031, -101.6831
9117944.335938, -100.0199
9119470.214844, -98.9725
9120996.093750, -98.7318
9122521.972656, -99.5513
9124047.851562, -102.1575
9125573.730469, -107.7626
9127099.609375, -108.3940
9128625.488281, -103.2301
9130151.367188, -100.5999
9131677.246094, -99.5333
9133203.125000, -99.7554
9134729.003906, -101.2623
9136254.882812, -102.6171
9137780.761719, -101.4059
9139306.640625, -99.7754
9140832.519531, -99.0733
9142358.398438, -99.0606
9143884.277344, -99.5112
9145410.156250, -100.3174
9146936.035156, -101.1775
9148461.914062, -101.8811
9149987.792969, -102.9814
9151513.671875, -105.7668
9153039.550781, -113.4517
9154565.429688, -113.6831
9156091.308594, -105.3235
9157617.187500, -101.9698
9159143.066406, -100.2918
9160668.945312, -99.4465
9162194.824219, -99.4312
9163720.703125, -100.5621
9165246.582031, -102.9836
9166772.460938, -105.9285
9168298.339844, -106.8614
9169824.218750, -105.3149
9171350.097656, -103.6580
9172875.976562, -102.5999
9174401.855469, -102.2977
9175927.734375, -102.7159
9177453.613281, -103.3866
9178979.492188, -104.3794
9180505.371094, -106.3675
9182031.250000, -110.3792
9183557.128906, -125.2394
9185083.007812, -112.0710
9186608.886719, -105.7408
9188134.765625, -103.5767
9189660.644531, -103.0598
9191186.523438, -102.8450
9192712.402344, -102.5619
9194238.281250, -102.6274
9195764.160156, -103.0643
9197290.039062, -103.1030
9198815.917969, -102.3017
9200341.796875, -101.0605
9201867.675781, -99.6619
9203393.554688, -98.5478
9204919.433594, -98.2469
9206445.312500, -98.9162
9207971.191406, -100.1947
9209497.070312, -101.3527
9211022.949219, -102.6149
9212548.828125, -104.8625
9214074.707031, -107.4419
9215600.585938, -108.8033
9217126.464844, -109.1050
9218652.343750, -108.9081
9220178.222656, -108.8721
9221704.101562, -109.5938
9223229.980469, -110.4292
9224755.859375, -109.4319
9226281.738281, -108.2861
9227807.617188, -108.9645
9229333.496094, -111.1974
9230859.375000, -108.7232
9232385.253906, -104.3430
9233911.132812, -101.9925
9235437.011719, -101.1018
9236962.890625, -100.8620
9238488.769531, -100.6893
9240014.648438, -100.5714
9241540.527344, -100.6795
9243066.406250, -100.5755
9244592.285156, -99.7625
9246118.164062, -98.6705
9247644.042969, -97.9482
9249169.921875, -97.9172
9250695.800781, -98.6771
9252221.679688, -100.2785
9253747.558594, -102.6700
9255273.437500, -104.2172
9256799.316406, -102.6894
9258325.195312, -100.7042
9259851.074219, -99.7537
9261376.953125, -99.7464
9262902.832031, -100.3099
9264428.710938, -101.2316
9265954.589844, -102.5970
9267480.468750, -104.2387
9269006.347656, -105.6841
9270532.226562, -107.4844
9272058.105469, -110.2811
9273583.984375, -109.8316
9275109.863281, -106.4732
9276635.742188, -104.4181
9278161.621094, -103.3856
9279687.500000, -102.5412
9281213.378906, -101.4130
9282739.257812, -100.1276
9284265.136719, -98.8983
9285791.015625, -97.6715
9287316.894531, -96.5094
9288842.773438, -95.6791
9290368.652344, -95.3039
9291894.531250, -95.3470
9293420.410156, -95.8558
9294946.289062, -97.0079
9296472.167969, -98.9363
9297998.046875, -101.4732
9299523.925781, -103.6424
9301049.804688, -103.5102
9302575.683594, -101.1779
9304101.562500, -98.9068
9305627.441406, -97.5651
9307153.320312, -97.0577
9308679.199219, -97.1180
9310205.078125, -97.6006
9311730.957031, -98.6641
9313256.835938, -100.6151
9314782.714844, -103.8460
9316308.593750, -109.4776
9317834.472656, -115.3026
9319360.351562, -109.2267
9320886.230469, -105.7457
9322412.109375, -103.9209
9323937.988281, -102.5978
9325463.867188, -101.3889
9326989.746094, -100.4310
9328515.625000, -100.0283
9330041.503906, -100.2750
9331567.382812, -100.8667
9333093.261719, -101.3916
9334619.140625, -101.7830
9336145.019531, -102.0404
9337670.898438, -101.8771
9339196.777344, -101.2169
9340722.656250, -100.6093
9342248.535156, -100.3990
9343774.414062, -100.1481
9345300.292969, -99.8181
9346826.171875, -100.1705
9348352.050781, -101.3159
9349877.929688, -102.6034
9351403.808594, -103.4891
9352929.687500, -103.7111
9354455.566406, -103.4213
9355981.445312, -102.8738
9357507.324219, -101.9107
9359033.203125, -100.4627
9360559.082031, -98.9396
9362084.960938, -97.8952
9363610.839844, -97.5744
9365136.718750, -97.7383
9366662.597656, -97.7831
9368188.476562, -97.3453
9369714.355469, -96.9521
9371240.234375, -97.3300
9372766.113281, -98.3694
9374291.992188, -99.2281
9375817.871094, -99.6769
9377343.750000, -100.0572
9378869.628906, -100.2091
9380395.507812, -99.9679
9381921.386719, -99.6369
9383447.265625, -99.3111
9384973.144531, -98.8836
9386499.023438, -98.4801
9388024.902344, -98.0791
9389550.781250, -97.3653
9391076.660156, -96.3581
9392602.539062, -95.5319
9394128.417969, -95.3067
9395654.296875, -95.7815
9397180.175781, -96.6703
9398706.054688, -97.5991
9400231.933594, -98.6830
9401757.812500, -100.2257
9403283.691406, -101.9956
9404809.570312, -103.5578
9406335.449219, -105.5138
9407861.328125, -108.2729
9409387.207031, -108.6784
9410913.085938, -107.1557
9412438.964844, -106.3979
9413964.843750, -105.8327
9415490.722656, -104.9164
9417016.601562, -103.5856
9418542.480469, -102.1202
9420068.359375, -101.6594
9421594.238281, -102.7524
9423120.117188, -104.5832
9424645.996094, -105.2948
9426171.875000, -104.6440
9427697.753906, -104.1742
9429223.632812, -104.3748
9430749.511719, -104.5480
9432275.390625, -104.3577
9433801.269531, -104.3359
9435327.148438, -104.8857
9436853.027344, -106.2237
9438378.906250, -109.6140
9439904.785156, -120.3391
9441430.664062, -112.4433
9442956.542969, -107.9470
9444482.421875, -107.8115
9446008.300781, -110.1858
9447534.179688, -114.8384
9449060.058594, -115.5175
9450585.937500, -108.6997
9452111.816406, -103.6231
9453637.695312, -100.7619
9455163.574219, -99.7875
9456689.453125, -100.2455
9458215.332031, -101.6126
9459741.210938, -103.4587
9461267.089844, -105.2843
9462792.968750, -105.9689
9464318.847656, -104.5493
9465844.726562, -102.1283
9467370.605469, -100.3783
9468896.484375, -99.4118
9470422.363281, -98.2924
9471948.242188, -96.6791
9473474.121094, -95.2737
9475000.000000, -94.4804
9476525.878906, -94.1185
9478051.757812, -93.8463
9479577.636719, -93.6291
9481103.515625, -93.7342
9482629.394531, -94.3290
9484155.273438, -95.3091
9485681.152344, -96.4750
9487207.031250, -97.6891
9488732.910156, -98.7761
9490258.789062, -99.5103
9491784.667969, -100.0805
9493310.546875, -101.1378
9494836.425781, -103.2302
9496362.304688, -106.7598
9497888.183594, -110.5763
9499414.062500, -110.7349
9500939.941406, -111.0506
9502465.820312, -113.2027
9503991.699219, -112.1954
9505517.578125, -108.3697
9507043.457031, -105.8676
9508569.335938, -104.8329
9510095.214844, -104.4788
9511621.093750, -104.0567
9513146.972656, -103.9678
9514672.851562, -105.5651
9516198.730469, -109.8068
9517724.609375, -106.3340
9519250.488281, -100.4111
9520776.367188, -97.1104
9522302.246094, -95.3778
9523828.125000, -94.5209
9525354.003906, -94.3124
9526879.882812, -95.0096
9528405.761719, -96.9799
9529931.640625, -100.4796
9531457.519531, -105.7221
9532983.398438, -111.5204
9534509.277344, -108.3210
9536035.156250, -103.4145
9537561.035156, -100.6528
9539086.914062, -99.8350
9540612.792969, -100.4310
9542138.671875, -101.0126
9543664.550781, -100.1914
9545190.429688, -99.1815
9546716.308594, -99.1172
9548242.187500, -99.7924
9549768.066406, -100.6163
9551293.945312, -101.4108
9552819.824219, -102.5462
9554345.703125, -104.6330
9555871.582031, -108.0204
9557397.460938, -112.5446
9558923.339844, -117.7028
9560449.218750, -122.7154
9561975.097656, -122.1225
9563500.976562, -115.6999
9565026.855469, -109.3713
9566552.734375, -104.8493
9568078.613281, -102.2565
9569604.492188, -101.1590
9571130.371094, -100.9568
9572656.250000, -101.3930
9574182.128906, -102.9341
9575708.007812, -106.6816
9577233.886719, -112.5143
9578759.765625, -107.0063
9580285.644531, -102.5077
9581811.523438, -100.3069
9583337.402344, -98.9967
9584863.281250, -97.8597
9586389.160156, -96.8967
9587915.039062, -96.4355
9589440.917969, -96.6146
9590966.796875, -97.2915
9592492.675781, -98.3296
9594018.554688, -100.0136
9595544.433594, -102.5462
9597070.312500, -103.9758
9598596.191406, -102.7875
9600122.070312, -101.8900
9601647.949219, -102.4167
9603173.828125, -104.4083
9604699.707031, -108.4871
9606225.585938, -115.4658
9607751.464844, -110.1489
9609277.343750, -105.9708
9610803.222656, -104.1980
9612329.101562, -103.4101
9613854.980469, -103.6256
9615380.859375, -105.4393
9616906.738281, -107.6972
9618432.617188, -105.9245
9619958.496094, -103.1645
9621484.375000, -101.5566
9623010.253906, -100.9460
9624536.132812, -101.2017
9626062.011719, -102.1431
9627587.890625, -103.1404
9629113.769531, -102.8737
9630639.648438, -101.3228
9632165.527344, -99.9360
9633691.406250, -99.0801
9635217.285156, -98.3489
9636743.164062, -97.7142
9638269.042969, -97.7927
9639794.921875, -98.9982
9641320.800781, -101.1576
9642846.679688, -103.7322
9644372.558594, -106.2434
9645898.437500, -107.7158
9647424.316406, -107.3167
9648950.195312, -107.5704
9650476.074219, -110.8620
9652001.953125, -113.1693
9653527.832031, -107.2190
9655053.710938, -103.8394
9656579.589844, -102.3562
9658105.468750, -101.6532
9659631.347656, -101.2541
9661157.226562, -101.3111
9662683.105469, -101.9777
9664208.984375, -102.8863
9665734.863281, -103.3197
9667260.742188, -103.3501
9668786.621094, -104.0786
9670312.500000, -106.7413
9671838.378906, -113.5282
9673364.257812, -112.0050
9674890.136719, -104.8697
9676416.015625, -101.8956
9677941.894531, -101.0949
9679467.773438, -101.3220
9680993.652344, -102.0268
9682519.531250, -103.9735
9684045.410156, -109.3450
9685571.289062, -126.9101
9687097.167969, -107.8651
9688623.046875, -103.7265
9690148.925781, -102.1075
9691674.804688, -101.0341
9693200.683594, -100.5352
9694726.562500, -101.4613
9696252.441406, -104.7431
9697778.320312, -112.7111
9699304.199219, -113.1906
9700830.078125, -107.4042
9702355.957031, -105.7999
9703881.835938, -105.8602
9705407.714844, -106.6986
9706933.593750, -108.0526
9708459.472656, -109.8094
9709985.351562, -111.4685
9711511.230469, -111.9204
9713037.109375, -111.2371
9714562.988281, -109.8627
9716088.867188, -107.7614
9717614.746094, -105.7536
9719140.625000, -104.7736
9720666.503906, -105.0652
9722192.382812, -106.4188
9723718.261719, -108.2831
9725244.140625, -108.9975
9726770.019531, -107.5836
9728295.898438, -105.6298
9729821.777344, -103.9035
9731347.656250, -102.3442
9732873.535156, -101.0561
9734399.414062, -100.3838
9735925.292969, -100.5452
9737451.171875, -101.4948
9738977.050781, -103.1026
9740502.929688, -105.2442
9742028.808594, -107.6404
9743554.687500, -110.0122
9745080.566406, -111.7437
9746606.445312, -111.3210
9748132.324219, -110.5547
9749658.203125, -110.0751
9751184.082031, -108.1127
9752709.960938, -107.7985
9754235.839844, -111.7129
9755761.718750, -117.4453
9757287.597656, -112.9096
9758813.476562, -110.2259
9760339.355469, -108.4457
9761865.234375, -107.2227
9763391.113281, -106.8887
9764916.992188, -107.8360
9766442.871094, -108.8979
9767968.750000, -108.2935
9769494.628906, -106.0407
9771020.507812, -103.2067
9772546.386719, -100.9092
9774072.265625, -99.4444
9775598.144531, -98.4491
9777124.023438, -97.3979
9778649.902344, -96.3301
9780175.781250, -95.5859
9781701.660156, -95.3446
9783227.539062, -95.6928
9784753.417969, -96.7174
9786279.296875, -98.4702
9787805.175781, -100.6458
9789331.054688, -102.5683
9790856.933594, -104.6650
9792382.812500, -108.7784
9793908.691406, -113.6935
9795434.570312, -107.1545
9796960.449219, -102.4471
9798486.328125, -99.7741
9800012.207031, -98.3573
9801538.085938, -97.8782
9803063.964844, -98.0436
9804589.843750, -98.4300
9806115.722656, -99.0110
9807641.601562, -100.3409
9809167.480469, -102.7868
9810693.359375, -105.7623
9812219.238281, -107.4287
9813745.117188, -107.3186
9815270.996094, -106.8493
9816796.875000, -106.0395
9818322.753906, -104.8974
9819848.632812, -104.3213
9821374.511719, -104.4996
9822900.390625, -105.3018
9824426.269531, -106.9498
9825952.148438, -109.5421
9827478.027344, -111.8981
9829003.906250, -111.9685
9830529.785156, -109.9350
9832055.664062, -107.6871
9833581.542969, -106.0319
9835107.421875, -105.3225
9836633.300781, -105.6564
9838159.179688, -106.7427
9839685.058594, -108.2835
9841210.937500, -110.7352
9842736.816406, -117.0488
9844262.695312, -121.7491
9845788.574219, -110.6612
9847314.453125, -107.7630
9848840.332031, -108.2867
9850366.210938, -111.4842
9851892.089844, -117.1735
9853417.968750, -122.0705
9854943.847656, -115.2546
9856469.726562, -108.4185
9857995.605469, -103.6144
9859521.484375, -100.6507
9861047.363281, -99.0577
9862573.242188, -98.1882
9864099.121094, -97.5613
9865625.000000, -97.1295
9867150.878906, -97.1681
9868676.757812, -97.8459
9870202.636719, -99.0280
9871728.515625, -100.4361
9873254.394531, -101.4518
9874780.273438, -101.3992
9876306.152344, -100.3737
9877832.031250, -99.0773
9879357.910156, -98.1922
9880883.789062, -97.8655
9882409.667969, -98.0382
9883935.546875, -98.9495
9885461.425781, -101.2963
9886987.304688, -106.4759
9888513.183594, -118.4572
9890039.062500, -109.2885
9891564.941406, -104.4086
9893090.820312, -102.4483
9894616.699219, -102.2537
9896142.578125, -103.4983
9897668.457031, -105.3883
9899194.335938, -106.7550
9900720.214844, -107.6337
9902246.093750, -107.4571
9903771.972656, -106.4292
9905297.851562, -106.5811
9906823.730469, -108.4739
9908349.609375, -111.3172
9909875.488281, -113.3024
9911401.367188, -112.2013
9912927.246094, -107.5331
9914453.125000, -103.8828
9915979.003906, -102.2567
9917504.882812, -101.8462
9919030.761719, -101.4771
9920556.640625, -100.6492
9922082.519531, -100.0074
9923608.398438, -100.3292
9925134.277344, -101.6112
9926660.156250, -103.1360
9928186.035156, -104.6675
9929711.914062, -106.3985
9931237.792969, -106.4364
9932763.671875, -104.1486
9934289.550781, -102.5232
9935815.429688, -102.4679
9937341.308594, -103.8794
9938867.187500, -106.8199
9940393.066406, -112.8111
9941918.945312, -129.4841
9943444.824219, -111.6731
9944970.703125, -107.9460
9946496.582031, -107.3716
9948022.460938, -107.8439
9949548.339844, -107.7115
9951074.218750, -106.0014
9952600.097656, -104.0871
9954125.976562, -103.3790
9955651.855469, -103.4764
9957177.734375, -103.3231
9958703.613281, -102.8226
9960229.492188, -102.9856
9961755.371094, -104.3491
9963281.250000, -105.7393
9964807.128906, -106.0813
9966333.007812, -106.2826
9967858.886719, -106.5727
9969384.765625, -106.8549
9970910.644531, -107.0334
9972436.523438, -106.7757
9973962.402344, -106.2624
9975488.281250, -106.3578
9977014.160156, -106.8639
9978540.039062, -105.4064
9980065.917969, -102.3259
9981591.796875, -99.8847
9983117.675781, -99.0997
9984643.554688, -100.0971
9986169.433594, -101.7378
9987695.312500, -100.7015
9989221.191406, -100.7360
9990747.070312, -94.2856
9992272.949219, -77.9740
9993798.828125, -69.3090
9995324.707031, -64.1445
9996850.585938, -61.4039
9998376.464844, -60.3490
9999902.343750, -60.1620
10001428.222656, -60.1410
10002954.101562, -60.2979
10004479.980469, -61.3405
10006005.859375, -64.0633
10007531.738281, -69.1393
10009057.617188, -77.3857
10010583.496094, -90.7576
10012109.375000, -111.7376
10013635.253906, -105.8680
10015161.132812, -106.7198
10016687.011719, -108.7427
10018212.890625, -112.8703
10019738.769531, -120.8945
10021264.648438, -113.8838
10022790.527344, -107.6821
10024316.406250, -105.9956
10025842.285156, -107.1955
10027368.164062, -110.4428
10028894.042969, -113.4127
10030419.921875, -112.0196
10031945.800781, -109.9085
10033471.679688, -110.8107
10034997.558594, -120.6179
10036523.437500, -113.4907
10038049.316406, -106.7501
10039575.195312, -104.9843
10041101.074219, -104.0287
10042626.953125, -101.6322
10044152.832031, -99.2862
10045678.710938, -98.3027
10047204.589844, -98.5917
10048730.468750, -99.4597
10050256.347656, -100.0475
10051782.226562, -100.1724
10053308.105469, -100.9141
10054833.984375, -103.2509
10056359.863281, -106.7103
10057885.742188, -108.2539
10059411.621094, -108.2412
10060937.500000, -109.1469
10062463.378906, -110.4863
10063989.257812, -107.5188
10065515.136719, -103.1836
10067041.015625, -100.9025
10068566.894531, -100.6718
10070092.773438, -102.2185
10071618.652344, -105.4649
10073144.531250, -111.1247
10074670.410156, -116.3037
10076196.289062, -108.2122
10077722.167969, -103.3544
10079248.046875, -100.6883
10080773.925781, -99.3127
10082299.804688, -98.6884
10083825.683594, -98.5171
10085351.562500, -98.8384
10086877.441406, -99.8846
10088403.320312, -101.6868
10089929.199219, -103.3649
10091455.078125, -103.3206
10092980.957031, -102.3444
10094506.835938, -101.8146
10096032.714844, -101.5489
10097558.593750, -101.2581
10099084.472656, -101.2983
10100610.351562, -101.9297
10102136.230469, -103.0774
10103662.109375, -104.0906
10105187.988281, -104.9697
10106713.867188, -107.5776
10108239.746094, -114.6482
10109765.625000, -125.7161
10111291.503906, -111.9665
10112817.382812, -106.9554
10114343.261719, -104.2061
10115869.140625, -102.6504
10117395.019531, -102.0322
10118920.898438, -102.1911
10120446.777344, -102.4405
10121972.656250, -102.1187
10123498.535156, -101.6000
10125024.414062, -101.6485
10126550.292969, -102.3998
10128076.171875, -102.8558
10129602.050781, -102.0773
10131127.929688, -100.8115
10132653.808594, -99.5487
10134179.687500, -98.2099
10135705.566406, -97.0426
10137231.445312, -96.6050
10138757.324219, -97.3012
10140283.203125, -99.2784
10141809.082031, -102.5413
10143334.960938, -106.9196
10144860.839844, -109.7683
10146386.718750, -107.2825
10147912.597656, -104.0191
10149438.476562, -101.6587
10150964.355469, -100.3223
10152490.234375, -99.8701
10154016.113281, -100.0486
10155541.992188, -100.4111
10157067.871094, -100.2835
10158593.750000, -99.5830
10160119.628906, -99.1279
10161645.507812, -99.6249
10163171.386719, -100.9690
10164697.265625, -102.0232
10166223.144531, -102.1931
10167749.023438, -102.6775
10169274.902344, -104.3926
10170800.781250, -107.0592
10172326.660156, -109.7821
10173852.539062, -111.9539
10175378.417969, -111.8903
10176904.296875, -111.1401
10178430.175781, -111.4464
10179956.054688, -111.0148
10181481.933594, -108.8006
10183007.812500, -107.4854
10184533.691406, -108.1303
10186059.570312, -110.2104
10187585.449219, -109.6316
10189111.328125, -106.2333
10190637.207031, -103.5379
10192163.085938, -101.7169
10193688.964844, -100.4209
10195214.843750, -99.2781
10196740.722656, -98.1874
10198266.601562, -97.2805
10199792.480469, -96.6184
10201318.359375, -96.2931
10202844.238281, -96.5166
10204370.117188, -97.4610
10205895.996094, -99.0892
10207421.875000, -101.0231
10208947.753906, -102.5328
10210473.632812, -103.2572
10211999.511719, -103.8674
10213525.390625, -104.8260
10215051.269531, -105.1178
10216577.148438, -103.4582
10218103.027344, -100.7055
10219628.906250, -97.9412
10221154.785156, -95.6966
10222680.664062, -94.2406
10224206.542969, -93.6777
10225732.421875, -94.0163
10227258.300781, -95.2357
10228784.179688, -97.2608
10230310.058594, -99.4923
10231835.937500, -100.4276
10233361.816406, -99.9983
10234887.695312, -99.4816
10236413.574219, -99.1041
10237939.453125, -98.5836
10239465.332031, -97.8830
10240991.210938, -97.1925
10242517.089844, -96.8129
10244042.968750, -96.8813
10245568.847656, -97.0809
10247094.726562, -97.0480
10248620.605469, -96.9410
10250146.484375, -97.1763
10251672.363281, -98.0003
10253198.242188, -99.3912
10254724.121094, -101.2759
10256250.000000, -103.9605
10257775.878906, -108.2768
10259301.757812, -115.9877
10260827.636719, -117.3398
10262353.515625, -109.6041
10263879.394531, -105.9715
10265405.273438, -104.0268
10266931.152344, -102.3930
10268457.031250, -100.7367
10269982.910156, -99.6588
10271508.789062, -99.5726
10273034.667969, -100.2685
10274560.546875, -101.5183
10276086.425781, -103.4997
10277612.304688, -106.8404
10279138.183594, -113.3837
10280664.062500, -110.8391
10282189.941406, -105.0772
10283715.820312, -102.5023
10285241.699219, -101.3511
10286767.578125, -100.8202
10288293.457031, -100.5475
10289819.335938, -100.3588
10291345.214844, -100.2179
10292871.093750, -100.1695
10294396.972656, -100.2409
10295922.851562, -100.5319
10297448.730469, -101.2046
10298974.609375, -102.1065
10300500.488281, -102.8497
10302026.367188, -103.6389
10303552.246094, -105.3787
10305078.125000, -108.6663
10306604.003906, -108.9973
10308129.882812, -104.0798
10309655.761719, -100.4152
10311181.640625, -98.4083
10312707.519531, -97.7989
10314233.398438, -98.4692
10315759.277344, -99.9358
10317285.156250, -100.9432
10318811.035156, -100.8600
10320336.914062, -100.2246
10321862.792969, -99.1149
10323388.671875, -97.7479
10324914.550781, -96.7876
10326440.429688, -96.4700
10327966.308594, -96.6308
10329492.187500, -97.2026
10331018.066406, -98.3417
10332543.945312, -100.2007
10334069.824219, -102.7494
10335595.703125, -105.7281
10337121.582031, -108.5556
10338647.460938, -108.8661
10340173.339844, -105.5139
10341699.218750, -102.4216
10343225.097656, -101.1003
10344750.976562, -101.6519
10346276.855469, -103.7149
10347802.734375, -106.0584
10349328.613281, -106.8602
10350854.492188, -106.5652
10352380.371094, -106.1679
10353906.250000, -105.8407
10355432.128906, -105.4093
10356958.007812, -103.6980
10358483.886719, -101.2332
10360009.765625, -99.4170
10361535.644531, -98.7501
10363061.523438, -99.1838
10364587.402344, -100.3368
10366113.281250, -101.8588
10367639.160156, -103.7082
10369165.039062, -106.6449
10370690.917969, -112.6222
10372216.796875, -123.4440
10373742.675781, -118.5994
10375268.554688, -112.3546
10376794.433594, -107.6001
10378320.312500, -105.1658
10379846.191406, -104.3503
10381372.070312, -104.0990
10382897.949219, -103.9911
10384423.828125, -104.0455
10385949.707031, -104.0149
10387475.585938, -103.6451
10389001.464844, -102.9018
10390527.343750, -102.3523
10392053.222656, -102.5064
10393579.101562, -103.0629
10395104.980469, -103.0535
10396630.859375, -101.7628
10398156.738281, -99.9745
10399682.617188, -99.1717
10401208.496094, -99.8687
10402734.375000, -101.5298
10404260.253906, -103.2463
10405786.132812, -104.9103
10407312.011719, -106.0701
10408837.890625, -104.5374
10410363.769531, -101.8132
10411889.648438, -99.8826
10413415.527344, -98.4321
10414941.406250, -96.9946
10416467.285156, -95.8278
10417993.164062, -95.3777
10419519.042969, -95.6756
10421044.921875, -96.3748
10422570.800781, -97.1713
10424096.679688, -98.1545
10425622.558594, -99.6685
10427148.437500, -101.7164
10428674.316406, -104.0424
10430200.195312, -105.8261
10431726.074219, -104.1136
10433251.953125, -101.0872
10434777.832031, -98.9903
10436303.710938, -97.8920
10437829.589844, -97.3629
10439355.468750, -97.1482
10440881.347656, -97.4888
10442407.226562, -98.3700
10443933.105469, -99.2821
10445458.984375, -99.8961
10446984.863281, -100.3750
10448510.742188, -100.6889
10450036.621094, -100.2791
10451562.500000, -99.1049
10453088.378906, -97.9597
10454614.257812, -97.3263
10456140.136719, -97.1504
10457666.015625, -97.2724
10459191.894531, -97.6853
10460717.773438, -98.4284
10462243.652344, -99.4842
10463769.531250, -101.0023
10465295.410156, -103.4995
10466821.289062, -107.4527
10468347.167969, -111.4324
10469873.046875, -111.6545
10471398.925781, -109.6164
10472924.804688, -107.7977
10474450.683594, -106.9823
10475976.562500, -106.6251
10477502.441406, -106.1852
10479028.320312, -106.0295
10480554.199219, -106.7388
10482080.078125, -107.9224
10483605.957031, -107.5252
10485131.835938, -105.5513
10486657.714844, -104.5652
10488183.593750, -104.9122
10489709.472656, -105.1000
10491235.351562, -104.5809
10492761.230469, -104.4257
10494287.109375, -105.5605
10495812.988281, -108.7541
10497338.867188, -113.2481
10498864.746094, -113.7261
10500390.625000, -112.7892
10501916.503906, -112.3589
10503442.382812, -109.7524
10504968.261719, -106.5240
10506494.140625, -104.9509
10508020.019531, -104.8552
10509545.898438, -104.8031
10511071.777344, -103.9652
10512597.656250, -103.2904
10514123.535156, -103.4083
10515649.414062, -104.0542
10517175.292969, -104.2620
10518701.171875, -103.3869
10520227.050781, -102.0348
10521752.929688, -101.0365
10523278.808594, -100.6990
10524804.687500, -101.1168
10526330.566406, -102.4599
10527856.445312, -104.6425
10529382.324219, -106.9087
10530908.203125, -109.4294
10532434.082031, -115.4101
10533959.960938, -123.9149
10535485.839844, -111.9168
10537011.718750, -107.8493
10538537.597656, -105.3708
10540063.476562, -103.4877
10541589.355469, -102.3567
10543115.234375, -102.2196
10544641.113281, -103.1651
10546166.992188, -105.2204
10547692.871094, -108.5377
10549218.750000, -113.7381
10550744.628906, -120.2058
10552270.507812, -117.4013
10553796.386719, -114.9300
10555322.265625, -113.6417
10556848.144531, -111.2982
10558374.023438, -108.3131
10559899.902344, -106.3536
10561425.781250, -106.1316
10562951.660156, -106.8599
10564477.539062, -107.0284
10566003.417969, -106.3824
10567529.296875, -104.8053
10569055.175781, -102.8383
10570581.054688, -101.3327
10572106.933594, -100.2966
10573632.812500, -99.4683
10575158.691406, -98.8523
10576684.570312, -98.5436
10578210.449219, -98.4632
10579736.328125, -98.6190
10581262.207031, -99.2519
10582788.085938, -100.3968
10584313.964844, -101.6028
10585839.843750, -102.3151
10587365.722656, -102.4830
10588891.601562, -102.5238
10590417.480469, -103.1047
10591943.359375, -105.0184
10593469.238281, -108.5592
10594995.117188, -108.6335
10596520.996094, -104.3684
10598046.875000, -101.5962
10599572.753906, -100.4464
10601098.632812, -100.3644
10602624.511719, -100.9913
10604150.390625, -102.1524
10605676.269531, -103.5801
10607202.148438, -105.1244
10608728.027344, -106.6373
10610253.906250, -107.2761
10611779.785156, -106.8768
10613305.664062, -107.4854
10614831.542969, -110.1301
10616357.421875, -111.3703
10617883.300781, -107.4648
10619409.179688, -103.5200
10620935.058594, -100.7217
10622460.937500, -98.8201
10623986.816406, -97.4792
10625512.695312, -96.4564
10627038.574219, -95.7308
10628564.453125, -95.6924
10630090.332031, -96.7403
10631616.210938, -98.7453
10633142.089844, -100.9677
10634667.968750, -102.3518
10636193.847656, -102.6650
10637719.726562, -103.0685
10639245.605469, -104.0068
10640771.484375, -105.1505
10642297.363281, -106.1067
10643823.242188, -106.2869
10645349.121094, -107.1271
10646875.000000, -109.4642
10648400.878906, -108.3218
10649926.757812, -105.3916
10651452.636719, -103.9334
10652978.515625, -103.1704
10654504.394531, -102.3078
10656030.273438, -101.5154
10657556.152344, -101.4065
10659082.031250, -102.1435
10660607.910156, -102.5494
10662133.789062, -101.0185
10663659.667969, -98.8810
10665185.546875, -97.4526
10666711.425781, -96.9212
10668237.304688, -97.1977
10669763.183594, -98.2031
10671289.062500, -100.1111
10672814.941406, -103.4250
10674340.820312, -107.5539
10675866.699219, -106.3075
10677392.578125, -102.6045
10678918.457031, -100.0240
10680444.335938, -98.2735
10681970.214844, -97.0190
10683496.093750, -96.2358
10685021.972656, -96.0830
10686547.851562, -96.6673
10688073.730469, -97.9776
10689599.609375, -100.0858
10691125.488281, -103.5871
10692651.367188, -111.0807
10694177.246094, -114.4602
10695703.125000, -104.5702
10697229.003906, -100.6898
10698754.882812, -99.0901
10700280.761719, -98.9468
10701806.640625, -99.7492
10703332.519531, -100.9079
10704858.398438, -101.9507
10706384.277344, -102.8161
10707910.156250, -102.7146
10709436.035156, -101.4567
10710961.914062, -100.8210
10712487.792969, -101.4232
10714013.671875, -102.5808
10715539.550781, -103.2057
10717065.429688, -103.2138
10718591.308594, -103.3957
10720117.187500, -104.1516
10721643.066406, -105.2278
10723168.945312, -105.8520
10724694.824219, -105.6720
10726220.703125, -105.1176
10727746.582031, -104.3454
10729272.460938, -103.4670
10730798.339844, -102.8950
10732324.218750, -102.8901
10733850.097656, -103.2911
10735375.976562, -103.5835
10736901.855469, -103.3348
10738427.734375, -102.7169
10739953.613281, -102.2211
10741479.492188, -102.0330
10743005.371094, -102.0296
10744531.250000, -102.0434
10746057.128906, -102.0445
10747583.007812, -102.7766
10749108.886719, -105.8655
10750634.765625, -113.9559
10752160.644531, -107.0713
10753686.523438, -101.0331
10755212.402344, -97.7655
10756738.281250, -95.7601
10758264.160156, -94.6396
10759790.039062, -94.3990
10761315.917969, -95.0758
10762841.796875, -96.6116
10764367.675781, -99.0809
10765893.554688, -103.0232
10767419.433594, -108.8375
10768945.312500, -109.6438
10770471.191406, -105.2812
10771997.070312, -101.6923
10773522.949219, -99.0892
10775048.828125, -97.2515
10776574.707031, -95.8265
10778100.585938, -94.7630
10779626.464844, -94.2695
10781152.343750, -94.5320
10782678.222656, -95.5142
10784204.101562, -96.9566
10785729.980469, -98.5510
10787255.859375, -99.9905
10788781.738281, -101.0298
10790307.617188, -101.8714
10791833.496094, -103.0095
10793359.375000, -104.6453
10794885.253906, -106.2719
10796411.132812, -106.8179
10797937.011719, -106.2810
10799462.890625, -105.9522
10800988.769531, -107.1265
10802514.648438, -111.1983
10804040.527344, -122.7340
10805566.406250, -115.1118
10807092.285156, -109.0640
10808618.164062, -105.9602
10810144.042969, -104.0956
10811669.921875, -103.2822
10813195.800781, -103.5347
10814721.679688, -104.8307
10816247.558594, -107.2176
10817773.437500, -109.1318
10819299.316406, -106.7480
10820825.195312, -103.5199
10822351.074219, -101.6365
10823876.953125, -101.2547
10825402.832031, -102.3871
10826928.710938, -104.7562
10828454.589844, -106.8354
10829980.468750, -105.9386
10831506.347656, -103.1243
10833032.226562, -101.0004
10834558.105469, -100.0777
10836083.984375, -99.7423
10837609.863281, -99.2983
10839135.742188, -98.8866
10840661.621094, -99.3199
10842187.500000, -101.4238
10843713.378906, -106.3835
10845239.257812, -117.3050
10846765.136719, -109.0551
10848291.015625, -104.7929
10849816.894531, -103.5023
10851342.773438, -103.3044
10852868.652344, -103.4099
10854394.531250, -103.7246
10855920.410156, -104.5043
10857446.289062, -106.0922
10858972.167969, -108.8103
10860498.046875, -111.9753
10862023.925781, -111.5173
10863549.804688, -108.6825
10865075.683594, -107.2025
10866601.562500, -108.6276
10868127.441406, -114.6330
10869653.320312, -113.9096
10871179.199219, -109.5164
10872705.078125, -108.1408
10874230.957031, -107.1363
10875756.835938, -105.7460
10877282.714844, -104.2485
10878808.593750, -102.8432
10880334.472656, -101.8673
10881860.351562, -101.4938
10883386.230469, -101.3782
10884912.109375, -101.0365
10886437.988281, -100.4418
10887963.867188, -100.5008
10889489.746094, -102.4561
10891015.625000, -107.3843
10892541.503906, -107.9719
10894067.382812, -103.0395
10895593.261719, -100.6545
10897119.140625, -99.4709
10898645.019531, -98.4597
10900170.898438, -97.6933
10901696.777344, -97.6922
10903222.656250, -98.5023
10904748.535156, -99.5415
10906274.414062, -100.0621
10907800.292969, -99.9070
10909326.171875, -99.8114
10910852.050781, -100.3573
10912377.929688, -101.3994
10913903.808594, -102.7448
10915429.687500, -105.1294
10916955.566406, -110.3302
10918481.445312, -109.6115
10920007.324219, -103.9249
10921533.203125, -101.6244
10923059.082031, -101.1560
10924584.960938, -101.4964
10926110.839844, -102.3303
10927636.718750, -103.9942
10929162.597656, -107.3075
10930688.476562, -112.2079
10932214.355469, -111.3637
10933740.234375, -108.8254
10935266.113281, -108.2760
10936791.992188, -108.9634
10938317.871094, -109.8460
10939843.750000, -110.6545
10941369.628906, -111.5561
10942895.507812, -108.3749
10944421.386719, -104.1401
10945947.265625, -101.5363
10947473.144531, -100.3431
10948999.023438, -100.4464
10950524.902344, -101.9350
10952050.781250, -105.1160
10953576.660156, -109.2262
10955102.539062, -109.5612
10956628.417969, -110.3927
10958154.296875, -115.7380
10959680.175781, -117.1537
10961206.054688, -111.8903
10962731.933594, -110.3686
10964257.812500, -109.8348
10965783.691406, -108.1902
10967309.570312, -108.0797
10968835.449219, -111.1436
10970361.328125, -113.4417
10971887.207031, -106.4353
10973413.085938, -102.1548
10974938.964844, -100.3775
10976464.843750, -99.8242
10977990.722656, -99.0876
10979516.601562, -97.4666
10981042.480469, -95.7332
10982568.359375, -94.6182
10984094.238281, -94.0167
10985620.117188, -93.5183
10987145.996094, -93.1017
10988671.875000, -93.1416
10990197.753906, -93.9236
10991723.632812, -95.4608
10993249.511719, -97.4508
10994775.390625, -99.0281
10996301.269531, -99.4175
10997827.148438, -99.3857
10999353.027344, -99.7415
11000878.906250, -100.4317
11002404.785156, -101.5152
11003930.664062, -103.3077
11005456.542969, -105.4385
11006982.421875, -106.4229
11008508.300781, -106.0256
11010034.179688, -106.0006
11011560.058594, -106.8735
11013085.937500, -107.7217
11014611.816406, -107.6721
11016137.695312, -106.4857
11017663.574219, -103.9766
11019189.453125, -101.4196
11020715.332031, -99.7484
11022241.210938, -98.9261
11023767.089844, -98.7005
11025292.968750, -98.9321
11026818.847656, -99.5845
11028344.726562, -100.6368
11029870.605469, -102.1401
11031396.484375, -104.3212
11032922.363281, -107.0857
11034448.242188, -107.4834
11035974.121094, -104.5106
11037500.000000, -101.8400
11039025.878906, -99.8740
11040551.757812, -98.1421
11042077.636719, -96.5543
11043603.515625, -95.3584
11045129.394531, -94.7971
11046655.273438, -94.9744
11048181.152344, -95.8387
11049707.031250, -97.0944
11051232.910156, -98.2228
11052758.789062, -99.0973
11054284.667969, -100.2751
11055810.546875, -102.0219
11057336.425781, -103.1025
11058862.304688, -102.8563
11060388.183594, -102.9644
11061914.062500, -103.7493
11063439.941406, -104.5285
11064965.820312, -105.6404
11066491.699219, -109.2164
11068017.578125, -123.3701
11069543.457031, -111.8513
11071069.335938, -107.6091
11072595.214844, -107.1960
11074121.093750, -107.6517
11075646.972656, -107.3503
11077172.851562, -105.7809
11078698.730469, -102.8063
11080224.609375, -99.7487
11081750.488281, -97.8487
11083276.367188, -97.4228
11084802.246094, -98.3031
11086328.125000, -99.8981
11087854.003906, -101.3012
11089379.882812, -102.4849
11090905.761719, -104.7684
11092431.640625, -109.5580
11093957.519531, -114.6089
11095483.398438, -110.4304
11097009.277344, -106.1162
11098535.156250, -102.7898
11100061.035156, -100.5565
11101586.914062, -99.7619
11103112.792969, -100.4727
11104638.671875, -102.3983
11106164.550781, -104.8835
11107690.429688, -106.3691
11109216.308594, -104.7905
11110742.187500, -101.9257
11112268.066406, -99.4892
11113793.945312, -97.5664
11115319.824219, -96.0642
11116845.703125, -95.0577
11118371.582031, -94.7087
11119897.460938, -95.1497
11121423.339844, -96.4323
11122949.218750, -98.4936
11124475.097656, -101.0212
11126000.976562, -103.0886
11127526.855469, -103.4753
11129052.734375, -102.5439
11130578.613281, -101.2790
11132104.492188, -100.1812
11133630.371094, -99.6346
11135156.250000, -99.9193
11136682.128906, -101.1323
11138208.007812, -103.1690
11139733.886719, -105.7720
11141259.765625, -108.9442
11142785.644531, -113.7094
11144311.523438, -118.2785
11145837.402344, -113.5218
11147363.281250, -109.6735
11148889.160156, -107.2088
11150415.039062, -105.7969
11151940.917969, -105.1726
11153466.796875, -104.2463
11154992.675781, -102.1466
11156518.554688, -99.8334
11158044.433594, -98.7005
11159570.312500, -99.2149
11161096.191406, -100.7746
11162622.070312, -101.8373
11164147.949219, -101.7256
11165673.828125, -101.2925
11167199.707031, -100.8315
11168725.585938, -99.9895
11170251.464844, -98.8869
11171777.343750, -97.7928
11173303.222656, -96.8176
11174829.101562, -96.2721
11176354.980469, -96.6562
11177880.859375, -98.3266
11179406.738281, -101.1496
11180932.617188, -103.3310
11182458.496094, -102.1855
11183984.375000, -99.6967
11185510.253906, -97.8507
11187036.132812, -96.9917
11188562.011719, -96.8045
11190087.890625, -96.7304
11191613.769531, -96.5436
11193139.648438, -96.6481
11194665.527344, -97.5963
11196191.406250, -99.4999
11197717.285156, -101.7293
11199243.164062, -103.3157
11200769.042969, -103.9594
11202294.921875, -103.6340
11203820.800781, -102.5965
11205346.679688, -101.7020
11206872.558594, -101.3720
11208398.437500, -101.3755
11209924.316406, -101.1495
11211450.195312, -100.3805
11212976.074219, -99.5140
11214501.953125, -98.8798
11216027.832031, -98.3683
11217553.710938, -98.1477
11219079.589844, -98.6193
11220605.468750, -100.0345
11222131.347656, -102.4789
11223657.226562, -105.3005
11225183.105469, -105.7110
11226708.984375, -103.8946
11228234.863281, -102.4800
11229760.742188, -102.0642
11231286.621094, -102.5458
11232812.500000, -103.7617
11234338.378906, -105.8831
11235864.257812, -108.7982
11237390.136719, -110.6696
11238916.015625, -107.8043
11240441.894531, -103.3217
11241967.773438, -100.1567
11243493.652344, -98.3385
11245019.531250, -97.5750
11246545.410156, -97.7022
11248071.289062, -98.6764
11249597.167969, -100.4988
11251123.046875, -103.1401
11252648.925781, -106.1439
11254174.804688, -107.9094
11255700.683594, -108.1214
11257226.562500, -108.6479
11258752.441406, -110.1600
11260278.320312, -113.0318
11261804.199219, -121.0426
11263330.078125, -116.0914
11264855.957031, -108.6516
11266381.835938, -104.9626
11267907.714844, -102.2652
11269433.593750, -99.7464
11270959.472656, -97.8343
11272485.351562, -97.1955
11274011.230469, -98.0732
11275537.109375, -100.5157
11277062.988281, -105.1354
11278588.867188, -116.5406
11280114.746094, -110.4146
11281640.625000, -103.9162
11283166.503906, -101.1055
11284692.382812, -99.6094
11286218.261719, -98.8031
11287744.140625, -98.6428
11289270.019531, -99.0303
11290795.898438, -99.5142
11292321.777344, -99.7448
11293847.656250, -99.8766
11295373.535156, -100.2423
11296899.414062, -101.2522
11298425.292969, -103.2292
11299951.171875, -106.4291
11301477.050781, -111.7575
11303002.929688, -118.9519
11304528.808594, -115.4400
11306054.687500, -113.3734
11307580.566406, -114.9773
11309106.445312, -117.5478
11310632.324219, -112.1122
11312158.203125, -108.0796
11313684.082031, -106.9781
11315209.960938, -108.4062
11316735.839844, -111.9816
11318261.718750, -113.7275
11319787.597656, -109.5726
11321313.476562, -105.8339
11322839.355469, -103.7288
11324365.234375, -102.9429
11325891.113281, -102.9078
11327416.992188, -103.1746
11328942.871094, -103.4708
11330468.750000, -103.7198
11331994.628906, -104.5263
11333520.507812, -106.4056
11335046.386719, -108.4698
11336572.265625, -109.9925
11338098.144531, -113.4221
11339624.023438, -116.9137
11341149.902344, -109.1397
11342675.781250, -103.5720
11344201.660156, -100.3218
11345727.539062, -98.7142
11347253.417969, -98.0339
11348779.296875, -97.7107
11350305.175781, -97.7113
11351831.054688, -98.2661
11353356.933594, -99.6311
11354882.812500, -101.7173
11356408.691406, -103.6364
11357934.570312, -105.8932
11359460.449219, -111.3251
11360986.328125, -116.1665
11362512.207031, -110.4532
11364038.085938, -108.1671
11365563.964844, -106.3478
11367089.843750, -104.6572
11368615.722656, -104.1711
11370141.601562, -105.1622
11371667.480469, -106.9136
11373193.359375, -106.8446
11374719.238281, -104.9256
11376245.117188, -103.1853
11377770.996094, -101.6306
11379296.875000, -100.3877
11380822.753906, -99.9033
11382348.632812, -100.5237
11383874.511719, -102.6672
11385400.390625, -106.8390
11386926.269531, -109.6161
11388452.148438, -104.6754
11389978.027344, -100.2913
11391503.906250, -97.4583
11393029.785156, -96.0164
11394555.664062, -95.8299
11396081.542969, -96.6479
11397607.421875, -98.1964
11399133.300781, -100.4647
11400659.179688, -104.1845
11402185.058594, -112.5489
11403710.937500, -115.5476
11405236.816406, -107.2719
11406762.695312, -104.3595
11408288.574219, -102.6830
11409814.453125, -102.0667
11411340.332031, -102.6438
11412866.210938, -103.8696
11414392.089844, -104.1504
11415917.968750, -102.5105
11417443.847656, -100.8542
11418969.726562, -100.3437
11420495.605469, -100.7946
11422021.484375, -101.4950
11423547.363281, -101.9033
11425073.242188, -102.1275
11426599.121094, -102.7691
11428125.000000, -103.8824
11429650.878906, -103.7194
11431176.757812, -102.0631
11432702.636719, -100.7333
11434228.515625, -100.0746
11435754.394531, -99.9116
11437280.273438, -100.0674
11438806.152344, -100.5738
11440332.031250, -101.9790
11441857.910156, -105.0646
11443383.789062, -110.0061
11444909.667969, -110.0840
11446435.546875, -106.0232
11447961.425781, -103.1364
11449487.304688, -101.2420
11451013.183594, -100.2575
11452539.062500, -100.1456
11454064.941406, -100.7919
11455590.820312, -102.1010
11457116.699219, -103.9823
11458642.578125, -105.3882
11460168.457031, -104.0031
11461694.335938, -101.5019
11463220.214844, -99.8126
11464746.093750, -98.9274
11466271.972656, -98.5577
11467797.851562, -98.7159
11469323.730469, -99.6484
11470849.609375, -101.6625
11472375.488281, -104.8264
11473901.367188, -108.1312
11475427.246094, -109.4147
11476953.125000, -109.3731
11478479.003906, -110.3013
11480004.882812, -111.5934
11481530.761719, -111.1017
11483056.640625, -111.1344
11484582.519531, -110.5593
11486108.398438, -108.1156
11487634.277344, -106.1385
11489160.156250, -104.1653
11490686.035156, -101.6224
11492211.914062, -99.2864
11493737.792969, -97.9363
11495263.671875, -97.6752
11496789.550781, -98.1529
11498315.429688, -98.8880
11499841.308594, -99.5509
11501367.187500, -100.0919
11502893.066406, -100.8501
11504418.945312, -102.4960
11505944.824219, -105.3267
11507470.703125, -106.6510
11508996.582031, -104.0591
11510522.460938, -101.8299
11512048.339844, -100.7701
11513574.218750, -100.1803
11515100.097656, -100.0294
11516625.976562, -100.6575
11518151.855469, -101.3579
11519677.734375, -101.3451
11521203.613281, -101.1408
11522729.492188, -100.9941
11524255.371094, -100.7281
11525781.250000, -99.8573
11527307.128906, -98.6937
11528833.007812, -98.1682
11530358.886719, -98.5270
11531884.765625, -99.6493
11533410.644531, -101.3912
11534936.523438, -103.2318
11536462.402344, -104.3334
11537988.281250, -104.0266
11539514.160156, -102.1139
11541040.039062, -99.9691
11542565.917969, -98.7228
11544091.796875, -98.6176
11545617.675781, -99.4434
11547143.554688, -100.8352
11548669.433594, -102.5927
11550195.312500, -104.1360
11551721.191406, -104.2774
11553247.070312, -104.2545
11554772.949219, -105.4081
11556298.828125, -106.6623
11557824.707031, -107.2699
11559350.585938, -108.5357
11560876.464844, -110.9958
11562402.343750, -112.3958
11563928.222656, -110.1121
11565454.101562, -107.2751
11566979.980469, -104.6803
11568505.859375, -102.8157
11570031.738281, -101.6073
11571557.617188, -100.4842
11573083.496094, -99.3668
11574609.375000, -98.7869
11576135.253906, -99.1738
11577661.132812, -100.4318
11579187.011719, -102.0240
11580712.890625, -103.5540
11582238.769531, -105.3019
11583764.648438, -107.9449
11585290.527344, -111.8626
11586816.406250, -116.4464
11588342.285156, -119.1088
11589868.164062, -116.6479
11591394.042969, -110.9104
11592919.921875, -105.6742
11594445.800781, -102.2607
11595971.679688, -100.7851
11597497.558594, -101.0033
11599023.437500, -102.3803
11600549.316406, -104.0539
11602075.195312, -105.1529
11603601.074219, -105.3348
11605126.953125, -105.2655
11606652.832031, -105.7568
11608178.710938, -106.4509
11609704.589844, -105.8582
11611230.468750, -103.8099
11612756.347656, -102.0926
11614282.226562, -101.9970
11615808.105469, -104.0748
11617333.984375, -108.3197
11618859.863281, -109.6634
11620385.742188, -105.4809
11621911.621094, -101.8735
11623437.500000, -99.2426
11624963.378906, -97.5046
11626489.257812, -96.7670
11628015.136719, -97.1925
11629541.015625, -98.8234
11631066.894531, -101.3246
11632592.773438, -103.8999
11634118.652344, -106.0083
11635644.531250, -107.7042
11637170.410156, -109.6036
11638696.289062, -112.9513
11640222.167969, -118.6203
11641748.046875, -122.0778
11643273.925781, -117.0718
11644799.804688, -113.8707
11646325.683594, -113.9136
11647851.562500, -115.3124
11649377.441406, -117.2611
11650903.320312, -123.2655
11652429.199219, -130.2287
11653955.078125, -116.6071
11655480.957031, -111.5809
11657006.835938, -110.7666
11658532.714844, -112.1642
11660058.593750, -111.6060
11661584.472656, -107.7804
11663110.351562, -104.8617
11664636.230469, -103.9534
11666162.109375, -104.4710
11667687.988281, -105.3121
11669213.867188, -105.6932
11670739.746094, -105.9553
11672265.625000, -106.8222
11673791.503906, -107.9039
11675317.382812, -108.1728
11676843.261719, -108.5095
11678369.140625, -109.9920
11679895.019531, -113.9101
11681420.898438, -119.5327
11682946.777344, -113.7846
11684472.656250, -109.0082
11685998.535156, -105.4532
11687524.414062, -102.7878
11689050.292969, -100.8600
11690576.171875, -99.7122
11692102.050781, -99.5140
11693627.929688, -100.4388
11695153.808594, -102.6144
11696679.687500, -106.4448
11698205.566406, -114.9934
11699731.445312, -117.8976
11701257.324219, -109.0188
11702783.203125, -107.4406
11704309.082031, -108.5555
11705834.960938, -109.2053
11707360.839844, -107.9554
11708886.718750, -107.4819
11710412.597656, -108.9061
11711938.476562, -110.0257
11713464.355469, -109.7367
11714990.234375, -111.5469
11716516.113281, -115.9544
11718041.992188, -113.0041
11719567.871094, -106.8712
11721093.750000, -103.0496
11722619.628906, -101.1358
11724145.507812, -100.8995
11725671.386719, -102.3532
11727197.265625, -105.4785
11728723.144531, -109.4159
11730249.023438, -111.6399
11731774.902344, -110.0517
11733300.781250, -106.3455
11734826.660156, -102.7700
11736352.539062, -100.3985
11737878.417969, -99.6720
11739404.296875, -100.5843
11740930.175781, -102.9870
11742456.054688, -106.9814
11743981.933594, -114.4320
11745507.812500, -112.8774
11747033.691406, -105.4398
11748559.570312, -102.4074
11750085.449219, -101.3951
11751611.328125, -101.2139
11753137.207031, -101.5337
11754663.085938, -102.9934
11756188.964844, -106.6018
11757714.843750, -110.8223
11759240.722656, -108.4108
11760766.601562, -106.1996
11762292.480469, -105.9829
11763818.359375, -107.1575
11765344.238281, -108.5864
11766870.117188, -109.0042
11768395.996094, -108.4473
11769921.875000, -107.5433
11771447.753906, -107.4417
11772973.632812, -110.1872
11774499.511719, -124.0158
11776025.390625, -109.9312
11777551.269531, -103.9131
11779077.148438, -101.3747
11780603.027344, -100.1958
11782128.906250, -99.5139
11783654.785156, -99.3862
11785180.664062, -100.0110
11786706.542969, -101.2443
11788232.421875, -103.6465
11789758.300781, -109.0122
11791284.179688, -119.9738
11792810.058594, -109.3634
11794335.937500, -104.1733
11795861.816406, -101.9328
11797387.695312, -101.3213
11798913.574219, -101.3952
11800439.453125, -101.4436
11801965.332031, -101.1186
11803491.210938, -100.3842
11805017.089844, -99.5551
11806542.968750, -99.2475
11808068.847656, -100.0365
11809594.726562, -102.1952
11811120.605469, -105.8557
11812646.484375, -111.5515
11814172.363281, -113.3963
11815698.242188, -106.6903
11817224.121094, -102.2876
11818750.000000, -99.6292
11820275.878906, -98.0365
11821801.757812, -97.1674
11823327.636719, -96.9200
11824853.515625, -97.2598
11826379.394531, -98.0287
11827905.273438, -98.9911
11829431.152344, -100.2990
11830957.031250, -102.6244
11832482.910156, -106.5263
11834008.789062, -112.3258
11835534.667969, -121.0909
11837060.546875, -114.5294
11838586.425781, -108.6183
11840112.304688, -105.6749
11841638.183594, -104.5676
11843164.062500, -103.9263
11844689.941406, -102.6118
11846215.820312, -101.6800
11847741.699219, -101.9195
11849267.578125, -102.6712
11850793.457031, -103.2143
11852319.335938, -103.9334
11853845.214844, -104.8138
11855371.093750, -106.1580
11856896.972656, -109.2684
11858422.851562, -113.9568
11859948.730469, -114.0617
11861474.609375, -113.5656
11863000.488281, -120.4047
11864526.367188, -117.1518
11866052.246094, -108.5033
11867578.125000, -106.0356
11869104.003906, -106.0587
11870629.882812, -105.3986
11872155.761719, -102.5896
11873681.640625, -100.1411
11875207.519531, -98.7819
11876733.398438, -98.2820
11878259.277344, -98.5141
11879785.156250, -99.6335
11881311.035156, -101.9562
11882836.914062, -105.8790
11884362.792969, -111.7146
11885888.671875, -118.0530
11887414.550781, -117.6911
11888940.429688, -112.5810
11890466.308594, -108.7203
11891992.187500, -106.4839
11893518.066406, -105.3581
11895043.945312, -104.9109
11896569.824219, -105.0608
11898095.703125, -105.8362
11899621.582031, -106.7732
11901147.460938, -106.7666
11902673.339844, -105.5282
11904199.218750, -104.1438
11905725.097656, -103.2927
11907250.976562, -102.8909
11908776.855469, -102.2881
11910302.734375, -100.6423
11911828.613281, -98.3533
11913354.492188, -96.5557
11914880.371094, -95.5627
11916406.250000, -95.0378
11917932.128906, -94.6539
11919458.007812, -94.5139
11920983.886719, -94.9680
11922509.765625, -96.2099
11924035.644531, -98.0988
11925561.523438, -100.0093
11927087.402344, -100.7855
11928613.281250, -100.2183
11930139.160156, -99.3234
11931665.039062, -98.4696
11933190.917969, -97.6015
11934716.796875, -97.0165
11936242.675781, -96.8951
11937768.554688, -96.7277
11939294.433594, -95.9725
11940820.312500, -94.9623
11942346.191406, -94.2371
11943872.070312, -93.9745
11945397.949219, -94.0988
11946923.828125, -94.3966
11948449.707031, -94.6240
11949975.585938, -94.7716
11951501.464844, -95.1953
11953027.343750, -96.3698
11954553.222656, -98.5978
11956079.101562, -101.8996
11957604.980469, -106.0945
11959130.859375, -111.3186
11960656.738281, -120.7473
11962182.617188, -120.8541
11963708.496094, -112.3591
11965234.375000, -109.7979
11966760.253906, -109.9482
11968286.132812, -109.2757
11969812.011719, -106.0980
11971337.890625, -103.9779
11972863.769531, -103.2013
11974389.648438, -102.9664
11975915.527344, -103.1312
11977441.406250, -103.9225
11978967.285156, -104.7229
11980493.164062, -104.2831
11982019.042969, -102.9005
11983544.921875, -101.8539
11985070.800781, -101.7029
11986596.679688, -102.3479
11988122.558594, -103.6548
11989648.437500, -106.2928
11991174.316406, -111.2900
11992700.195312, -108.5836
11994226.074219, -103.4057
11995751.953125, -101.0291
11997277.832031, -100.1772
11998803.710938, -100.0409
12000329.589844, -100.4673
12001855.468750, -101.7345
12003381.347656, -104.1489
12004907.226562, -107.8982
12006433.105469, -112.2088
12007958.984375, -111.3219
12009484.863281, -108.0885
12011010.742188, -106.8851
12012536.621094, -108.1358
12014062.500000, -112.8988
12015588.378906, -119.3938
12017114.257812, -111.6172
12018640.136719, -107.5808
12020166.015625, -105.3311
12021691.894531, -104.0882
12023217.773438, -103.6810
12024743.652344, -103.5018
12026269.531250, -102.8791
12027795.410156, -102.2336
12029321.289062, -101.8126
12030847.167969, -100.8734
12032373.046875, -99.2086
12033898.925781, -97.4487
12035424.804688, -96.0343
12036950.683594, -95.1627
12038476.562500, -94.8771
12040002.441406, -95.0308
12041528.320312, -95.3792
12043054.199219, -95.8191
12044580.078125, -96.4979
12046105.957031, -97.6427
12047631.835938, -99.3129
12049157.714844, -101.2718
12050683.593750, -103.1724
12052209.472656, -105.2098
12053735.351562, -108.1419
12055261.230469, -110.3545
12056787.109375, -107.9304
12058312.988281, -105.0871
12059838.867188, -103.0597
12061364.746094, -101.5964
12062890.625000, -100.7277
12064416.503906, -100.6827
12065942.382812, -101.8686
12067468.261719, -104.9177
12068994.140625, -111.5362
12070520.019531, -112.9428
12072045.898438, -105.2553
12073571.777344, -101.7442
12075097.656250, -100.4452
12076623.535156, -100.7114
12078149.414062, -102.1857
12079675.292969, -104.4644
12081201.171875, -106.6695
12082727.050781, -106.6944
12084252.929688, -105.0289
12085778.808594, -104.1237
12087304.687500, -104.0407
12088830.566406, -103.5367
12090356.445312, -102.1041
12091882.324219, -100.8124
12093408.203125, -100.5424
12094934.082031, -101.1213
12096459.960938, -101.6237
12097985.839844, -101.3949
12099511.718750, -100.8137
12101037.597656, -100.4772
12102563.476562, -100.5688
12104089.355469, -101.1084
12105615.234375, -102.1390
12107141.113281, -104.0332
12108666.992188, -107.9951
12110192.871094, -113.1948
12111718.750000, -106.1340
12113244.628906, -101.2763
12114770.507812, -98.5135
12116296.386719, -96.6466
12117822.265625, -95.2755
12119348.144531, -94.4668
12120874.023438, -94.4086
12122399.902344, -95.1984
12123925.781250, -96.6369
12125451.660156, -97.8723
12126977.539062, -97.9819
12128503.417969, -97.3519
12130029.296875, -96.6063
12131555.175781, -95.9299
12133081.054688, -95.4444
12134606.933594, -95.1982
12136132.812500, -95.0672
12137658.691406, -95.0109
12139184.570312, -95.2680
12140710.449219, -96.1522
12142236.328125, -97.8521
12143762.207031, -100.2358
12145288.085938, -102.6598
12146813.964844, -104.1199
12148339.843750, -103.7491
12149865.722656, -101.9497
12151391.601562, -100.0249
12152917.480469, -98.7315
12154443.359375, -98.2247
12155969.238281, -98.2661
12157495.117188, -98.3893
12159020.996094, -98.3688
12160546.875000, -98.6244
12162072.753906, -100.0020
12163598.632812, -103.5863
12165124.511719, -112.1871
12166650.390625, -113.0472
12168176.269531, -104.7867
12169702.148438, -100.6862
12171228.027344, -97.9786
12172753.906250, -96.2096
12174279.785156, -95.2347
12175805.664062, -94.9648
12177331.542969, -95.4173
12178857.421875, -96.7463
12180383.300781, -99.1769
12181909.179688, -102.3595
12183435.058594, -103.2481
12184960.937500, -101.3111
12186486.816406, -99.6731
12188012.695312, -98.8461
12189538.574219, -98.7968
12191064.453125, -99.7878
12192590.332031, -102.4468
12194116.210938, -108.2212
12195642.089844, -113.4860
12197167.968750, -106.3104
12198693.847656, -103.2130
12200219.726562, -102.4539
12201745.605469, -103.1834
12203271.484375, -105.2865
12204797.363281, -109.5703
12206323.242188, -118.2971
12207849.121094, -110.8599
12209375.000000, -105.3052
12210900.878906, -102.6142
12212426.757812, -101.3278
12213952.636719, -101.3267
12215478.515625, -102.8815
12217004.394531, -106.0547
12218530.273438, -111.0370
12220056.152344, -116.5668
12221582.031250, -114.2699
12223107.910156, -111.5861
12224633.789062, -107.6404
12226159.667969, -104.5417
12227685.546875, -103.1161
12229211.425781, -101.8718
12230737.304688, -99.9476
12232263.183594, -98.3230
12233789.062500, -97.5759
12235314.941406, -97.5600
12236840.820312, -98.0181
12238366.699219, -98.9291
12239892.578125, -100.4058
12241418.457031, -102.2882
12242944.335938, -103.8105
12244470.214844, -104.0505
12245996.093750, -103.1281
12247521.972656, -101.8754
12249047.851562, -101.1257
12250573.730469, -101.1670
12252099.609375, -101.6358
12253625.488281, -102.1631
12255151.367188, -103.0697
12256677.246094, -105.1159
12258203.125000, -108.9532
12259729.003906, -113.6315
12261254.882812, -113.1344
12262780.761719, -111.0142
12264306.640625, -110.1667
12265832.519531, -110.3149
12267358.398438, -111.2270
12268884.277344, -112.3604
12270410.156250, -112.8137
12271936.035156, -112.2384
12273461.914062, -111.4548
12274987.792969, -111.6983
12276513.671875, -112.6418
12278039.550781, -110.9279
12279565.429688, -107.0989
12281091.308594, -103.8890
12282617.187500, -102.1342
12284143.066406, -101.5251
12285668.945312, -101.5301
12287194.824219, -101.9066
12288720.703125, -102.3604
12290246.582031, -103.1213
12291772.460938, -104.5773
12293298.339844, -106.0224
12294824.218750, -106.9105
12296350.097656, -108.4082
12297875.976562, -111.7644
12299401.855469, -116.0489
12300927.734375, -114.7156
12302453.613281, -112.2168
12303979.492188, -110.4372
12305505.371094, -108.5592
12307031.250000, -107.2027
12308557.128906, -107.7571
12310083.007812, -111.8750
12311608.886719, -117.8732
12313134.765625, -112.4641
12314660.644531, -109.7533
12316186.523438, -107.4938
12317712.402344, -104.8032
12319238.281250, -102.2116
12320764.160156, -100.5690
12322290.039062, -100.4415
12323815.917969, -101.6483
12325341.796875, -103.2491
12326867.675781, -104.1632
12328393.554688, -104.7002
12329919.433594, -106.1581
12331445.312500, -108.8086
12332971.191406, -108.2768
12334497.070312, -105.2537
12336022.949219, -103.8400
12337548.828125, -104.1901
12339074.707031, -105.8553
12340600.585938, -107.8240
12342126.464844, -108.5708
12343652.343750, -108.4004
12345178.222656, -108.2912
12346704.101562, -107.0902
12348229.980469, -105.5189
12349755.859375, -105.3505
12351281.738281, -106.7789
12352807.617188, -109.6551
12354333.496094, -114.5785
12355859.375000, -129.8038
12357385.253906, -114.8480
12358911.132812, -107.2748
12360437.011719, -104.0489
12361962.890625, -102.7333
12363488.769531, -102.5377
12365014.648438, -103.6111
12366540.527344, -105.4301
12368066.406250, -107.2761
12369592.285156, -111.2498
12371118.164062, -116.5130
12372644.042969, -114.2513
12374169.921875, -114.8242
12375695.800781, -112.7586
12377221.679688, -109.6573
12378747.558594, -108.6115
12380273.437500, -109.0004
12381799.316406, -110.2711
12383325.195312, -110.2108
12384851.074219, -107.8914
12386376.953125, -105.4463
12387902.832031, -103.4136
12389428.710938, -101.8852
12390954.589844, -101.2061
12392480.468750, -101.9732
12394006.347656, -105.1975
12395532.226562, -114.0712
12397058.105469, -118.2357
12398583.984375, -109.4034
12400109.863281, -105.8974
12401635.742188, -102.8414
12403161.621094, -100.2314
12404687.500000, -98.6031
12406213.378906, -97.8000
12407739.257812, -97.3000
12409265.136719, -96.8322
12410791.015625, -96.5583
12412316.894531, -96.7701
12413842.773438, -97.6265
12415368.652344, -99.2250
12416894.531250, -101.7641
12418420.410156, -105.4577
12419946.289062, -110.4075
12421472.167969, -117.7115
12422998.046875, -115.5001
12424523.925781, -109.2458
12426049.804688, -106.3944
12427575.683594, -105.4242
12429101.562500, -105.9195
12430627.441406, -107.8602
12432153.320312, -111.5174
12433679.199219, -117.7708
12435205.078125, -114.7827
12436730.957031, -108.8649
12438256.835938, -106.1427
12439782.714844, -105.4003
12441308.593750, -105.6542
12442834.472656, -105.5317
12444360.351562, -103.4452
12445886.230469, -100.4683
12447412.109375, -98.3964
12448937.988281, -97.6121
12450463.867188, -97.9191
12451989.746094, -98.9828
12453515.625000, -100.6010
12455041.503906, -103.1211
12456567.382812, -108.0330
12458093.261719, -115.8321
12459619.140625, -108.2639
12461145.019531, -104.6087
12462670.898438, -103.1044
12464196.777344, -101.8773
12465722.656250, -100.7354
12467248.535156, -100.1483
12468774.414062, -100.0550
12470300.292969, -100.0804
12471826.171875, -100.0402
12473352.050781, -100.0628
12474877.929688, -100.5003
12476403.808594, -101.5484
12477929.687500, -102.6287
12479455.566406, -102.7367
12480981.445312, -102.2471
12482507.324219, -101.8110
12484033.203125, -101.4509
12485559.082031, -101.2246
12487084.960938, -101.2980
12488610.839844, -101.7592
12490136.718750, -102.7150
12491662.597656, -104.1386
12493188.476562, -105.5554
12494714.355469, -106.4633
12496240.234375, -106.7583
12497766.113281, -106.3218
12499291.992188, -105.4815
12500817.871094, -104.9821
12502343.750000, -104.8377
12503869.628906, -104.0838
12505395.507812, -102.3718
12506921.386719, -100.5709
12508447.265625, -99.3009
12509973.144531, -98.6294
12511499.023438, -98.4228
12513024.902344, -98.7390
12514550.781250, -99.8517
12516076.660156, -101.7244
12517602.539062, -103.2833
12519128.417969, -103.3037
12520654.296875, -102.3836
12522180.175781, -101.0087
12523706.054688, -99.2419
12525231.933594, -97.6040
12526757.812500, -96.6868
12528283.691406, -96.6001
12529809.570312, -96.9263
12531335.449219, -97.1852
12532861.328125, -97.4067
12534387.207031, -97.7778
12535913.085938, -98.3213
12537438.964844, -99.1817
12538964.843750, -100.5141
12540490.722656, -102.1485
12542016.601562, -103.2748
12543542.480469, -103.5350
12545068.359375, -104.9591
12546594.238281, -108.7791
12548120.117188, -108.3764
12549645.996094, -106.0192
12551171.875000, -106.4051
12552697.753906, -108.1952
12554223.632812, -109.8418
12555749.511719, -110.9185
12557275.390625, -111.3060
12558801.269531, -111.5554
12560327.148438, -113.3294
12561853.027344, -118.6452
12563378.906250, -118.2755
12564904.785156, -112.9297
12566430.664062, -110.3618
12567956.542969, -109.4746
12569482.421875, -110.5397
12571008.300781, -114.4535
12572534.179688, -119.6924
12574060.058594, -113.2628
12575585.937500, -109.2869
12577111.816406, -108.0307
12578637.695312, -108.0815
12580163.574219, -108.2872
12581689.453125, -108.4854
12583215.332031, -108.9532
12584741.210938, -108.8256
12586267.089844, -106.7687
12587792.968750, -103.5658
12589318.847656, -100.8720
12590844.726562, -99.2338
12592370.605469, -98.3449
12593896.484375, -97.6328
12595422.363281, -96.8757
12596948.242188, -96.3801
12598474.121094, -96.4873
12600000.000000, -97.1926
12601525.878906, -98.0389
12603051.757812, -98.3699
12604577.636719, -98.0606
12606103.515625, -97.4919
12607629.394531, -96.7018
12609155.273438, -95.6916
12610681.152344, -95.0128
12612207.031250, -95.1854
12613732.910156, -96.4797
12615258.789062, -99.2824
12616784.667969, -105.1004
12618310.546875, -122.7379
12619836.425781, -103.2498
12621362.304688, -98.2425
12622888.183594, -96.3515
12624414.062500, -96.3180
12625939.941406, -97.5962
12627465.820312, -99.8510
12628991.699219, -103.0904
12630517.578125, -107.5558
12632043.457031, -110.0340
12633569.335938, -107.5305
12635095.214844, -105.8056
12636621.093750, -105.0031
12638146.972656, -104.0141
12639672.851562, -102.8197
12641198.730469, -101.8384
12642724.609375, -101.3098
12644250.488281, -101.7131
12645776.367188, -103.7258
12647302.246094, -108.7713
12648828.125000, -121.8193
12650354.003906, -109.6126
12651879.882812, -105.7141
12653405.761719, -105.4293
12654931.640625, -107.2305
12656457.519531, -110.0278
12657983.398438, -113.8445
12659509.277344, -116.4803
12661035.156250, -107.8365
12662561.035156, -102.7753
12664086.914062, -100.8701
12665612.792969, -101.1585
12667138.671875, -102.4950
12668664.550781, -103.2523
12670190.429688, -102.6137
12671716.308594, -101.3853
12673242.187500, -100.8972
12674768.066406, -101.6619
12676293.945312, -103.3866
12677819.824219, -105.4290
12679345.703125, -107.3824
12680871.582031, -107.5750
12682397.460938, -103.0083
12683923.339844, -98.7421
12685449.218750, -96.3705
12686975.097656, -95.4147
12688500.976562, -95.3272
12690026.855469, -95.7978
12691552.734375, -96.7806
12693078.613281, -98.2261
12694604.492188, -99.6532
12696130.371094, -100.0342
12697656.250000, -99.1744
12699182.128906, -98.3094
12700708.007812, -98.2906
12702233.886719, -99.0182
12703759.765625, -99.3881
12705285.644531, -98.5566
12706811.523438, -97.6391
12708337.402344, -97.6246
12709863.281250, -98.4940
12711389.160156, -99.5919
12712915.039062, -100.3184
12714440.917969, -100.7307
12715966.796875, -101.2237
12717492.675781, -102.0464
12719018.554688, -102.7215
12720544.433594, -102.0880
12722070.312500, -100.5091
12723596.191406, -99.9634
12725122.070312, -101.4365
12726647.949219, -104.9873
12728173.828125, -109.8381
12729699.707031, -112.7049
12731225.585938, -111.0918
12732751.464844, -109.3178
12734277.343750, -108.6469
12735803.222656, -107.8618
12737329.101562, -105.2716
12738854.980469, -102.3996
12740380.859375, -100.9931
12741906.738281, -101.4418
12743432.617188, -103.2795
12744958.496094, -104.9133
12746484.375000, -105.9853
12748010.253906, -107.7590
12749536.132812, -107.9478
12751062.011719, -105.2899
12752587.890625, -103.3040
12754113.769531, -102.7328
12755639.648438, -102.9631
12757165.527344, -102.9485
12758691.406250, -102.2276
12760217.285156, -101.3261
12761743.164062, -100.7990
12763269.042969, -100.8932
12764794.921875, -101.8342
12766320.800781, -104.0194
12767846.679688, -108.0902
12769372.558594, -115.9378
12770898.437500, -123.1178
12772424.316406, -109.2669
12773950.195312, -103.1818
12775476.074219, -100.0426
12777001.953125, -99.1378
12778527.832031, -99.8934
12780053.710938, -101.3288
12781579.589844, -102.2394
12783105.468750, -102.5362
12784631.347656, -103.3895
12786157.226562, -105.5419
12787683.105469, -107.8653
12789208.984375, -107.4364
12790734.863281, -104.7140
12792260.742188, -102.5254
12793786.621094, -101.9455
12795312.500000, -102.8679
12796838.378906, -104.6057
12798364.257812, -105.3802
12799890.136719, -103.2602
12801416.015625, -100.1802
12802941.894531, -97.9095
12804467.773438, -96.4738
12805993.652344, -95.5095
12807519.531250, -94.9689
12809045.410156, -95.1642
12810571.289062, -96.3426
12812097.167969, -98.2468
12813623.046875, -99.9768
12815148.925781, -100.7422
12816674.804688, -101.1532
12818200.683594, -102.3522
12819726.562500, -104.2516
12821252.441406, -105.4695
12822778.320312, -106.1742
12824304.199219, -108.1314
12825830.078125, -109.9729
12827355.957031, -107.1277
12828881.835938, -104.5580
12830407.714844, -103.5522
12831933.593750, -103.1853
12833459.472656, -102.9386
12834985.351562, -103.2812
12836511.230469, -104.6279
12838037.109375, -104.5902
12839562.988281, -101.9371
12841088.867188, -99.6786
12842614.746094, -98.1092
12844140.625000, -96.8576
12845666.503906, -96.1382
12847192.382812, -96.4641
12848718.261719, -98.2142
12850244.140625, -101.7049
12851770.019531, -108.1251
12853295.898438, -128.1435
12854821.777344, -111.8557
12856347.656250, -108.1945
12857873.535156, -107.2282
12859399.414062, -106.7184
12860925.292969, -105.8935
12862451.171875, -106.0126
12863977.050781, -107.6279
12865502.929688, -107.4907
12867028.808594, -105.5979
12868554.687500, -104.5023
12870080.566406, -103.3839
12871606.445312, -101.9607
12873132.324219, -100.9202
12874658.203125, -100.2375
12876184.082031, -99.7761
12877709.960938, -100.1221
12879235.839844, -102.0902
12880761.718750, -106.4284
12882287.597656, -111.6544
12883813.476562, -109.1604
12885339.355469, -106.0913
12886865.234375, -104.4179
12888391.113281, -103.8491
12889916.992188, -104.0650
12891442.871094, -104.3171
12892968.750000, -104.2809
12894494.628906, -104.8262
12896020.507812, -106.2338
12897546.386719, -107.4285
12899072.265625, -107.9164
12900598.144531, -108.2013
12902124.023438, -108.6049
12903649.902344, -109.4463
12905175.781250, -107.6312
12906701.660156, -103.9164
12908227.539062, -101.9467
12909753.417969, -101.5715
12911279.296875, -101.6338
12912805.175781, -101.3091
12914331.054688, -100.9826
12915856.933594, -101.3969
12917382.812500, -102.2322
12918908.691406, -101.9620
12920434.570312, -100.5222
12921960.449219, -99.0266
12923486.328125, -97.8889
12925012.207031, -97.2067
12926538.085938, -97.0750
12928063.964844, -97.4949
12929589.843750, -98.3347
12931115.722656, -99.4878
12932641.601562, -101.0179
12934167.480469, -103.1880
12935693.359375, -106.2644
12937219.238281, -109.5478
12938745.117188, -110.3039
12940270.996094, -108.9746
12941796.875000, -107.3525
12943322.753906, -105.8313
12944848.632812, -104.5145
12946374.511719, -102.7004
12947900.390625, -100.3810
12949426.269531, -98.7276
12950952.148438, -98.2699
12952478.027344, -98.7183
12954003.906250, -99.3314
12955529.785156, -99.7391
12957055.664062, -100.5852
12958581.542969, -102.2578
12960107.421875, -102.8698
12961633.300781, -101.0181
12963159.179688, -98.9161
12964685.058594, -97.2764
12966210.937500, -95.9709
12967736.816406, -94.8665
12969262.695312, -93.9946
12970788.574219, -93.5931
12972314.453125, -93.8000
12973840.332031, -94.5029
12975366.210938, -95.5078
12976892.089844, -96.5391
12978417.968750, -96.9586
12979943.847656, -96.4511
12981469.726562, -95.8222
12982995.605469, -95.9082
12984521.484375, -97.0810
12986047.363281, -99.5678
12987573.242188, -103.7654
12989099.121094, -110.4190
12990625.000000, -117.9649
12992150.878906, -117.7499
12993676.757812, -116.5107
12995202.636719, -114.3449
12996728.515625, -112.1998
12998254.394531, -111.2634
12999780.273438, -112.3324
13001306.152344, -116.8451
13002832.031250, -125.7819
13004357.910156, -118.8744
13005883.789062, -117.2070
13007409.667969, -119.0642
13008935.546875, -119.3440
13010461.425781, -115.8326
13011987.304688, -110.6870
13013513.183594, -105.4075
13015039.062500, -101.1726
13016564.941406, -98.3691
13018090.820312, -96.7773
13019616.699219, -95.8920
13021142.578125, -95.2943
13022668.457031, -94.9595
13024194.335938, -95.0933
13025720.214844, -95.7360
13027246.093750, -96.6516
13028771.972656, -97.5856
13030297.851562, -98.5492
13031823.730469, -99.6338
13033349.609375, -100.8123
13034875.488281, -102.2189
13036401.367188, -104.3381
13037927.246094, -108.0536
13039453.125000, -114.8402
13040979.003906, -116.5269
13042504.882812, -111.7091
13044030.761719, -108.7404
13045556.640625, -107.2866
13047082.519531, -107.5403
13048608.398438, -108.1046
13050134.277344, -106.5814
13051660.156250, -103.6832
13053186.035156, -101.7956
13054711.914062, -101.8054
13056237.792969, -103.6462
13057763.671875, -106.7171
13059289.550781, -109.8306
13060815.429688, -111.1686
13062341.308594, -109.3327
13063867.187500, -106.2412
13065393.066406, -104.4793
13066918.945312, -104.6955
13068444.824219, -106.1787
13069970.703125, -107.2728
13071496.582031, -108.0862
13073022.460938, -109.4708
13074548.339844, -111.0506
13076074.218750, -110.2174
13077600.097656, -106.6988
13079125.976562, -104.4224
13080651.855469, -103.0434
13082177.734375, -101.7288
13083703.613281, -100.6345
13085229.492188, -99.9989
13086755.371094, -99.9939
13088281.250000, -100.3391
13089807.128906, -100.5599
13091333.007812, -100.9009
13092858.886719, -101.9450
13094384.765625, -104.2056
13095910.644531, -107.6103
13097436.523438, -108.9757
13098962.402344, -107.0318
13100488.281250, -105.4667
13102014.160156, -104.4909
13103540.039062, -103.1889
13105065.917969, -101.8183
13106591.796875, -101.1114
13108117.675781, -101.0293
13109643.554688, -101.2395
13111169.433594, -101.5384
13112695.312500, -101.5692
13114221.191406, -101.0898
13115747.070312, -100.4643
13117272.949219, -100.2151
13118798.828125, -100.3290
13120324.707031, -100.3864
13121850.585938, -100.3500
13123376.464844, -100.4978
13124902.343750, -100.8478
13126428.222656, -101.2527
13127954.101562, -101.8329
13129479.980469, -103.1413
13131005.859375, -105.7760
13132531.738281, -109.0277
13134057.617188, -110.3418
13135583.496094, -111.4503
13137109.375000, -111.0262
13138635.253906, -106.3749
13140161.132812, -102.7837
13141687.011719, -101.2045
13143212.890625, -101.0079
13144738.769531, -101.1830
13146264.648438, -101.1698
13147790.527344, -101.4663
13149316.406250, -102.6565
13150842.285156, -104.6906
13152368.164062, -107.2841
13153894.042969, -110.4074
13155419.921875, -113.1043
13156945.800781, -113.3762
13158471.679688, -113.2844
13159997.558594, -116.0715
13161523.437500, -116.0821
13163049.316406, -109.1052
13164575.195312, -105.4353
13166101.074219, -103.6449
13167626.953125, -102.6241
13169152.832031, -102.0477
13170678.710938, -102.2527
13172204.589844, -103.9158
13173730.468750, -108.1029
13175256.347656, -115.1743
13176782.226562, -111.7633
13178308.105469, -109.4185
13179833.984375, -110.5293
13181359.863281, -113.6339
13182885.742188, -115.9459
13184411.621094, -112.7911
13185937.500000, -107.2677
13187463.378906, -103.5118
13188989.257812, -101.9247
13190515.136719, -102.3994
13192041.015625, -104.3763
13193566.894531, -106.0511
13195092.773438, -105.8602
13196618.652344, -104.5773
13198144.531250, -103.3114
13199670.410156, -102.3045
13201196.289062, -101.8483
13202722.167969, -102.5804
13204248.046875, -105.0612
13205773.925781, -110.3796
13207299.804688, -117.2393
13208825.683594, -111.2655
13210351.562500, -109.3749
13211877.441406, -111.5927
13213403.320312, -114.4321
13214929.199219, -108.3905
13216455.078125, -104.6454
13217980.957031, -103.3450
13219506.835938, -103.0574
13221032.714844, -102.5020
13222558.593750, -101.1648
13224084.472656, -100.2660
13225610.351562, -100.9114
13227136.230469, -102.4757
13228662.109375, -102.7450
13230187.988281, -101.4531
13231713.867188, -99.8339
13233239.746094, -98.3266
13234765.625000, -96.9496
13236291.503906, -96.0612
13237817.382812, -96.0230
13239343.261719, -96.6942
13240869.140625, -97.4875
13242395.019531, -97.8132
13243920.898438, -97.7574
13245446.777344, -98.0017
13246972.656250, -98.9917
13248498.535156, -100.4509
13250024.414062, -101.5530
13251550.292969, -102.0410
13253076.171875, -102.3751
13254602.050781, -102.9706
13256127.929688, -103.9190
13257653.808594, -104.8309
13259179.687500, -105.1596
13260705.566406, -104.5250
13262231.445312, -103.3305
13263757.324219, -102.5393
13265283.203125, -102.8781
13266809.082031, -104.6033
13268334.960938, -107.3507
13269860.839844, -108.6222
13271386.718750, -105.2317
13272912.597656, -100.8945
13274438.476562, -97.5136
13275964.355469, -95.2250
13277490.234375, -93.9745
13279016.113281, -93.6986
13280541.992188, -94.3136
13282067.871094, -95.7051
13283593.750000, -97.8085
13285119.628906, -100.8988
13286645.507812, -106.4276
13288171.386719, -125.1049
13289697.265625, -106.3193
13291223.144531, -100.9065
13292749.023438, -98.5639
13294274.902344, -97.5700
13295800.781250, -96.9833
13297326.660156, -96.4406
13298852.539062, -96.2853
13300378.417969, -96.9763
13301904.296875, -98.4305
13303430.175781, -99.7908
13304956.054688, -100.1557
13306481.933594, -99.8388
13308007.812500, -99.6879
13309533.691406, -99.6571
13311059.570312, -98.7731
13312585.449219, -97.1203
13314111.328125, -95.8281
13315637.207031, -95.3263
13317163.085938, -95.4660
13318688.964844, -95.9807
13320214.843750, -96.7343
13321740.722656, -97.7404
13323266.601562, -98.9601
13324792.480469, -100.2089
13326318.359375, -101.2704
13327844.238281, -101.9792
13329370.117188, -102.2591
13330895.996094, -102.0636
13332421.875000, -101.3428
13333947.753906, -100.4502
13335473.632812, -99.8278
13336999.511719, -99.5321
13338525.390625, -99.5931
13340051.269531, -100.3218
13341577.148438, -102.1526
13343103.027344, -105.4069
13344628.906250, -110.0528
13346154.785156, -115.8406
13347680.664062, -120.5410
13349206.542969, -112.9150
13350732.421875, -108.0062
13352258.300781, -105.6879
13353784.179688, -104.7449
13355310.058594, -104.0702
13356835.937500, -103.1293
13358361.816406, -102.5581
13359887.695312, -102.9777
13361413.574219, -104.2795
13362939.453125, -106.1776
13364465.332031, -108.5322
13365991.210938, -109.9215
13367517.089844, -110.8379
13369042.968750, -113.5657
13370568.847656, -116.5345
13372094.726562, -115.4049
13373620.605469, -110.7095
13375146.484375, -107.7772
13376672.363281, -107.4029
13378198.242188, -108.5142
13379724.121094, -109.4478
13381250.000000, -109.8190
13382775.878906, -110.1064
13384301.757812, -110.2050
13385827.636719, -110.3623
13387353.515625, -112.3964
13388879.394531, -115.9455
13390405.273438, -112.6709
13391931.152344, -109.8012
13393457.031250, -108.7064
13394982.910156, -108.6204
13396508.789062, -108.2018
13398034.667969, -107.1803
13399560.546875, -107.3360
13401086.425781, -109.5222
13402612.304688, -114.2683
13404138.183594, -110.0539
13405664.062500, -105.5498
13407189.941406, -104.3338
13408715.820312, -104.5047
13410241.699219, -104.2883
13411767.578125, -103.8828
13413293.457031, -104.6216
13414819.335938, -106.7473
13416345.214844, -109.0194
13417871.093750, -110.6111
13419396.972656, -113.2702
13420922.851562, -118.3331
13422448.730469, -114.3183
13423974.609375, -109.1464
13425500.488281, -107.0419
13427026.367188, -106.5160
13428552.246094, -105.9002
13430078.125000, -104.5732
13431604.003906, -103.2935
13433129.882812, -102.3059
13434655.761719, -101.3866
13436181.640625, -100.2741
13437707.519531, -99.0143
13439233.398438, -98.2415
13440759.277344, -98.3438
13442285.156250, -98.9784
13443811.035156, -99.3000
13445336.914062, -99.1957
13446862.792969, -100.0227
13448388.671875, -103.1604
13449914.550781, -109.6619
13451440.429688, -116.5744
13452966.308594, -111.3437
13454492.187500, -107.2573
13456018.066406, -105.2255
13457543.945312, -104.3911
13459069.824219, -103.9952
13460595.703125, -103.3725
13462121.582031, -102.5094
13463647.460938, -101.9516
13465173.339844, -102.0125
13466699.218750, -102.2791
13468225.097656, -101.6067
13469750.976562, -100.0490
13471276.855469, -98.8628
13472802.734375, -98.4995
13474328.613281, -98.7388
13475854.492188, -99.3269
13477380.371094, -100.2962
13478906.250000, -101.8519
13480432.128906, -104.1833
13481958.007812, -107.8060
13483483.886719, -114.7382
13485009.765625, -132.4698
13486535.644531, -120.7680
13488061.523438, -120.0630
13489587.402344, -115.2643
13491113.281250, -109.3000
13492639.160156, -105.2093
13494165.039062, -102.6199
13495690.917969, -101.0565
13497216.796875, -100.2315
13498742.675781, -100.0035
13500268.554688, -100.3504
13501794.433594, -101.3021
13503320.312500, -102.7259
13504846.191406, -104.0574
13506372.070312, -104.2569
13507897.949219, -102.7725
13509423.828125, -100.4720
13510949.707031, -98.3083
13512475.585938, -96.5866
13514001.464844, -95.3722
13515527.343750, -94.7550
13517053.222656, -94.7776
13518579.101562, -95.2900
13520104.980469, -95.9991
13521630.859375, -96.8037
13523156.738281, -98.0192
13524682.617188, -99.7103
13526208.496094, -100.6977
13527734.375000, -100.6079
13529260.253906, -100.8701
13530786.132812, -101.9441
13532312.011719, -103.6428
13533837.890625, -106.1315
13535363.769531, -110.6763
13536889.648438, -128.0370
13538415.527344, -111.1393
13539941.406250, -103.7491
13541467.285156, -99.6469
13542993.164062, -97.2389
13544519.042969, -96.0128
13546044.921875, -95.5180
13547570.800781, -95.3510
13549096.679688, -95.3669
13550622.558594, -95.6897
13552148.437500, -96.3917
13553674.316406, -97.1069
13555200.195312, -97.1828
13556726.074219, -96.6254
13558251.953125, -96.1294
13559777.832031, -96.1861
13561303.710938, -96.8667
13562829.589844, -98.0668
13564355.468750, -99.7440
13565881.347656, -101.9607
13567407.226562, -104.5964
13568933.105469, -106.4138
13570458.984375, -105.8139
13571984.863281, -104.2781
13573510.742188, -103.2731
13575036.621094, -102.9032
13576562.500000, -102.6863
13578088.378906, -102.7190
13579614.257812, -104.0114
13581140.136719, -108.0392
13582666.015625, -121.6284
13584191.894531, -110.2015
13585717.773438, -104.4532
13587243.652344, -102.2706
13588769.531250, -101.4138
13590295.410156, -101.0509
13591821.289062, -101.0966
13593347.167969, -101.6274
13594873.046875, -102.5149
13596398.925781, -103.4379
13597924.804688, -104.3420
13599450.683594, -105.8649
13600976.562500, -107.8353
13602502.441406, -105.8237
13604028.320312, -101.6107
13605554.199219, -98.5345
13607080.078125, -96.6096
13608605.957031, -95.6782
13610131.835938, -95.8353
13611657.714844, -97.3843
13613183.593750, -100.9566
13614709.472656, -108.6999
13616235.351562, -113.0017
13617761.230469, -103.7075
13619287.109375, -99.4392
13620812.988281, -97.0098
13622338.867188, -96.0064
13623864.746094, -96.2107
13625390.625000, -97.2099
13626916.503906, -98.5346
13628442.382812, -99.9570
13629968.261719, -101.6922
13631494.140625, -103.5911
13633020.019531, -103.6167
13634545.898438, -102.5991
13636071.777344, -103.1695
13637597.656250, -105.4529
13639123.535156, -105.5122
13640649.414062, -102.7974
13642175.292969, -101.0217
13643701.171875, -99.9075
13645227.050781, -98.7846
13646752.929688, -98.0405
13648278.808594, -98.2322
13649804.687500, -99.3979
13651330.566406, -101.1395
13652856.445312, -102.8004
13654382.324219, -103.6252
13655908.203125, -103.2555
13657434.082031, -102.2332
13658959.960938, -101.3189
13660485.839844, -100.8464
13662011.718750, -100.7404
13663537.597656, -100.6145
13665063.476562, -100.0741
13666589.355469, -99.3972
13668115.234375, -99.4643
13669641.113281, -101.1940
13671166.992188, -104.7392
13672692.871094, -105.2675
13674218.750000, -102.3411
13675744.628906, -100.3006
13677270.507812, -98.9310
13678796.386719, -98.1346
13680322.265625, -98.3461
13681848.144531, -100.0524
13683374.023438, -103.0238
13684899.902344, -104.8756
13686425.781250, -104.3895
13687951.660156, -103.1088
13689477.539062, -101.6258
13691003.417969, -100.7084
13692529.296875, -101.0669
13694055.175781, -103.0081
13695581.054688, -106.0984
13697106.933594, -107.9548
13698632.812500, -106.4805
13700158.691406, -104.2740
13701684.570312, -103.0574
13703210.449219, -103.2200
13704736.328125, -104.8233
13706262.207031, -108.3472
13707788.085938, -117.1839
13709313.964844, -115.1718
13710839.843750, -107.5203
13712365.722656, -104.6186
13713891.601562, -103.6135
13715417.480469, -103.6123
13716943.359375, -104.0238
13718469.238281, -104.3190
13719995.117188, -104.4111
13721520.996094, -104.9384
13723046.875000, -106.5494
13724572.753906, -108.9763
13726098.632812, -110.7688
13727624.511719, -110.3754
13729150.390625, -108.1814
13730676.269531, -106.1911
13732202.148438, -104.7540
13733728.027344, -103.4874
13735253.906250, -102.4682
13736779.785156, -102.1574
13738305.664062, -102.9306
13739831.542969, -104.7547
13741357.421875, -106.9539
13742883.300781, -108.0173
13744409.179688, -106.8536
13745935.058594, -104.9672
13747460.937500, -103.6080
13748986.816406, -102.8690
13750512.695312, -102.5191
13752038.574219, -102.3032
13753564.453125, -102.5380
13755090.332031, -103.9644
13756616.210938, -106.7024
13758142.089844, -107.8450
13759667.968750, -105.0797
13761193.847656, -102.2314
13762719.726562, -100.4212
13764245.605469, -99.7364
13765771.484375, -99.9918
13767297.363281, -100.6068
13768823.242188, -101.1187
13770349.121094, -102.0738
13771875.000000, -105.0600
13773400.878906, -114.0953
13774926.757812, -115.2063
13776452.636719, -109.1051
13777978.515625, -109.5293
13779504.394531, -112.0172
13781030.273438, -112.4461
13782556.152344, -110.9526
13784082.031250, -111.9114
13785607.910156, -113.0752
13787133.789062, -107.5814
13788659.667969, -104.7017
13790185.546875, -104.0687
13791711.425781, -104.0591
13793237.304688, -103.6212
13794763.183594, -103.0404
13796289.062500, -103.2226
13797814.941406, -104.6967
13799340.820312, -107.6042
13800866.699219, -111.6423
13802392.578125, -115.2733
13803918.457031, -116.3646
13805444.335938, -116.5170
13806970.214844, -115.1160
13808496.093750, -111.4912
13810021.972656, -108.3411
13811547.851562, -107.2047
13813073.730469, -107.6575
13814599.609375, -108.1192
13816125.488281, -108.9164
13817651.367188, -109.7842
13819177.246094, -107.7170
13820703.125000, -105.4617
13822229.003906, -103.7031
13823754.882812, -101.4971
13825280.761719, -99.2755
13826806.640625, -97.8056
13828332.519531, -97.3195
13829858.398438, -97.6578
13831384.277344, -98.6154
13832910.156250, -100.3666
13834436.035156, -103.6295
13835961.914062, -108.6880
13837487.792969, -109.4090
13839013.671875, -106.6369
13840539.550781, -104.7470
13842065.429688, -102.8137
13843591.308594, -101.0179
13845117.187500, -100.2945
13846643.066406, -101.0550
13848168.945312, -103.1737
13849694.824219, -106.1857
13851220.703125, -109.8120
13852746.582031, -116.1321
13854272.460938, -120.1230
13855798.339844, -108.6353
13857324.218750, -104.1803
13858850.097656, -101.9800
13860375.976562, -100.1890
13861901.855469, -98.0090
13863427.734375, -95.7911
13864953.613281, -94.3323
13866479.492188, -94.0163
13868005.371094, -94.6143
13869531.250000, -95.5367
13871057.128906, -96.4173
13872583.007812, -97.8023
13874108.886719, -100.9293
13875634.765625, -105.0946
13877160.644531, -102.5870
13878686.523438, -99.7794
13880212.402344, -98.8197
13881738.281250, -98.7017
13883264.160156, -98.7756
13884790.039062, -99.1893
13886315.917969, -100.6613
13887841.796875, -103.9283
13889367.675781, -110.3101
13890893.554688, -120.4704
13892419.433594, -111.0854
13893945.312500, -108.1912
13895471.191406, -107.7023
13896997.070312, -107.3640
13898522.949219, -106.2270
13900048.828125, -104.9206
13901574.707031, -104.2914
13903100.585938, -103.7711
13904626.464844, -102.3054
13906152.343750, -100.2797
13907678.222656, -98.5491
13909204.101562, -97.3750
13910729.980469, -96.7026
13912255.859375, -96.4697
13913781.738281, -96.6950
13915307.617188, -97.3490
13916833.496094, -98.3105
13918359.375000, -99.6219
13919885.253906, -101.3720
13921411.132812, -102.6135
13922937.011719, -102.1787
13924462.890625, -101.5603
13925988.769531, -101.7002
13927514.648438, -102.2575
13929040.527344, -102.6640
13930566.406250, -102.0457
13932092.285156, -100.1308
13933618.164062, -98.1087
13935144.042969, -96.9913
13936669.921875, -97.0865
13938195.800781, -98.3211
13939721.679688, -100.3886
13941247.558594, -102.8151
13942773.437500, -105.0242
13944299.316406, -105.5897
13945825.195312, -103.6914
13947351.074219, -101.4584
13948876.953125, -100.2576
13950402.832031, -100.4237
13951928.710938, -101.9483
13953454.589844, -104.3880
13954980.468750, -105.8425
13956506.347656, -104.5007
13958032.226562, -102.2444
13959558.105469, -100.1397
13961083.984375, -98.4327
13962609.863281, -97.4158
13964135.742188, -97.2111
13965661.621094, -97.7380
13967187.500000, -98.8621
13968713.378906, -100.6281
13970239.257812, -103.4152
13971765.136719, -107.0074
13973291.015625, -106.9422
13974816.894531, -104.4530
13976342.773438, -103.1621
13977868.652344, -102.7348
13979394.531250, -102.8915
13980920.410156, -104.2537
13982446.289062, -107.8592
13983972.167969, -111.8110
13985498.046875, -109.8805
13987023.925781, -108.6743
13988549.804688, -108.2064
13990075.683594, -106.8212
13991601.562500, -105.9316
13993127.441406, -107.0853
13994653.320312, -110.0569
13996179.199219, -112.1817
13997705.078125, -112.0613
13999230.957031, -109.8361
14000756.835938, -106.8252
14002282.714844, -104.0611
14003808.593750, -101.1738
14005334.472656, -98.6954
14006860.351562, -97.3258
14008386.230469, -97.0616
14009912.109375, -97.6223
14011437.988281, -98.9669
14012963.867188, -101.5801
14014489.746094, -106.3183
14016015.625000, -107.7466
14017541.503906, -102.3746
14019067.382812, -99.0519
14020593.261719, -97.6070
14022119.140625, -97.6466
14023645.019531, -98.8297
14025170.898438, -100.5911
14026696.777344, -102.3243
14028222.656250, -103.9465
14029748.535156, -105.9603
14031274.414062, -108.8649
14032800.292969, -112.7349
14034326.171875, -116.1216
14035852.050781, -115.4234
14037377.929688, -113.9834
14038903.808594, -113.4683
14040429.687500, -109.0804
14041955.566406, -104.2086
14043481.445312, -101.2867
14045007.324219, -99.6127
14046533.203125, -98.4252
14048059.082031, -97.6221
14049584.960938, -97.6841
14051110.839844, -99.1227
14052636.718750, -102.1086
14054162.597656, -105.5085
14055688.476562, -105.0992
14057214.355469, -102.0399
14058740.234375, -99.6334
14060266.113281, -98.4923
14061791.992188, -98.6226
14063317.871094, -99.7918
14064843.750000, -101.6294
14066369.628906, -104.0770
14067895.507812, -107.9146
14069421.386719, -115.3026
14070947.265625, -125.7208
14072473.144531, -120.8999
14073999.023438, -121.4370
14075524.902344, -112.6357
14077050.781250, -107.8267
14078576.660156, -104.7594
14080102.539062, -102.4236
14081628.417969, -101.1324
14083154.296875, -101.1537
14084680.175781, -102.0974
14086206.054688, -102.1936
14087731.933594, -100.7395
14089257.812500, -99.8477
14090783.691406, -100.1926
14092309.570312, -100.2850
14093835.449219, -99.3514
14095361.328125, -98.9666
14096887.207031, -99.8973
14098413.085938, -102.2745
14099938.964844, -105.7326
14101464.843750, -108.0389
14102990.722656, -108.3887
14104516.601562, -108.0320
14106042.480469, -106.1025
14107568.359375, -103.2123
14109094.238281, -100.8955
14110620.117188, -99.7862
14112145.996094, -99.8201
14113671.875000, -100.6953
14115197.753906, -102.2872
14116723.632812, -104.1833
14118249.511719, -103.9685
14119775.390625, -101.4614
14121301.269531, -99.1628
14122827.148438, -97.4473
14124353.027344, -96.1076
14125878.906250, -95.2417
14127404.785156, -95.1307
14128930.664062, -95.9916
14130456.542969, -97.8959
14131982.421875, -100.7884
14133508.300781, -104.7968
14135034.179688, -111.7026
14136560.058594, -122.8050
14138085.937500, -107.5045
14139611.816406, -102.9019
14141137.695312, -101.0009
14142663.574219, -100.2157
14144189.453125, -99.6674
14145715.332031, -99.1104
14147241.210938, -98.4780
14148767.089844, -97.7320
14150292.968750, -97.1823
14151818.847656, -97.2153
14153344.726562, -97.7773
14154870.605469, -98.4075
14156396.484375, -98.7628
14157922.363281, -99.0236
14159448.242188, -99.5606
14160974.121094, -100.3781
14162500.000000, -100.9389
14164025.878906, -100.6699
14165551.757812, -99.7484
14167077.636719, -98.8510
14168603.515625, -98.5037
14170129.394531, -98.7694
14171655.273438, -99.2937
14173181.152344, -99.7547
14174707.031250, -100.1688
14176232.910156, -100.7055
14177758.789062, -101.5787
14179284.667969, -102.8979
14180810.546875, -104.1146
14182336.425781, -104.0291
14183862.304688, -103.0639
14185388.183594, -102.6774
14186914.062500, -103.3298
14188439.941406, -104.5339
14189965.820312, -105.6009
14191491.699219, -107.1562
14193017.578125, -111.1795
14194543.457031, -114.0115
14196069.335938, -106.5447
14197595.214844, -102.4771
14199121.093750, -100.6942
14200646.972656, -100.1421
14202172.851562, -100.1523
14203698.730469, -100.6117
14205224.609375, -101.9873
14206750.488281, -104.3784
14208276.367188, -105.3819
14209802.246094, -104.3068
14211328.125000, -104.3266
14212854.003906, -105.5161
14214379.882812, -105.4144
14215905.761719, -103.3789
14217431.640625, -101.4635
14218957.519531, -100.3848
14220483.398438, -100.0374
14222009.277344, -100.4685
14223535.156250, -102.2191
14225061.035156, -105.9276
14226586.914062, -109.2411
14228112.792969, -106.7345
14229638.671875, -104.1221
14231164.550781, -102.3473
14232690.429688, -100.8099
14234216.308594, -99.6881
14235742.187500, -99.2963
14237268.066406, -99.3300
14238793.945312, -99.3123
14240319.824219, -99.3414
14241845.703125, -99.6478
14243371.582031, -99.9187
14244897.460938, -99.8838
14246423.339844, -99.7886
14247949.218750, -99.9108
14249475.097656, -100.2143
14251000.976562, -100.2261
14252526.855469, -99.8388
14254052.734375, -99.8110
14255578.613281, -100.8194
14257104.492188, -102.7912
14258630.371094, -104.3996
14260156.250000, -103.8944
14261682.128906, -101.5422
14263208.007812, -98.5188
14264733.886719, -95.9620
14266259.765625, -94.5237
14267785.644531, -94.2846
14269311.523438, -94.9083
14270837.402344, -95.7941
14272363.281250, -96.4711
14273889.160156, -97.0007
14275415.039062, -97.5640
14276940.917969, -97.8853
14278466.796875, -97.6584
14279992.675781, -97.3054
14281518.554688, -97.6458
14283044.433594, -99.2802
14284570.312500, -102.4419
14286096.191406, -106.9108
14287622.070312, -111.8103
14289147.949219, -113.0452
14290673.828125, -108.4391
14292199.707031, -105.1776
14293725.585938, -104.3631
14295251.464844, -105.2907
14296777.343750, -105.7674
14298303.222656, -104.8867
14299829.101562, -104.2457
14301354.980469, -103.9654
14302880.859375, -103.6300
14304406.738281, -103.1499
14305932.617188, -102.5790
14307458.496094, -102.1253
14308984.375000, -102.0519
14310510.253906, -102.1995
14312036.132812, -101.4170
14313562.011719, -99.5149
14315087.890625, -97.9594
14316613.769531, -97.5007
14318139.648438, -98.2164
14319665.527344, -100.0283
14321191.406250, -102.7767
14322717.285156, -105.1468
14324243.164062, -104.3792
14325769.042969, -101.6198
14327294.921875, -99.0352
14328820.800781, -97.3485
14330346.679688, -96.5234
14331872.558594, -96.3094
14333398.437500, -96.4509
14334924.316406, -96.7083
14336450.195312, -96.9720
14337976.074219, -97.3147
14339501.953125, -97.8584
14341027.832031, -98.6099
14342553.710938, -99.4488
14344079.589844, -99.9539
14345605.468750, -99.6328
14347131.347656, -98.7796
14348657.226562, -97.8811
14350183.105469, -97.0419
14351708.984375, -96.3025
14353234.863281, -95.8368
14354760.742188, -95.8521
14356286.621094, -96.4559
14357812.500000, -97.6089
14359338.378906, -99.0393
14360864.257812, -100.1325
14362390.136719, -100.4786
14363916.015625, -100.5047
14365441.894531, -100.7660
14366967.773438, -101.2379
14368493.652344, -101.3039
14370019.531250, -100.7598
14371545.410156, -100.1372
14373071.289062, -99.9282
14374597.167969, -100.3344
14376123.046875, -101.1123
14377648.925781, -101.7371
14379174.804688, -101.9450
14380700.683594, -101.8279
14382226.562500, -101.6389
14383752.441406, -101.7884
14385278.320312, -102.4593
14386804.199219, -103.2418
14388330.078125, -103.7875
14389855.957031, -104.8829
14391381.835938, -107.7130
14392907.714844, -109.3986
14394433.593750, -106.5980
14395959.472656, -104.9397
14397485.351562, -104.3892
14399011.230469, -104.0120
14400537.109375, -103.5636
14402062.988281, -102.9535
14403588.867188, -102.5015
14405114.746094, -102.9685
14406640.625000, -104.9858
14408166.503906, -109.2333
14409692.382812, -115.9650
14411218.261719, -109.3629
14412744.140625, -103.9053
14414270.019531, -101.4132
14415795.898438, -100.6771
14417321.777344, -100.6709
14418847.656250, -100.5166
14420373.535156, -100.0219
14421899.414062, -99.4027
14423425.292969, -98.8977
14424951.171875, -98.7057
14426477.050781, -98.7936
14428002.929688, -98.7758
14429528.808594, -98.4384
14431054.687500, -98.2219
14432580.566406, -98.6054
14434106.445312, -99.5267
14435632.324219, -100.4687
14437158.203125, -100.9456
14438684.082031, -100.9034
14440209.960938, -100.8989
14441735.839844, -101.8068
14443261.718750, -104.1422
14444787.597656, -107.6446
14446313.476562, -111.1690
14447839.355469, -114.0049
14449365.234375, -117.5919
14450891.113281, -118.3060
14452416.992188, -112.5582
14453942.871094, -109.5012
14455468.750000, -109.1640
14456994.628906, -110.7303
14458520.507812, -112.3801
14460046.386719, -112.7797
14461572.265625, -110.8517
14463098.144531, -109.3752
14464624.023438, -112.2156
14466149.902344, -132.7934
14467675.781250, -114.7848
14469201.660156, -111.7028
14470727.539062, -111.4555
14472253.417969, -110.0664
14473779.296875, -106.7310
14475305.175781, -104.3476
14476831.054688, -104.1483
14478356.933594, -105.2877
14479882.812500, -106.1508
14481408.691406, -106.9163
14482934.570312, -108.2875
14484460.449219, -110.3161
14485986.328125, -112.5650
14487512.207031, -112.6551
14489038.085938, -109.6485
14490563.964844, -106.5445
14492089.843750, -105.0157
14493615.722656, -105.4175
14495141.601562, -107.7167
14496667.480469, -111.2352
14498193.359375, -114.0581
14499719.238281, -116.0246
14501245.117188, -116.4525
14502770.996094, -110.5268
14504296.875000, -105.4968
14505822.753906, -102.6330
14507348.632812, -101.1984
14508874.511719, -100.4251
14510400.390625, -99.7373
14511926.269531, -99.1000
14513452.148438, -98.9928
14514978.027344, -100.0022
14516503.906250, -102.4856
14518029.785156, -106.1664
14519555.664062, -109.6177
14521081.542969, -111.9804
14522607.421875, -114.3560
14524133.300781, -117.0319
14525659.179688, -121.6840
14527185.058594, -115.5369
14528710.937500, -108.6039
14530236.816406, -105.1999
14531762.695312, -103.3606
14533288.574219, -102.0310
14534814.453125, -100.7117
14536340.332031, -99.6060
14537866.210938, -99.1065
14539392.089844, -99.1662
14540917.968750, -99.2238
14542443.847656, -98.7195
14543969.726562, -97.9084
14545495.605469, -97.4021
14547021.484375, -97.3802
14548547.363281, -97.6638
14550073.242188, -98.2767
14551599.121094, -99.6910
14553125.000000, -102.2966
14554650.878906, -104.3064
14556176.757812, -102.8909
14557702.636719, -101.4403
14559228.515625, -101.0726
14560754.394531, -101.0450
14562280.273438, -101.0710
14563806.152344, -101.8066
14565332.031250, -104.0691
14566857.910156, -107.2424
14568383.789062, -107.4594
14569909.667969, -106.6924
14571435.546875, -107.9020
14572961.425781, -112.2186
14574487.304688, -118.5255
14576013.183594, -111.3613
14577539.062500, -108.5618
14579064.941406, -108.9811
14580590.820312, -109.4070
14582116.699219, -106.8140
14583642.578125, -103.5141
14585168.457031, -101.3683
14586694.335938, -100.6251
14588220.214844, -100.9188
14589746.093750, -101.7913
14591271.972656, -102.9366
14592797.851562, -104.0298
14594323.730469, -104.6744
14595849.609375, -104.4714
14597375.488281, -103.6732
14598901.367188, -103.2512
14600427.246094, -103.7295
14601953.125000, -105.2629
14603479.003906, -108.4496
14605004.882812, -115.8563
14606530.761719, -116.2893
14608056.640625, -107.7434
14609582.519531, -104.1098
14611108.398438, -102.7303
14612634.277344, -102.7469
14614160.156250, -103.6044
14615686.035156, -105.0629
14617211.914062, -107.5204
14618737.792969, -110.6722
14620263.671875, -109.1830
14621789.550781, -106.4467
14623315.429688, -105.0679
14624841.308594, -103.7701
14626367.187500, -102.6430
14627893.066406, -102.2606
14629418.945312, -102.6365
14630944.824219, -103.9372
14632470.703125, -106.4092
14633996.582031, -109.6054
14635522.460938, -111.3189
14637048.339844, -110.8990
14638574.218750, -111.6916
14640100.097656, -115.7710
14641625.976562, -121.1843
14643151.855469, -110.0662
14644677.734375, -104.6920
14646203.613281, -102.6333
14647729.492188, -102.2333
14649255.371094, -101.9960
14650781.250000, -101.5125
14652307.128906, -101.5722
14653833.007812, -102.9152
14655358.886719, -105.7522
14656884.765625, -108.4114
14658410.644531, -107.6783
14659936.523438, -106.2779
14661462.402344, -105.9265
14662988.281250, -106.4776
14664514.160156, -107.4815
14666040.039062, -107.9057
14667565.917969, -106.8136
14669091.796875, -105.2020
14670617.675781, -103.8934
14672143.554688, -102.9545
14673669.433594, -102.4453
14675195.312500, -102.6326
14676721.191406, -104.1785
14678247.070312, -108.2746
14679772.949219, -112.3012
14681298.828125, -105.3765
14682824.707031, -100.7740
14684350.585938, -98.2310
14685876.464844, -96.7728
14687402.343750, -95.8507
14688928.222656, -95.3202
14690454.101562, -95.3435
14691979.980469, -96.1205
14693505.859375, -97.7031
14695031.738281, -99.8778
14696557.617188, -102.2689
14698083.496094, -104.8593
14699609.375000, -107.6105
14701135.253906, -110.2905
14702661.132812, -112.4298
14704187.011719, -112.2611
14705712.890625, -109.5615
14707238.769531, -106.9073
14708764.648438, -105.8672
14710290.527344, -105.7901
14711816.406250, -105.5770
14713342.285156, -105.1440
14714868.164062, -104.9257
14716394.042969, -105.0220
14717919.921875, -105.0641
14719445.800781, -105.2305
14720971.679688, -106.8200
14722497.558594, -111.5163
14724023.437500, -114.3426
14725549.316406, -109.0373
14727075.195312, -106.5117
14728601.074219, -105.3167
14730126.953125, -104.1403
14731652.832031, -102.5545
14733178.710938, -101.3873
14734704.589844, -101.3569
14736230.468750, -102.4032
14737756.347656, -103.6157
14739282.226562, -103.3762
14740808.105469, -101.7956
14742333.984375, -100.2655
14743859.863281, -99.3527
14745385.742188, -98.8903
14746911.621094, -98.6008
14748437.500000, -98.5238
14749963.378906, -98.6760
14751489.257812, -98.8714
14753015.136719, -99.0751
14754541.015625, -99.5761
14756066.894531, -100.6992
14757592.773438, -102.3916
14759118.652344, -103.2979
14760644.531250, -101.1408
14762170.410156, -98.0070
14763696.289062, -95.9091
14765222.167969, -94.9149
14766748.046875, -94.6035
14768273.925781, -94.6206
14769799.804688, -94.9229
14771325.683594, -95.7385
14772851.562500, -97.2597
14774377.441406, -99.1978
14775903.320312, -100.6399
14777429.199219, -101.4902
14778955.078125, -102.6366
14780480.957031, -104.2176
14782006.835938, -105.7098
14783532.714844, -106.5226
14785058.593750, -106.5654
14786584.472656, -107.0360
14788110.351562, -108.8178
14789636.230469, -107.6264
14791162.109375, -102.6385
14792687.988281, -98.7883
14794213.867188, -96.5811
14795739.746094, -95.7013
14797265.625000, -95.6113
14798791.503906, -95.7210
14800317.382812, -95.9567
14801843.261719, -96.8243
14803369.140625, -98.7453
14804895.019531, -101.6141
14806420.898438, -104.5997
14807946.777344, -106.7791
14809472.656250, -106.9060
14810998.535156, -103.8438
14812524.414062, -100.3687
14814050.292969, -97.8777
14815576.171875, -96.3423
14817102.050781, -95.6705
14818627.929688, -95.9001
14820153.808594, -97.0351
14821679.687500, -99.0261
14823205.566406, -102.0703
14824731.445312, -106.8944
14826257.324219, -109.6955
14827783.203125, -104.4056
14829309.082031, -101.5085
14830834.960938, -100.9499
14832360.839844, -101.5008
14833886.718750, -101.8790
14835412.597656, -101.5126
14836938.476562, -100.8502
14838464.355469, -100.6211
14839990.234375, -101.4020
14841516.113281, -103.7279
14843041.992188, -108.5999
14844567.871094, -117.1660
14846093.750000, -112.5657
14847619.628906, -108.9916
14849145.507812, -107.0714
14850671.386719, -105.2074
14852197.265625, -104.2109
14853723.144531, -105.4568
14855249.023438, -109.6284
14856774.902344, -107.2422
14858300.781250, -102.9318
14859826.660156, -101.2644
14861352.539062, -100.8615
14862878.417969, -100.9605
14864404.296875, -101.7009
14865930.175781, -103.5468
14867456.054688, -106.6453
14868981.933594, -110.6085
14870507.812500, -112.4809
14872033.691406, -108.6728
14873559.570312, -104.4634
14875085.449219, -101.3476
14876611.328125, -99.1656
14878137.207031, -97.8406
14879663.085938, -97.3753
14881188.964844, -97.7994
14882714.843750, -99.2163
14884240.722656, -101.8521
14885766.601562, -106.1189
14887292.480469, -109.6426
14888818.359375, -105.6234
14890344.238281, -101.7796
14891870.117188, -99.3505
14893395.996094, -97.9427
14894921.875000, -97.4933
14896447.753906, -97.8347
14897973.632812, -98.3603
14899499.511719, -98.4701
14901025.390625, -98.4025
14902551.269531, -98.7229
14904077.148438, -99.8208
14905603.027344, -102.0146
14907128.906250, -105.5883
14908654.785156, -111.7823
14910180.664062, -123.4006
14911706.542969, -108.4457
14913232.421875, -103.9995
14914758.300781, -102.5277
14916284.179688, -102.3975
14917810.058594, -102.4469
14919335.937500, -101.8491
14920861.816406, -101.5153
14922387.695312, -102.8360
14923913.574219, -106.0450
14925439.453125, -108.5455
14926965.332031, -107.4834
14928491.210938, -105.4611
14930017.089844, -104.0973
14931542.968750, -104.0250
14933068.847656, -105.1658
14934594.726562, -106.8034
14936120.605469, -108.0724
14937646.484375, -107.8936
14939172.363281, -107.1583
14940698.242188, -107.7157
14942224.121094, -108.3761
14943750.000000, -108.0368
14945275.878906, -106.8875
14946801.757812, -105.4535
14948327.636719, -105.2794
14949853.515625, -106.9618
14951379.394531, -110.4355
14952905.273438, -108.7635
14954431.152344, -104.7167
14955957.031250, -102.6804
14957482.910156, -101.5531
14959008.789062, -100.3875
14960534.667969, -99.0680
14962060.546875, -98.0535
14963586.425781, -97.6788
14965112.304688, -98.0216
14966638.183594, -99.0055
14968164.062500, -100.3420
14969689.941406, -101.5044
14971215.820312, -101.9950
14972741.699219, -101.5171
14974267.578125, -100.1748
14975793.457031, -98.8402
14977319.335938, -98.2338
14978845.214844, -98.4658
14980371.093750, -99.4755
14981896.972656, -101.0010
14983422.851562, -101.9494
14984948.730469, -101.6499
14986474.609375, -101.6516
14988000.488281, -103.5680
14989526.367188, -107.8341
14991052.246094, -107.4215
14992578.125000, -103.2997
14994104.003906, -100.6387
14995629.882812, -98.9344
14997155.761719, -98.2261
14998681.640625, -98.7604
15000207.519531, -100.7341
15001733.398438, -104.7268
15003259.277344, -113.7532
15004785.156250, -116.0188
15006311.035156, -106.9334
15007836.914062, -103.4417
15009362.792969, -101.7444
15010888.671875, -100.9655
15012414.550781, -100.4764
15013940.429688, -99.9474
15015466.308594, -99.8190
15016992.187500, -100.9404
15018518.066406, -104.0568
15020043.945312, -109.8208
15021569.824219, -113.6492
15023095.703125, -107.8188
15024621.582031, -102.9625
15026147.460938, -99.8196
15027673.339844, -98.2527
15029199.218750, -98.0895
15030725.097656, -99.0751
15032250.976562, -100.8648
15033776.855469, -102.9620
15035302.734375, -104.5914
15036828.613281, -105.3972
15038354.492188, -106.2316
15039880.371094, -108.1150
15041406.250000, -111.1495
15042932.128906, -112.0591
15044458.007812, -110.7244
15045983.886719, -110.0980
15047509.765625, -106.1225
15049035.644531, -101.2273
15050561.523438, -98.1821
15052087.402344, -96.6938
15053613.281250, -96.1710
15055139.160156, -96.1104
15056665.039062, -96.1947
15058190.917969, -96.2557
15059716.796875, -96.0982
15061242.675781, -95.8135
15062768.554688, -95.8561
15064294.433594, -96.4027
15065820.312500, -97.2269
15067346.191406, -98.0406
15068872.070312, -98.8338
15070397.949219, -99.8729
15071923.828125, -101.2756
15073449.707031, -102.8129
15074975.585938, -104.0030
15076501.464844, -104.4114
15078027.343750, -104.3322
15079553.222656, -104.4937
15081079.101562, -105.5205
15082604.980469, -108.1567
15084130.859375, -112.5657
15085656.738281, -108.6904
15087182.617188, -102.9882
15088708.496094, -99.7053
15090234.375000, -98.0755
15091760.253906, -97.5177
15093286.132812, -97.5627
15094812.011719, -98.0061
15096337.890625, -99.0131
15097863.769531, -101.0695
15099389.648438, -104.8243
15100915.527344, -110.8850
15102441.406250, -119.5716
15103967.285156, -124.4233
15105493.164062, -115.8447
15107019.042969, -109.9675
15108544.921875, -105.9589
15110070.800781, -103.3995
15111596.679688, -102.0578
15113122.558594, -101.4519
15114648.437500, -101.2423
15116174.316406, -101.3211
15117700.195312, -101.2014
15119226.074219, -100.7270
15120751.953125, -100.5149
15122277.832031, -100.6903
15123803.710938, -100.5725
15125329.589844, -99.7822
15126855.468750, -98.9957
15128381.347656, -98.8666
15129907.226562, -99.6279
15131433.105469, -101.4582
15132958.984375, -104.9623
15134484.863281, -111.6602
15136010.742188, -114.3956
15137536.621094, -108.3437
15139062.500000, -105.3272
15140588.378906, -103.7760
15142114.257812, -103.1956
15143640.136719, -103.8308
15145166.015625, -106.2174
15146691.894531, -110.8487
15148217.773438, -113.1851
15149743.652344, -109.0408
15151269.531250, -106.3378
15152795.410156, -105.5243
15154321.289062, -105.7903
15155847.167969, -105.8273
15157373.046875, -104.8677
15158898.925781, -103.4879
15160424.804688, -102.4816
15161950.683594, -102.2953
15163476.562500, -103.2293
15165002.441406, -105.0211
15166528.320312, -106.4247
15168054.199219, -106.6800
15169580.078125, -106.8659
15171105.957031, -108.1274
15172631.835938, -108.6226
15174157.714844, -105.5175
15175683.593750, -102.5968
15177209.472656, -100.8012
15178735.351562, -99.4801
15180261.230469, -98.2000
15181787.109375, -97.0641
15183312.988281, -96.4297
15184838.867188, -96.4970
15186364.746094, -97.2691
15187890.625000, -98.4326
15189416.503906, -99.2127
15190942.382812, -98.9765
15192468.261719, -98.0094
15193994.140625, -97.2740
15195520.019531, -97.0922
15197045.898438, -96.9333
15198571.777344, -96.3851
15200097.656250, -95.8737
15201623.535156, -96.0461
15203149.414062, -97.0308
15204675.292969, -98.3639
15206201.171875, -99.4706
15207727.050781, -100.2244
15209252.929688, -100.6163
15210778.808594, -100.1802
15212304.687500, -99.0359
15213830.566406, -97.9158
15215356.445312, -96.9406
15216882.324219, -96.0314
15218408.203125, -95.4783
15219934.082031, -95.6808
15221459.960938, -96.6955
15222985.839844, -98.0107
15224511.718750, -98.8998
15226037.597656, -99.5072
15227563.476562, -100.2091
15229089.355469, -100.4927
15230615.234375, -100.0101
15232141.113281, -99.4567
15233666.992188, -99.5726
15235192.871094, -100.5254
15236718.750000, -101.5516
15238244.628906, -101.4529
15239770.507812, -100.8589
15241296.386719, -101.0425
15242822.265625, -102.2208
15244348.144531, -103.0961
15245874.023438, -102.6838
15247399.902344, -102.3072
15248925.781250, -102.5592
15250451.660156, -103.4233
15251977.539062, -104.4804
15253503.417969, -104.7661
15255029.296875, -103.9102
15256555.175781, -103.1189
15258081.054688, -103.4936
15259606.933594, -104.2472
15261132.812500, -103.7529
15262658.691406, -102.5840
15264184.570312, -101.3110
15265710.449219, -99.6658
15267236.328125, -97.9203
15268762.207031, -96.7752
15270288.085938, -96.5975
15271813.964844, -97.3178
15273339.843750, -98.6088
15274865.722656, -100.1809
15276391.601562, -102.1804
15277917.480469, -105.3762
15279443.359375, -111.0771
15280969.238281, -114.4923
15282495.117188, -109.8983
15284020.996094, -106.6086
15285546.875000, -103.4277
15287072.753906, -100.7560
15288598.632812, -99.0011
15290124.511719, -97.9653
15291650.390625, -97.3201
15293176.269531, -96.9394
15294702.148438, -96.9379
15296228.027344, -97.3743
15297753.906250, -98.1227
15299279.785156, -99.0555
15300805.664062, -100.2448
15302331.542969, -102.0739
15303857.421875, -105.3635
15305383.300781, -111.2165
15306909.179688, -111.9287
15308435.058594, -107.3584
15309960.937500, -104.9917
15311486.816406, -103.7810
15313012.695312, -103.1222
15314538.574219, -102.7144
15316064.453125, -102.4403
15317590.332031, -102.1351
15319116.210938, -101.6634
15320642.089844, -101.1712
15322167.968750, -100.8161
15323693.847656, -100.5000
15325219.726562, -100.2076
15326745.605469, -100.3223
15328271.484375, -101.1955
15329797.363281, -102.7334
15331323.242188, -103.7315
15332849.121094, -102.7111
15334375.000000, -100.7952
15335900.878906, -98.9189
15337426.757812, -97.4072
15338952.636719, -96.5167
15340478.515625, -96.3226
15342004.394531, -96.8620
15343530.273438, -98.1027
15345056.152344, -100.0910
15346582.031250, -103.5210
15348107.910156, -109.0967
15349633.789062, -108.9849
15351159.667969, -105.8074
15352685.546875, -104.6206
15354211.425781, -104.1203
15355737.304688, -103.4578
15357263.183594, -102.9106
15358789.062500, -103.0909
15360314.941406, -103.6959
15361840.820312, -103.9380
15363366.699219, -103.5995
15364892.578125, -103.3366
15366418.457031, -104.5280
15367944.335938, -108.2047
15369470.214844, -113.9420
15370996.093750, -115.2739
15372521.972656, -112.4175
15374047.851562, -108.3181
15375573.730469, -104.2654
15377099.609375, -101.5348
15378625.488281, -100.4249
15380151.367188, -100.6962
15381677.246094, -101.6457
15383203.125000, -102.1811
15384729.003906, -101.9072
15386254.882812, -101.6895
15387780.761719, -102.0246
15389306.640625, -101.8561
15390832.519531, -100.4764
15392358.398438, -99.1141
15393884.277344, -98.7372
15395410.156250, -99.6143
15396936.035156, -101.7018
15398461.914062, -105.0804
15399987.792969, -111.0037
15401513.671875, -116.8883
15403039.550781, -107.1183
15404565.429688, -103.0858
15406091.308594, -101.5143
15407617.187500, -101.1499
15409143.066406, -101.5141
15410668.945312, -102.7337
15412194.824219, -105.7380
15413720.703125, -111.6386
15415246.582031, -115.2619
15416772.460938, -113.1471
15418298.339844, -112.0976
15419824.218750, -110.8356
15421350.097656, -108.6539
15422875.976562, -105.7134
15424401.855469, -102.8527
15425927.734375, -100.7982
15427453.613281, -99.8740
15428979.492188, -100.2247
15430505.371094, -102.0042
15432031.250000, -105.7651
15433557.128906, -114.5760
15435083.007812, -108.7153
15436608.886719, -101.0688
15438134.765625, -97.3881
15439660.644531, -95.8532
15441186.523438, -95.6590
15442712.402344, -96.0248
15444238.281250, -96.3989
15445764.160156, -96.9065
15447290.039062, -98.0670
15448815.917969, -99.9551
15450341.796875, -101.8373
15451867.675781, -103.3556
15453393.554688, -105.2661
15454919.433594, -108.7597
15456445.312500, -114.4809
15457971.191406, -110.0900
15459497.070312, -105.0266
15461022.949219, -102.2717
15462548.828125, -100.5725
15464074.707031, -99.3312
15465600.585938, -98.4650
15467126.464844, -98.2005
15468652.343750, -98.6668
15470178.222656, -99.4491
15471704.101562, -99.6168
15473229.980469, -98.8825
15474755.859375, -98.1299
15476281.738281, -98.2863
15477807.617188, -99.7766
15479333.496094, -102.6471
15480859.375000, -106.6453
15482385.253906, -110.6211
15483911.132812, -110.5071
15485437.011719, -107.2358
15486962.890625, -104.7224
15488488.769531, -103.5652
15490014.648438, -103.4629
15491540.527344, -103.6767
15493066.406250, -103.3152
15494592.285156, -102.2999
15496118.164062, -101.4032
15497644.042969, -101.1334
15499169.921875, -101.3720
15500695.800781, -101.6418
15502221.679688, -101.7987
15503747.558594, -102.4967
15505273.437500, -104.9616
15506799.316406, -111.9803
15508325.195312, -114.7819
15509851.074219, -105.9360
15511376.953125, -102.3837
15512902.832031, -100.1707
15514428.710938, -98.5220
15515954.589844, -97.7078
15517480.468750, -97.9673
15519006.347656, -99.1011
15520532.226562, -100.4688
15522058.105469, -101.4735
15523583.984375, -102.2889
15525109.863281, -103.6093
15526635.742188, -105.8577
15528161.621094, -109.3940
15529687.500000, -117.8802
15531213.378906, -115.3140
15532739.257812, -105.5970
15534265.136719, -101.7451
15535791.015625, -100.4704
15537316.894531, -100.8936
15538842.773438, -102.5019
15540368.652344, -104.6282
15541894.531250, -105.8522
15543420.410156, -105.8465
15544946.289062, -106.4016
15546472.167969, -108.4497
15547998.046875, -112.7750
15549523.925781, -119.2866
15551049.804688, -109.3174
15552575.683594, -103.6251
15554101.562500, -100.5638
15555627.441406, -98.5064
15557153.320312, -96.8566
15558679.199219, -95.9139
15560205.078125, -95.9400
15561730.957031, -96.8865
15563256.835938, -98.5755
15564782.714844, -100.8027
15566308.593750, -103.5328
15567834.472656, -106.6488
15569360.351562, -109.7344
15570886.230469, -110.6096
15572412.109375, -107.4352
15573937.988281, -105.6237
15575463.867188, -105.4748
15576989.746094, -106.0246
15578515.625000, -107.5750
15580041.503906, -111.0556
15581567.382812, -122.7386
15583093.261719, -108.7723
15584619.140625, -101.9334
15586145.019531, -98.8210
15587670.898438, -97.4390
15589196.777344, -96.7321
15590722.656250, -96.1003
15592248.535156, -95.6836
15593774.414062, -95.9868
15595300.292969, -97.2592
15596826.171875, -99.3056
15598352.050781, -101.7375
15599877.929688, -104.9704
15601403.808594, -110.8438
15602929.687500, -111.6394
15604455.566406, -105.3170
15605981.445312, -102.2008
15607507.324219, -100.8283
15609033.203125, -100.6952
15610559.082031, -101.7056
15612084.960938, -103.3204
15613610.839844, -104.2456
15615136.718750, -103.7432
15616662.597656, -103.2210
15618188.476562, -103.8579
15619714.355469, -104.7048
15621240.234375, -103.5554
15622766.113281, -101.2542
15624291.992188, -99.7296
15625817.871094, -99.5429
15627343.750000, -100.5570
15628869.628906, -102.5697
15630395.507812, -106.0919
15631921.386719, -111.4380
15633447.265625, -106.3495
15634973.144531, -101.6076
15636499.023438, -99.6120
15638024.902344, -98.8662
15639550.781250, -98.3536
15641076.660156, -97.8143
15642602.539062, -97.7002
15644128.417969, -98.5857
15645654.296875, -100.3437
15647180.175781, -101.7048
15648706.054688, -102.1109
15650231.933594, -102.7564
15651757.812500, -104.8044
15653283.691406, -109.5382
15654809.570312, -108.5543
15656335.449219, -102.3634
15657861.328125, -99.3636
15659387.207031, -98.4501
15660913.085938, -98.7994
15662438.964844, -99.7814
15663964.843750, -100.9793
15665490.722656, -102.1333
15667016.601562, -103.1072
15668542.480469, -103.9168
15670068.359375, -104.1151
15671594.238281, -103.2458
15673120.117188, -102.1060
15674645.996094, -101.5165
15676171.875000, -101.4510
15677697.753906, -101.1941
15679223.632812, -100.1983
15680749.511719, -98.6157
15682275.390625, -96.9401
15683801.269531, -95.6108
15685327.148438, -94.8408
15686853.027344, -94.7265
15688378.906250, -95.2681
15689904.785156, -96.2765
15691430.664062, -97.4141
15692956.542969, -98.4905
15694482.421875, -99.6297
15696008.300781, -100.9702
15697534.179688, -102.1677
15699060.058594, -102.4999
15700585.937500, -101.8919
15702111.816406, -101.0521
15703637.695312, -100.7943
15705163.574219, -101.6396
15706689.453125, -103.6992
15708215.332031, -106.3324
15709741.210938, -107.5750
15711267.089844, -106.3002
15712792.968750, -104.1174
15714318.847656, -102.1662
15715844.726562, -100.4152
15717370.605469, -98.9416
15718896.484375, -98.2201
15720422.363281, -98.5443
15721948.242188, -99.8862
15723474.121094, -102.1684
15725000.000000, -105.5767
15726525.878906, -108.2187
15728051.757812, -105.4251
15729577.636719, -102.7937
15731103.515625, -101.8169
15732629.394531, -101.6378
15734155.273438, -101.5331
15735681.152344, -101.4923
15737207.031250, -101.8662
15738732.910156, -102.6700
15740258.789062, -103.6318
15741784.667969, -104.7540
15743310.546875, -106.5487
15744836.425781, -109.6202
15746362.304688, -111.9148
15747888.183594, -109.7896
15749414.062500, -107.7010
15750939.941406, -107.5963
15752465.820312, -110.6891
15753991.699219, -125.0624
15755517.578125, -112.5548
15757043.457031, -106.6934
15758569.335938, -104.7386
15760095.214844, -104.6886
15761621.093750, -105.7934
15763146.972656, -105.8305
15764672.851562, -102.7703
15766198.730469, -99.8609
15767724.609375, -98.2170
15769250.488281, -97.4323
15770776.367188, -97.0858
15772302.246094, -97.1016
15773828.125000, -97.7011
15775354.003906, -99.0247
15776879.882812, -100.7229
15778405.761719, -102.0024
15779931.640625, -102.5722
15781457.519531, -102.5827
15782983.398438, -101.7162
15784509.277344, -100.0111
15786035.156250, -98.3563
15787561.035156, -97.5492
15789086.914062, -97.7398
15790612.792969, -98.3906
15792138.671875, -98.6565
15793664.550781, -98.4961
15795190.429688, -99.0145
15796716.308594, -101.6727
15798242.187500, -109.0269
15799768.066406, -118.8574
15801293.945312, -108.9681
15802819.824219, -106.9370
15804345.703125, -105.7171
15805871.582031, -104.4661
15807397.460938, -104.1948
15808923.339844, -106.0012
15810449.218750, -110.8050
15811975.097656, -119.0885
15813500.976562, -118.4015
15815026.855469, -110.9311
15816552.734375, -106.4308
15818078.613281, -104.1799
15819604.492188, -103.1689
15821130.371094, -102.0743
15822656.250000, -100.1418
15824182.128906, -98.1833
15825708.007812, -96.9224
15827233.886719, -96.3556
15828759.765625, -96.1698
15830285.644531, -96.0749
15831811.523438, -96.0592
15833337.402344, -96.3675
15834863.281250, -97.0557
15836389.160156, -97.7199
15837915.039062, -97.9789
15839440.917969, -98.2824
15840966.796875, -99.5069
15842492.675781, -102.1041
15844018.554688, -105.6809
15845544.433594, -109.2950
15847070.312500, -112.7883
15848596.191406, -111.3100
15850122.070312, -106.5161
15851647.949219, -104.1624
15853173.828125, -103.7766
15854699.707031, -103.7985
15856225.585938, -103.3712
15857751.464844, -103.0704
15859277.343750, -103.0147
15860803.222656, -102.7070
15862329.101562, -102.0633
15863854.980469, -101.4856
15865380.859375, -100.9301
15866906.738281, -100.0937
15868432.617188, -99.2603
15869958.496094, -98.8192
15871484.375000, -98.9694
15873010.253906, -99.7070
15874536.132812, -100.9138
15876062.011719, -102.8070
15877587.890625, -105.5556
15879113.769531, -108.1187
15880639.648438, -109.0144
15882165.527344, -108.5656
15883691.406250, -107.6067
15885217.285156, -106.5639
15886743.164062, -105.8810
15888269.042969, -106.2792
15889794.921875, -107.8519
15891320.800781, -110.0483
15892846.679688, -112.6518
15894372.558594, -115.7895
15895898.437500, -114.1947
15897424.316406, -107.9484
15898950.195312, -103.7241
15900476.074219, -101.5745
15902001.953125, -101.0086
15903527.832031, -101.5588
15905053.710938, -102.8768
15906579.589844, -105.2952
15908105.468750, -110.5636
15909631.347656, -114.6044
15911157.226562, -106.9386
15912683.105469, -103.2963
15914208.984375, -101.7083
15915734.863281, -101.2631
15917260.742188, -101.6932
15918786.621094, -102.9356
15920312.500000, -104.5485
15921838.378906, -104.8653
15923364.257812, -103.2323
15924890.136719, -101.6610
15926416.015625, -101.4100
15927941.894531, -102.9564
15929467.773438, -106.7078
15930993.652344, -113.2410
15932519.531250, -113.7727
15934045.410156, -106.9263
15935571.289062, -102.2993
15937097.167969, -99.6256
15938623.046875, -98.6461
15940148.925781, -98.7886
15941674.804688, -99.0086
15943200.683594, -98.4798
15944726.562500, -97.5225
15946252.441406, -96.8951
15947778.320312, -96.8618
15949304.199219, -97.0041
15950830.078125, -96.8401
15952355.957031, -96.5391
15953881.835938, -96.3261
15955407.714844, -96.1898
15956933.593750, -96.2992
15958459.472656, -96.9079
15959985.351562, -97.7488
15961511.230469, -98.1723
15963037.109375, -98.3888
15964562.988281, -99.3175
15966088.867188, -101.4878
15967614.746094, -104.6821
15969140.625000, -106.9774
15970666.503906, -105.1926
15972192.382812, -101.9312
15973718.261719, -99.7843
15975244.140625, -99.1521
15976770.019531, -99.7005
15978295.898438, -100.6096
15979821.777344, -101.1361
15981347.656250, -101.5865
15982873.535156, -102.9163
15984399.414062, -105.8346
15985925.292969, -111.3720
15987451.171875, -125.0973
15988977.050781, -112.7120
15990502.929688, -105.9711
15992028.808594, -101.8685
15993554.687500, -99.1855
15995080.566406, -97.5848
15996606.445312, -96.9307
15998132.324219, -97.1433
15999658.203125, -98.1111
16001184.082031, -99.6251
16002709.960938, -101.3430
16004235.839844, -103.1383
16005761.718750, -105.2032
16007287.597656, -107.4051
16008813.476562, -109.4626
16010339.355469, -111.9950
16011865.234375, -116.9304
16013391.113281, -118.0696
16014916.992188, -109.3337
16016442.871094, -103.8135
16017968.750000, -100.4163
16019494.628906, -98.6190
16021020.507812, -98.0099
16022546.386719, -98.1193
16024072.265625, -98.5387
16025598.144531, -99.1932
16027124.023438, -100.3510
16028649.902344, -102.1476
16030175.781250, -103.8569
16031701.660156, -104.3243
16033227.539062, -103.9290
16034753.417969, -103.8865
16036279.296875, -105.0771
16037805.175781, -106.9247
16039331.054688, -107.2829
16040856.933594, -105.9517
16042382.812500, -104.3939
16043908.691406, -103.6626
16045434.570312, -103.7585
16046960.449219, -104.1652
16048486.328125, -104.7363
16050012.207031, -105.5714
16051538.085938, -106.5072
16053063.964844, -107.2613
16054589.843750, -108.1652
16056115.722656, -110.3734
16057641.601562, -115.2747
16059167.480469, -123.7274
16060693.359375, -118.7806
16062219.238281, -111.5066
16063745.117188, -106.7412
16065270.996094, -103.8321
16066796.875000, -102.0977
16068322.753906, -101.4380
16069848.632812, -102.2187
16071374.511719, -104.6934
16072900.390625, -108.9389
16074426.269531, -111.1823
16075952.148438, -107.0349
16077478.027344, -103.8919
16079003.906250, -102.1917
16080529.785156, -101.5974
16082055.664062, -101.8016
16083581.542969, -102.4330
16085107.421875, -103.5921
16086633.300781, -105.6334
16088159.179688, -108.2927
16089685.058594, -110.7431
16091210.937500, -114.7790
16092736.816406, -124.8703
16094262.695312, -112.4412
16095788.574219, -107.9786
16097314.453125, -107.0137
16098840.332031, -108.4723
16100366.210938, -112.4885
16101892.089844, -120.8415
16103417.968750, -116.8294
16104943.847656, -110.3044
16106469.726562, -107.3734
16107995.605469, -106.0395
16109521.484375, -105.0689
16111047.363281, -103.7143
16112573.242188, -101.9970
16114099.121094, -100.4672
16115625.000000, -99.5259
16117150.878906, -98.9680
16118676.757812, -98.3039
16120202.636719, -97.7598
16121728.515625, -97.9415
16123254.394531, -98.9567
16124780.273438, -100.4656
16126306.152344, -102.5382
16127832.031250, -106.3544
16129357.910156, -113.7216
16130883.789062, -110.6511
16132409.667969, -105.2619
16133935.546875, -103.0120
16135461.425781, -102.9040
16136987.304688, -104.3420
16138513.183594, -106.1197
16140039.062500, -107.9928
16141564.941406, -112.7200
16143090.820312, -122.4291
16144616.699219, -114.1559
16146142.578125, -114.4168
16147668.457031, -114.2614
16149194.335938, -108.3195
16150720.214844, -104.8813
16152246.093750, -103.2114
16153771.972656, -102.1132
16155297.851562, -100.7393
16156823.730469, -99.5654
16158349.609375, -99.1840
16159875.488281, -99.5855
16161401.367188, -100.5715
16162927.246094, -102.0789
16164453.125000, -104.0742
16165979.003906, -105.0414
16167504.882812, -102.9212
16169030.761719, -100.5172
16170556.640625, -99.1592
16172082.519531, -98.4230
16173608.398438, -97.9213
16175134.277344, -97.8656
16176660.156250, -98.5402
16178186.035156, -99.3718
16179711.914062, -99.4474
16181237.792969, -99.3079
16182763.671875, -99.6178
16184289.550781, -100.2560
16185815.429688, -101.0994
16187341.308594, -102.7626
16188867.187500, -105.8878
16190393.066406, -109.0068
16191918.945312, -109.1531
16193444.824219, -108.7377
16194970.703125, -110.3265
16196496.582031, -115.5667
16198022.460938, -128.5686
16199548.339844, -118.0163
16201074.218750, -111.6434
16202600.097656, -109.7709
16204125.976562, -110.8565
16205651.855469, -113.0930
16207177.734375, -111.7945
16208703.613281, -106.9668
16210229.492188, -103.4425
16211755.371094, -101.6745
16213281.250000, -101.1522
16214807.128906, -101.4527
16216333.007812, -102.4982
16217858.886719, -104.3382
16219384.765625, -106.7005
16220910.644531, -108.8171
16222436.523438, -108.8512
16223962.402344, -108.6569
16225488.281250, -111.6563
16227014.160156, -120.4407
16228540.039062, -117.1056
16230065.917969, -110.3028
16231591.796875, -106.4513
16233117.675781, -104.7584
16234643.554688, -104.8587
16236169.433594, -106.4255
16237695.312500, -107.8863
16239221.191406, -106.2419
16240747.070312, -103.8799
16242272.949219, -102.7532
16243798.828125, -102.8912
16245324.707031, -104.1716
16246850.585938, -106.8556
16248376.464844, -111.5432
16249902.343750, -114.2049
16251428.222656, -109.2555
16252954.101562, -104.7538
16254479.980469, -101.1982
16256005.859375, -98.6912
16257531.738281, -97.5018
16259057.617188, -97.6685
16260583.496094, -98.8709
16262109.375000, -100.5333
16263635.253906, -102.3033
16265161.132812, -104.4622
16266687.011719, -107.4021
16268212.890625, -109.5554
16269738.769531, -110.5199
16271264.648438, -115.1792
16272790.527344, -122.0390
16274316.406250, -110.8302
16275842.285156, -106.9968
16277368.164062, -105.3875
16278894.042969, -104.8936
16280419.921875, -104.9325
16281945.800781, -105.1274
16283471.679688, -105.7348
16284997.558594, -107.3375
16286523.437500, -109.8529
16288049.316406, -111.0792
16289575.195312, -109.8688
16291101.074219, -107.1808
16292626.953125, -103.8337
16294152.832031, -101.0619
16295678.710938, -99.1615
16297204.589844, -97.9552
16298730.468750, -97.2532
16300256.347656, -97.0261
16301782.226562, -97.4253
16303308.105469, -98.6975
16304833.984375, -101.1024
16306359.863281, -104.8523
16307885.742188, -108.7996
16309411.621094, -106.6698
16310937.500000, -102.3818
16312463.378906, -99.5763
16313989.257812, -98.3700
16315515.136719, -98.6371
16317041.015625, -100.1707
16318566.894531, -102.6313
16320092.773438, -105.5076
16321618.652344, -108.5568
16323144.531250, -113.9460
16324670.410156, -122.9957
16326196.289062, -107.7852
16327722.167969, -103.0579
16329248.046875, -101.3728
16330773.925781, -101.1940
16332299.804688, -101.1506
16333825.683594, -100.1248
16335351.562500, -98.7425
16336877.441406, -98.1256
16338403.320312, -98.5205
16339929.199219, -99.5078
16341455.078125, -100.3628
16342980.957031, -100.8015
16344506.835938, -101.4089
16346032.714844, -102.1939
16347558.593750, -102.0630
16349084.472656, -101.0443
16350610.351562, -100.0568
16352136.230469, -99.4380
16353662.109375, -99.0714
16355187.988281, -99.2509
16356713.867188, -100.6223
16358239.746094, -103.1669
16359765.625000, -105.6721
16361291.503906, -106.7208
16362817.382812, -106.5132
16364343.261719, -106.3601
16365869.140625, -107.4707
16367395.019531, -110.3144
16368920.898438, -114.5632
16370446.777344, -118.0080
16371972.656250, -116.0629
16373498.535156, -116.5548
16375024.414062, -115.9716
16376550.292969, -113.3876
16378076.171875, -113.2106
16379602.050781, -112.4862
16381127.929688, -111.1616
16382653.808594, -111.4317
16384179.687500, -113.7381
16385705.566406, -112.5111
16387231.445312, -108.2748
16388757.324219, -106.2513
16390283.203125, -105.9538
16391809.082031, -106.4278
16393334.960938, -106.8336
16394860.839844, -106.6265
16396386.718750, -105.7479
16397912.597656, -104.6987
16399438.476562, -103.9188
16400964.355469, -102.7188
16402490.234375, -100.2299
16404016.113281, -97.6027
16405541.992188, -95.9171
16407067.871094, -95.2805
16408593.750000, -95.3745
16410119.628906, -95.9190
16411645.507812, -97.0411
16413171.386719, -99.2978
16414697.265625, -103.4258
16416223.144531, -109.6573
16417749.023438, -113.7838
16419274.902344, -113.4402
16420800.781250, -113.5436
16422326.660156, -116.5314
16423852.539062, -121.9477
16425378.417969, -117.6540
16426904.296875, -123.8503
16428430.175781, -112.5623
16429956.054688, -103.5932
16431481.933594, -99.2102
16433007.812500, -96.6004
16434533.691406, -94.8269
16436059.570312, -93.6178
16437585.449219, -92.9839
16439111.328125, -93.0047
16440637.207031, -93.7156
16442163.085938, -95.0246
16443688.964844, -96.5999
16445214.843750, -98.0283
16446740.722656, -99.1879
16448266.601562, -100.0359
16449792.480469, -100.6038
16451318.359375, -101.3990
16452844.238281, -103.1449
16454370.117188, -106.1748
16455895.996094, -109.9291
16457421.875000, -113.0306
16458947.753906, -113.4062
16460473.632812, -110.2626
16461999.511719, -107.1219
16463525.390625, -105.4393
16465051.269531, -105.2022
16466577.148438, -105.8540
16468103.027344, -106.4107
16469628.906250, -106.6658
16471154.785156, -107.2775
16472680.664062, -108.0747
16474206.542969, -108.1749
16475732.421875, -107.3519
16477258.300781, -105.9916
16478784.179688, -104.3194
16480310.058594, -102.6044
16481835.937500, -101.1354
16483361.816406, -100.0930
16484887.695312, -99.5846
16486413.574219, -99.6462
16487939.453125, -100.2721
16489465.332031, -101.6371
16490991.210938, -104.5944
16492517.089844, -112.0820
16494042.968750, -118.6298
16495568.847656, -108.1308
16497094.726562, -104.3183
16498620.605469, -100.9794
16500146.484375, -98.1308
16501672.363281, -96.3095
16503198.242188, -95.4482
16504724.121094, -95.2662
16506250.000000, -95.6429
16507775.878906, -96.8879
16509301.757812, -99.6446
16510827.636719, -104.8120
16512353.515625, -108.3658
16513879.394531, -102.5272
16515405.273438, -98.5681
16516931.152344, -96.5263
16518457.031250, -95.8943
16519982.910156, -96.3151
16521508.789062, -97.4681
16523034.667969, -99.2612
16524560.546875, -101.6757
16526086.425781, -103.1735
16527612.304688, -102.7444
16529138.183594, -103.0757
16530664.062500, -105.0365
16532189.941406, -107.5703
16533715.820312, -109.1917
16535241.699219, -108.8111
16536767.578125, -106.2225
16538293.457031, -103.8262
16539819.335938, -102.7253
16541345.214844, -102.8009
16542871.093750, -103.8137
16544396.972656, -105.6768
16545922.851562, -108.1785
16547448.730469, -111.0771
16548974.609375, -114.9148
16550500.488281, -117.4492
16552026.367188, -116.7360
16553552.246094, -113.1120
16555078.125000, -108.4150
16556604.003906, -105.8706
16558129.882812, -104.7393
16559655.761719, -103.7398
16561181.640625, -102.6556
16562707.519531, -102.4422
16564233.398438, -104.1439
16565759.277344, -107.2788
16567285.156250, -104.7782
16568811.035156, -100.8553
16570336.914062, -98.9510
16571862.792969, -98.6028
16573388.671875, -99.3458
16574914.550781, -100.7493
16576440.429688, -102.5210
16577966.308594, -104.9981
16579492.187500, -109.5352
16581018.066406, -120.0959
16582543.945312, -126.0359
16584069.824219, -118.2045
16585595.703125, -110.4826
16587121.582031, -106.0335
16588647.460938, -104.1033
16590173.339844, -103.2940
16591699.218750, -102.5190
16593225.097656, -101.1359
16594750.976562, -99.2260
16596276.855469, -97.5696
16597802.734375, -96.8036
16599328.613281, -97.0482
16600854.492188, -97.9510
16602380.371094, -98.8742
16603906.250000, -99.4147
16605432.128906, -99.7709
16606958.007812, -100.2802
16608483.886719, -100.8733
16610009.765625, -101.2883
16611535.644531, -101.6290
16613061.523438, -102.2084
16614587.402344, -103.0482
16616113.281250, -104.2758
16617639.160156, -106.8189
16619165.039062, -112.8160
16620690.917969, -116.9572
16622216.796875, -108.1636
16623742.675781, -104.2934
16625268.554688, -102.7024
16626794.433594, -102.3980
16628320.312500, -102.7946
16629846.191406, -103.7236
16631372.070312, -105.3732
16632897.949219, -106.3819
16634423.828125, -103.4533
16635949.707031, -100.0105
16637475.585938, -97.8574
16639001.464844, -96.8591
16640527.343750, -96.8756
16642053.222656, -97.9216
16643579.101562, -100.0954
16645104.980469, -103.2023
16646630.859375, -105.0537
16648156.738281, -103.2586
16649682.617188, -101.2703
16651208.496094, -100.9231
16652734.375000, -102.3738
16654260.253906, -105.2805
16655786.132812, -108.8067
16657312.011719, -112.1209
16658837.890625, -115.0263
16660363.769531, -115.6740
16661889.648438, -112.7957
16663415.527344, -109.2262
16664941.406250, -106.2056
16666467.285156, -104.4925
16667993.164062, -104.1532
16669519.042969, -104.4641
16671044.921875, -104.1683
16672570.800781, -103.1678
16674096.679688, -102.3246
16675622.558594, -101.7349
16677148.437500, -100.8938
16678674.316406, -99.5377
16680200.195312, -98.0629
16681726.074219, -97.0816
16683251.953125, -96.8780
16684777.832031, -97.2816
16686303.710938, -97.9005
16687829.589844, -98.6059
16689355.468750, -99.6912
16690881.347656, -101.4245
16692407.226562, -103.4565
16693933.105469, -104.7621
16695458.984375, -104.6882
16696984.863281, -103.3864
16698510.742188, -101.5846
16700036.621094, -100.1112
16701562.500000, -99.4095
16703088.378906, -99.4325
16704614.257812, -99.7392
16706140.136719, -100.0375
16707666.015625, -100.6926
16709191.894531, -102.1774
16710717.773438, -104.2786
16712243.652344, -105.7003
16713769.531250, -105.0330
16715295.410156, -102.4209
16716821.289062, -99.4238
16718347.167969, -97.1587
16719873.046875, -95.8432
16721398.925781, -95.3103
16722924.804688, -95.4417
16724450.683594, -96.3735
16725976.562500, -98.4157
16727502.441406, -102.1341
16729028.320312, -109.2670
16730554.199219, -109.8539
16732080.078125, -102.8731
16733605.957031, -99.9440
16735131.835938, -99.3471
16736657.714844, -100.4243
16738183.593750, -102.3116
16739709.472656, -102.8902
16741235.351562, -101.7224
16742761.230469, -100.9146
16744287.109375, -100.8768
16745812.988281, -101.0545
16747338.867188, -101.3179
16748864.746094, -102.1840
16750390.625000, -104.7573
16751916.503906, -111.8615
16753442.382812, -118.0002
16754968.261719, -106.4962
16756494.140625, -102.2457
16758020.019531, -99.8494
16759545.898438, -98.3592
16761071.777344, -97.3962
16762597.656250, -96.7721
16764123.535156, -96.5107
16765649.414062, -96.8988
16767175.292969, -98.4423
16768701.171875, -101.9016
16770227.050781, -109.2052
16771752.929688, -117.7421
16773278.808594, -107.4700
16774804.687500, -103.5894
16776330.566406, -101.4320
16777856.445312, -100.2905
16779382.324219, -100.3729
16780908.203125, -102.2195
16782434.082031, -107.0098
16783959.960938, -122.2406
16785485.839844, -111.7365
16787011.718750, -106.4855
16788537.597656, -104.3381
16790063.476562, -102.8275
16791589.355469, -101.3349
16793115.234375, -100.2124
16794641.113281, -99.8480
16796166.992188, -100.2736
16797692.871094, -101.2779
16799218.750000, -102.3770
16800744.628906, -103.1424
16802270.507812, -103.7840
16803796.386719, -104.7370
16805322.265625, -105.8568
16806848.144531, -106.2494
16808374.023438, -105.6658
16809899.902344, -105.2163
16811425.781250, -105.9490
16812951.660156, -107.4713
16814477.539062, -106.5575
16816003.417969, -102.9385
16817529.296875, -99.8939
16819055.175781, -98.4780
16820581.054688, -98.5862
16822106.933594, -99.6675
16823632.812500, -100.9894
16825158.691406, -101.8022
16826684.570312, -102.3142
16828210.449219, -103.5289
16829736.328125, -105.6119
16831262.207031, -107.6984
16832788.085938, -108.2567
16834313.964844, -106.8931
16835839.843750, -105.0456
16837365.722656, -103.6153
16838891.601562, -102.9366
16840417.480469, -102.9508
16841943.359375, -103.2043
16843469.238281, -103.0580
16844995.117188, -102.1941
16846520.996094, -100.9609
16848046.875000, -99.9745
16849572.753906, -99.6106
16851098.632812, -99.9708
16852624.511719, -101.0852
16854150.390625, -103.0107
16855676.269531, -105.5080
16857202.148438, -107.7466
16858728.027344, -110.6432
16860253.906250, -114.1232
16861779.785156, -110.3094
16863305.664062, -107.9268
16864831.542969, -107.9335
16866357.421875, -109.5978
16867883.300781, -113.3531
16869409.179688, -115.0356
16870935.058594, -111.2737
16872460.937500, -109.4550
16873986.816406, -109.9047
16875512.695312, -109.7049
16877038.574219, -107.1099
16878564.453125, -105.0223
16880090.332031, -104.0130
16881616.210938, -104.1450
16883142.089844, -105.8602
16884667.968750, -109.6579
16886193.847656, -112.3789
16887719.726562, -109.9400
16889245.605469, -108.0428
16890771.484375, -106.7323
16892297.363281, -105.2643
16893823.242188, -104.0171
16895349.121094, -103.4307
16896875.000000, -103.3080
16898400.878906, -103.6481
16899926.757812, -104.4728
16901452.636719, -105.1132
16902978.515625, -104.9970
16904504.394531, -104.4869
16906030.273438, -103.9856
16907556.152344, -103.7595
16909082.031250, -104.1523
16910607.910156, -105.1947
16912133.789062, -106.4422
16913659.667969, -107.3790
16915185.546875, -107.8840
16916711.425781, -108.9578
16918237.304688, -110.6656
16919763.183594, -110.1053
16921289.062500, -107.5889
16922814.941406, -106.1000
16924340.820312, -106.3609
16925866.699219, -108.1432
16927392.578125, -110.9220
16928918.457031, -114.9190
16930444.335938, -125.6726
16931970.214844, -111.3637
16933496.093750, -105.5688
16935021.972656, -103.5926
16936547.851562, -103.8668
16938073.730469, -105.3530
16939599.609375, -106.2288
16941125.488281, -104.8194
16942651.367188, -102.6199
16944177.246094, -101.0812
16945703.125000, -100.2093
16947229.003906, -99.5002
16948754.882812, -98.6243
16950280.761719, -97.7526
16951806.640625, -97.2462
16953332.519531, -97.1937
16954858.398438, -97.3286
16956384.277344, -97.3252
16957910.156250, -97.1786
16959436.035156, -97.2116
16960961.914062, -97.7666
16962487.792969, -98.9479
16964013.671875, -100.4894
16965539.550781, -101.7996
16967065.429688, -102.3611
16968591.308594, -102.1540
16970117.187500, -101.5187
16971643.066406, -100.5712
16973168.945312, -99.1328
16974694.824219, -97.4106
16976220.703125, -96.0693
16977746.582031, -95.6195
16979272.460938, -96.1594
16980798.339844, -97.4514
16982324.218750, -99.2112
16983850.097656, -101.3875
16985375.976562, -104.2582
16986901.855469, -108.7784
16988427.734375, -115.8810
16989953.613281, -115.2532
16991479.492188, -112.1561
16993005.371094, -111.1465
16994531.250000, -111.7869
16996057.128906, -112.7726
16997583.007812, -112.5009
16999108.886719, -113.8148
17000634.765625, -119.9049
17002160.644531, -119.7305
17003686.523438, -113.0515
17005212.402344, -111.0060
17006738.281250, -111.5808
17008264.160156, -112.2852
17009790.039062, -111.8925
17011315.917969, -113.5304
17012841.796875, -121.2232
17014367.675781, -122.6031
17015893.554688, -114.3233
17017419.433594, -110.3725
17018945.312500, -108.6520
17020471.191406, -109.1410
17021997.070312, -109.6021
17023522.949219, -109.3631
17025048.828125, -111.2616
17026574.707031, -116.5135
17028100.585938, -121.6238
17029626.464844, -115.4350
17031152.343750, -111.0489
17032678.222656, -108.5467
17034204.101562, -106.8247
17035729.980469, -105.8009
17037255.859375, -105.3402
17038781.738281, -104.7816
17040307.617188, -103.7069
17041833.496094, -102.5029
17043359.375000, -101.7117
17044885.253906, -101.3864
17046411.132812, -101.0812
17047937.011719, -100.4113
17049462.890625, -99.7045
17050988.769531, -99.6900
17052514.648438, -100.7433
17054040.527344, -102.5604
17055566.406250, -104.2810
17057092.285156, -104.4425
17058618.164062, -103.3052
17060144.042969, -102.9286
17061669.921875, -103.4662
17063195.800781, -103.7340
17064721.679688, -102.9912
17066247.558594, -102.0776
17067773.437500, -101.8899
17069299.316406, -102.0027
17070825.195312, -101.3785
17072351.074219, -100.3547
17073876.953125, -99.6506
17075402.832031, -99.1470
17076928.710938, -98.4438
17078454.589844, -97.6545
17079980.468750, -97.3964
17081506.347656, -98.2768
17083032.226562, -100.6473
17084558.105469, -103.3554
17086083.984375, -102.4315
17087609.863281, -100.4079
17089135.742188, -99.5187
17090661.621094, -99.3050
17092187.500000, -99.3136
17093713.378906, -99.5130
17095239.257812, -99.5000
17096765.136719, -98.3717
17098291.015625, -96.6059
17099816.894531, -95.3550
17101342.773438, -94.9675
17102868.652344, -95.3272
17104394.531250, -96.1814
17105920.410156, -97.1670
17107446.289062, -97.9268
17108972.167969, -98.5783
17110498.046875, -99.6334
17112023.925781, -101.2733
17113549.804688, -102.9582
17115075.683594, -103.8480
17116601.562500, -103.9955
17118127.441406, -104.4370
17119653.320312, -106.0251
17121179.199219, -108.9386
17122705.078125, -112.6316
17124230.957031, -112.8302
17125756.835938, -109.3095
17127282.714844, -106.0600
17128808.593750, -103.8090
17130334.472656, -102.7786
17131860.351562, -102.5753
17133386.230469, -102.6176
17134912.109375, -102.6190
17136437.988281, -102.4819
17137963.867188, -102.3456
17139489.746094, -102.2827
17141015.625000, -102.0272
17142541.503906, -101.5678
17144067.382812, -101.2703
17145593.261719, -101.2496
17147119.140625, -100.9267
17148645.019531, -99.7443
17150170.898438, -98.3940
17151696.777344, -97.5819
17153222.656250, -97.3146
17154748.535156, -97.3519
17156274.414062, -97.5796
17157800.292969, -98.1021
17159326.171875, -99.1703
17160852.050781, -100.9764
17162377.929688, -103.4589
17163903.808594, -106.2585
17165429.687500, -108.7243
17166955.566406, -111.2297
17168481.445312, -115.4253
17170007.324219, -121.3423
17171533.203125, -122.2082
17173059.082031, -117.3953
17174584.960938, -111.9861
17176110.839844, -107.5324
17177636.718750, -105.0499
17179162.597656, -104.2398
17180688.476562, -104.1045
17182214.355469, -103.8574
17183740.234375, -103.9083
17185266.113281, -105.1152
17186791.992188, -107.7224
17188317.871094, -110.4595
17189843.750000, -111.2251
17191369.628906, -111.0903
17192895.507812, -111.6398
17194421.386719, -110.5302
17195947.265625, -109.0136
17197473.144531, -108.9034
17198999.023438, -108.0940
17200524.902344, -107.4964
17202050.781250, -109.8175
17203576.660156, -117.2658
17205102.539062, -118.0273
17206628.417969, -112.7436
17208154.296875, -109.5152
17209680.175781, -106.2671
17211206.054688, -103.6859
17212731.933594, -102.6961
17214257.812500, -103.9712
17215783.691406, -108.9046
17217309.570312, -113.1676
17218835.449219, -105.0671
17220361.328125, -101.1574
17221887.207031, -98.8224
17223413.085938, -96.8933
17224938.964844, -95.3507
17226464.843750, -94.4674
17227990.722656, -94.4055
17229516.601562, -95.2678
17231042.480469, -97.2286
17232568.359375, -100.6379
17234094.238281, -106.0387
17235620.117188, -113.0519
17237145.996094, -112.6714
17238671.875000, -109.4694
17240197.753906, -107.9254
17241723.632812, -108.5191
17243249.511719, -113.6689
17244775.390625, -119.8559
17246301.269531, -106.6498
17247827.148438, -102.0697
17249353.027344, -99.9279
17250878.906250, -99.0004
17252404.785156, -98.8427
17253930.664062, -99.2455
17255456.542969, -99.9925
17256982.421875, -100.8660
17258508.300781, -101.6462
17260034.179688, -102.0096
17261560.058594, -101.6347
17263085.937500, -100.8832
17264611.816406, -100.4144
17266137.695312, -100.5274
17267663.574219, -101.4009
17269189.453125, -103.4130
17270715.332031, -107.5869
17272241.210938, -119.4083
17273767.089844, -111.6066
17275292.968750, -104.7952
17276818.847656, -101.5999
17278344.726562, -99.6364
17279870.605469, -98.3153
17281396.484375, -97.7510
17282922.363281, -98.1069
17284448.242188, -99.0972
17285974.121094, -100.3066
17287500.000000, -102.1027
17289025.878906, -105.2290
17290551.757812, -108.9640
17292077.636719, -108.6788
17293603.515625, -106.5386
17295129.394531, -106.2928
17296655.273438, -108.9829
17298181.152344, -117.8506
17299707.031250, -115.3511
17301232.910156, -108.8195
17302758.789062, -107.4327
17304284.667969, -108.1185
17305810.546875, -107.7279
17307336.425781, -105.7302
17308862.304688, -104.4072
17310388.183594, -104.2543
17311914.062500, -105.1319
17313439.941406, -107.2803
17314965.820312, -111.3298
17316491.699219, -115.6540
17318017.578125, -112.8507
17319543.457031, -109.2995
17321069.335938, -107.3725
17322595.214844, -107.3493
17324121.093750, -109.7694
17325646.972656, -111.2804
17327172.851562, -106.6429
17328698.730469, -103.2108
17330224.609375, -101.4537
17331750.488281, -100.7712
17333276.367188, -100.8165
17334802.246094, -101.4271
17336328.125000, -102.6445
17337854.003906, -104.1904
17339379.882812, -104.3144
17340905.761719, -103.0331
17342431.640625, -102.7029
17343957.519531, -103.9429
17345483.398438, -105.6620
17347009.277344, -105.6819
17348535.156250, -105.0494
17350061.035156, -105.5714
17351586.914062, -106.9899
17353112.792969, -108.3159
17354638.671875, -110.0100
17356164.550781, -113.3187
17357690.429688, -115.8460
17359216.308594, -110.4201
17360742.187500, -106.7679
17362268.066406, -105.1420
17363793.945312, -103.5571
17365319.824219, -101.5048
17366845.703125, -99.9554
17368371.582031, -99.3901
17369897.460938, -99.7382
17371423.339844, -100.6834
17372949.218750, -102.0686
17374475.097656, -104.2604
17376000.976562, -108.1863
17377526.855469, -111.2732
17379052.734375, -105.7415
17380578.613281, -102.0186
17382104.492188, -100.8022
17383630.371094, -101.4942
17385156.250000, -103.6941
17386682.128906, -107.6620
17388208.007812, -117.2255
17389733.886719, -113.9710
17391259.765625, -105.5144
17392785.644531, -101.4544
17394311.523438, -99.6083
17395837.402344, -99.5489
17397363.281250, -100.8427
17398889.160156, -102.6727
17400415.039062, -104.0388
17401940.917969, -105.0462
17403466.796875, -106.7610
17404992.675781, -110.1075
17406518.554688, -113.8573
17408044.433594, -112.1963
17409570.312500, -108.2448
17411096.191406, -103.8789
17412622.070312, -100.8392
17414147.949219, -99.3603
17415673.828125, -98.7987
17417199.707031, -98.6019
17418725.585938, -98.6240
17420251.464844, -98.9665
17421777.343750, -99.8551
17423303.222656, -101.3987
17424829.101562, -103.4314
17426354.980469, -105.6238
17427880.859375, -107.5229
17429406.738281, -108.7459
17430932.617188, -110.3841
17432458.496094, -116.1803
17433984.375000, -122.5592
17435510.253906, -110.4463
17437036.132812, -106.9563
17438562.011719, -105.5430
17440087.890625, -104.7066
17441613.769531, -104.3419
17443139.648438, -105.1605
17444665.527344, -107.9283
17446191.406250, -109.1667
17447717.285156, -105.1400
17449243.164062, -102.4844
17450769.042969, -101.4022
17452294.921875, -100.9788
17453820.800781, -100.8820
17455346.679688, -101.4561
17456872.558594, -103.1089
17458398.437500, -105.6009
17459924.316406, -107.5487
17461450.195312, -107.8476
17462976.074219, -107.9974
17464501.953125, -110.1761
17466027.832031, -114.4337
17467553.710938, -110.8259
17469079.589844, -106.0459
17470605.468750, -103.4357
17472131.347656, -102.4025
17473657.226562, -102.3389
17475183.105469, -102.5087
17476708.984375, -102.4481
17478234.863281, -102.3586
17479760.742188, -102.8643
17481286.621094, -103.8846
17482812.500000, -103.8508
17484338.378906, -102.0337
17485864.257812, -99.9383
17487390.136719, -98.7969
17488916.015625, -98.9311
17490441.894531, -100.0264
17491967.773438, -101.4731
17493493.652344, -103.0804
17495019.531250, -105.7102
17496545.410156, -111.8608
17498071.289062, -123.5475
17499597.167969, -111.5302
17501123.046875, -108.6017
17502648.925781, -106.2583
17504174.804688, -104.5429
17505700.683594, -104.8250
17507226.562500, -106.6902
17508752.441406, -107.7703
17510278.320312, -106.3315
17511804.199219, -104.7964
17513330.078125, -104.1426
17514855.957031, -103.4198
17516381.835938, -102.3347
17517907.714844, -101.7118
17519433.593750, -102.1281
17520959.472656, -103.3532
17522485.351562, -104.0309
17524011.230469, -103.5500
17525537.109375, -102.6834
17527062.988281, -101.2657
17528588.867188, -99.1085
17530114.746094, -97.1914
17531640.625000, -96.4937
17533166.503906, -97.2154
17534692.382812, -98.8609
17536218.261719, -100.4855
17537744.140625, -101.2312
17539270.019531, -100.6768
17540795.898438, -99.2354
17542321.777344, -98.1061
17543847.656250, -98.1552
17545373.535156, -99.4237
17546899.414062, -101.1827
17548425.292969, -102.0949
17549951.171875, -101.8909
17551477.050781, -102.0120
17553002.929688, -103.2067
17554528.808594, -105.0428
17556054.687500, -106.8011
17557580.566406, -108.3559
17559106.445312, -108.7718
17560632.324219, -106.8850
17562158.203125, -104.3914
17563684.082031, -103.1523
17565209.960938, -104.0416
17566735.839844, -107.1558
17568261.718750, -107.6697
17569787.597656, -103.6257
17571313.476562, -100.8682
17572839.355469, -99.5781
17574365.234375, -99.1834
17575891.113281, -99.3454
17577416.992188, -100.0052
17578942.871094, -101.1210
17580468.750000, -102.3778
17581994.628906, -103.3357
17583520.507812, -104.3260
17585046.386719, -106.2288
17586572.265625, -108.7324
17588098.144531, -109.3214
17589624.023438, -106.8166
17591149.902344, -103.3040
17592675.781250, -100.1341
17594201.660156, -97.6051
17595727.539062, -95.8556
17597253.417969, -94.8913
17598779.296875, -94.6971
17600305.175781, -95.4050
17601831.054688, -97.2007
17603356.933594, -99.9888
17604882.812500, -103.0369
17606408.691406, -105.7039
17607934.570312, -108.0257
17609460.449219, -107.0018
17610986.328125, -103.9258
17612512.207031, -102.6870
17614038.085938, -103.9575
17615563.964844, -107.9546
17617089.843750, -114.5615
17618615.722656, -118.1636
17620141.601562, -112.0988
17621667.480469, -107.2491
17623193.359375, -104.7099
17624719.238281, -104.4014
17626245.117188, -106.1495
17627770.996094, -108.9667
17629296.875000, -111.6311
17630822.753906, -114.9082
17632348.632812, -110.5908
17633874.511719, -103.6274
17635400.390625, -100.0478
17636926.269531, -98.8422
17638452.148438, -98.9132
17639978.027344, -98.9363
17641503.906250, -98.2091
17643029.785156, -97.4203
17644555.664062, -97.3443
17646081.542969, -97.9864
17647607.421875, -98.8326
17649133.300781, -99.5650
17650659.179688, -100.6350
17652185.058594, -102.9284
17653710.937500, -107.1818
17655236.816406, -114.7724
17656762.695312, -116.8967
17658288.574219, -108.4301
17659814.453125, -105.1038
17661340.332031, -103.9620
17662866.210938, -103.5243
17664392.089844, -102.9520
17665917.968750, -102.0350
17667443.847656, -101.8471
17668969.726562, -103.7264
17670495.605469, -108.9089
17672021.484375, -117.4811
17673547.363281, -111.0618
17675073.242188, -106.2711
17676599.121094, -103.1172
17678125.000000, -101.0386
17679650.878906, -100.0620
17681176.757812, -100.1623
17682702.636719, -101.2456
17684228.515625, -103.2661
17685754.394531, -106.3695
17687280.273438, -110.0030
17688806.152344, -110.1029
17690332.031250, -108.3074
17691857.910156, -107.0138
17693383.789062, -105.6451
17694909.667969, -104.5384
17696435.546875, -104.0693
17697961.425781, -104.0714
17699487.304688, -104.0133
17701013.183594, -103.7601
17702539.062500, -103.4743
17704064.941406, -103.4057
17705590.820312, -103.9709
17707116.699219, -105.0825
17708642.578125, -106.0548
17710168.457031, -106.7472
17711694.335938, -108.7701
17713220.214844, -115.3321
17714746.093750, -111.0204
17716271.972656, -104.5023
17717797.851562, -101.8103
17719323.730469, -100.8437
17720849.609375, -100.3979
17722375.488281, -99.8695
17723901.367188, -99.3926
17725427.246094, -99.3772
17726953.125000, -100.2068
17728479.003906, -102.1186
17730004.882812, -104.4890
17731530.761719, -104.4594
17733056.640625, -102.5147
17734582.519531, -101.4673
17736108.398438, -101.2563
17737634.277344, -100.6913
17739160.156250, -99.3383
17740686.035156, -97.8277
17742211.914062, -96.8232
17743737.792969, -96.4840
17745263.671875, -96.5025
17746789.550781, -96.5531
17748315.429688, -96.8216
17749841.308594, -97.9128
17751367.187500, -100.2739
17752893.066406, -103.9001
17754418.945312, -108.2485
17755944.824219, -110.3033
17757470.703125, -108.5015
17758996.582031, -106.7747
17760522.460938, -105.1099
17762048.339844, -102.9669
17763574.218750, -100.7977
17765100.097656, -99.1644
17766625.976562, -98.1772
17768151.855469, -97.7274
17769677.734375, -97.8296
17771203.613281, -98.5357
17772729.492188, -99.6230
17774255.371094, -100.4794
17775781.250000, -100.6925
17777307.128906, -100.6064
17778833.007812, -100.6465
17780358.886719, -100.8556
17781884.765625, -101.0832
17783410.644531, -101.2614
17784936.523438, -101.7517
17786462.402344, -103.4206
17787988.281250, -107.8082
17789514.160156, -125.9582
17791040.039062, -109.6986
17792565.917969, -103.6503
17794091.796875, -100.9948
17795617.675781, -100.0458
17797143.554688, -100.7423
17798669.433594, -103.9618
17800195.312500, -113.6208
17801721.191406, -111.2209
17803247.070312, -104.5880
17804772.949219, -102.3775
17806298.828125, -101.3874
17807824.707031, -100.6423
17809350.585938, -100.2560
17810876.464844, -100.7897
17812402.343750, -102.3292
17813928.222656, -103.4807
17815454.101562, -102.5288
17816979.980469, -100.9003
17818505.859375, -99.9837
17820031.738281, -99.7238
17821557.617188, -99.4552
17823083.496094, -98.8356
17824609.375000, -98.2486
17826135.253906, -98.1147
17827661.132812, -98.3422
17829187.011719, -98.6467
17830712.890625, -99.0651
17832238.769531, -99.5849
17833764.648438, -99.8478
17835290.527344, -99.8127
17836816.406250, -100.1108
17838342.285156, -101.4033
17839868.164062, -103.9444
17841394.042969, -107.3970
17842919.921875, -108.6654
17844445.800781, -105.4050
17845971.679688, -102.3124
17847497.558594, -100.7013
17849023.437500, -100.5230
17850549.316406, -101.6112
17852075.195312, -103.7329
17853601.074219, -106.6459
17855126.953125, -108.1556
17856652.832031, -103.9566
17858178.710938, -99.6745
17859704.589844, -97.0087
17861230.468750, -95.5523
17862756.347656, -94.8915
17864282.226562, -94.7539
17865808.105469, -94.9477
17867333.984375, -95.2496
17868859.863281, -95.4430
17870385.742188, -95.4961
17871911.621094, -95.5971
17873437.500000, -95.9779
17874963.378906, -96.7322
17876489.257812, -97.7969
17878015.136719, -99.2209
17879541.015625, -101.4917
17881066.894531, -105.5172
17882592.773438, -112.2298
17884118.652344, -111.3012
17885644.531250, -106.5119
17887170.410156, -104.0342
17888696.289062, -102.8257
17890222.167969, -102.6325
17891748.046875, -103.7738
17893273.925781, -106.7613
17894799.804688, -111.2640
17896325.683594, -111.9134
17897851.562500, -108.9866
17899377.441406, -107.2015
17900903.320312, -106.8275
17902429.199219, -107.6780
17903955.078125, -111.3910
17905480.957031, -116.1738
17907006.835938, -105.8826
17908532.714844, -100.6194
17910058.593750, -97.6866
17911584.472656, -96.1113
17913110.351562, -95.4337
17914636.230469, -95.3873
17916162.109375, -95.9862
17917687.988281, -97.3759
17919213.867188, -99.4674
17920739.746094, -101.2932
17922265.625000, -101.6058
17923791.503906, -101.4437
17925317.382812, -101.8946
17926843.261719, -102.8712
17928369.140625, -104.3940
17929895.019531, -107.0486
17931420.898438, -111.5032
17932946.777344, -116.1079
17934472.656250, -110.1089
17935998.535156, -105.7691
17937524.414062, -103.8872
17939050.292969, -102.7781
17940576.171875, -101.8124
17942102.050781, -101.2007
17943627.929688, -101.1712
17945153.808594, -102.0988
17946679.687500, -103.9229
17948205.566406, -105.3955
17949731.445312, -105.2697
17951257.324219, -104.5529
17952783.203125, -104.5957
17954309.082031, -105.8627
17955834.960938, -107.6236
17957360.839844, -107.7978
17958886.718750, -106.7299
17960412.597656, -106.7923
17961938.476562, -109.1241
17963464.355469, -112.7150
17964990.234375, -112.5792
17966516.113281, -111.6988
17968041.992188, -113.0788
17969567.871094, -116.5062
17971093.750000, -117.0055
17972619.628906, -114.4811
17974145.507812, -113.8605
17975671.386719, -115.5096
17977197.265625, -118.0063
17978723.144531, -115.8591
17980249.023438, -113.2093
17981774.902344, -111.5754
17983300.781250, -110.2035
17984826.660156, -109.2152
17986352.539062, -109.1671
17987878.417969, -111.2244
17989404.296875, -114.1079
17990930.175781, -111.1497
17992456.054688, -106.9288
17993981.933594, -104.4766
17995507.812500, -103.9463
17997033.691406, -105.0808
17998559.570312, -107.3530
18000085.449219, -108.4654
18001611.328125, -106.1604
18003137.207031, -103.5029
18004663.085938, -102.0317
18006188.964844, -101.9204
18007714.843750, -103.1826
18009240.722656, -105.5987
18010766.601562, -107.7267
18012292.480469, -106.9904
18013818.359375, -105.0100
18015344.238281, -104.2292
18016870.117188, -105.7734
18018395.996094, -111.8045
18019921.875000, -122.2549
18021447.753906, -108.8836
18022973.632812, -105.3061
18024499.511719, -103.8160
18026025.390625, -103.1387
18027551.269531, -103.5621
18029077.148438, -105.6317
18030603.027344, -110.2504
18032128.906250, -123.4082
18033654.785156, -111.3725
18035180.664062, -107.0430
18036706.542969, -106.4796
18038232.421875, -106.7418
18039758.300781, -106.7042
18041284.179688, -107.4599
18042810.058594, -108.8684
18044335.937500, -109.3597
18045861.816406, -108.4620
18047387.695312, -107.4879
18048913.574219, -107.1057
18050439.453125, -106.8034
18051965.332031, -106.5372
18053491.210938, -106.6458
18055017.089844, -106.5363
18056542.968750, -105.5758
18058068.847656, -104.2503
18059594.726562, -103.3673
18061120.605469, -103.1189
18062646.484375, -102.9995
18064172.363281, -102.6503
18065698.242188, -102.6208
18067224.121094, -103.5154
18068750.000000, -104.9858
18070275.878906, -105.3793
18071801.757812, -103.7542
18073327.636719, -101.7425
18074853.515625, -100.7229
18076379.394531, -100.6353
18077905.273438, -100.6272
18079431.152344, -100.5412
18080957.031250, -100.9832
18082482.910156, -102.2739
18084008.789062, -104.4124
18085534.667969, -107.4338
18087060.546875, -112.0839
18088586.425781, -117.5622
18090112.304688, -111.4120
18091638.183594, -106.9250
18093164.062500, -105.1622
18094689.941406, -105.2780
18096215.820312, -107.3258
18097741.699219, -115.2302
18099267.578125, -110.7165
18100793.457031, -102.5895
18102319.335938, -99.1872
18103845.214844, -97.4169
18105371.093750, -96.3229
18106896.972656, -95.8399
18108422.851562, -96.3730
18109948.730469, -98.4908
18111474.609375, -102.0952
18113000.488281, -103.1408
18114526.367188, -100.9745
18116052.246094, -99.5407
18117578.125000, -98.8382
18119104.003906, -98.2455
18120629.882812, -97.6018
18122155.761719, -97.2629
18123681.640625, -97.5404
18125207.519531, -98.1299
18126733.398438, -98.2872
18128259.277344, -98.0241
18129785.156250, -97.7422
18131311.035156, -97.6180
18132836.914062, -98.0289
18134362.792969, -99.4448
18135888.671875, -102.8183
18137414.550781, -111.4947
18138940.429688, -106.3991
18140466.308594, -100.2750
18141992.187500, -97.7605
18143518.066406, -96.4983
18145043.945312, -95.6431
18146569.824219, -95.3964
18148095.703125, -96.4470
18149621.582031, -99.3974
18151147.460938, -104.3830
18152673.339844, -109.1014
18154199.218750, -109.3594
18155725.097656, -107.7742
18157250.976562, -105.8013
18158776.855469, -104.0512
18160302.734375, -103.2630
18161828.613281, -103.8287
18163354.492188, -106.0137
18164880.371094, -109.4541
18166406.250000, -109.5276
18167932.128906, -106.3924
18169458.007812, -103.4339
18170983.886719, -100.5836
18172509.765625, -98.4893
18174035.644531, -97.7641
18175561.523438, -98.3563
18177087.402344, -99.3071
18178613.281250, -99.4365
18180139.160156, -99.4844
18181665.039062, -100.4768
18183190.917969, -102.1019
18184716.796875, -104.0879
18186242.675781, -107.7752
18187768.554688, -115.3302
18189294.433594, -116.0883
18190820.312500, -111.6996
18192346.191406, -109.0870
18193872.070312, -106.3000
18195397.949219, -104.5670
18196923.828125, -105.0722
18198449.707031, -108.5863
18199975.585938, -113.5664
18201501.464844, -111.8093
18203027.343750, -107.0715
18204553.222656, -104.0021
18206079.101562, -102.6452
18207604.980469, -101.9391
18209130.859375, -101.1799
18210656.738281, -100.0183
18212182.617188, -98.6591
18213708.496094, -97.4906
18215234.375000, -96.6839
18216760.253906, -96.4719
18218286.132812, -97.1528
18219812.011719, -98.8352
18221337.890625, -101.2607
18222863.769531, -104.1986
18224389.648438, -108.7972
18225915.527344, -111.7542
18227441.406250, -104.4220
18228967.285156, -100.8154
18230493.164062, -100.1948
18232019.042969, -101.7658
18233544.921875, -104.3933
18235070.800781, -105.3859
18236596.679688, -104.2865
18238122.558594, -103.2257
18239648.437500, -102.6889
18241174.316406, -102.4086
18242700.195312, -101.9070
18244226.074219, -100.7338
18245751.953125, -99.2786
18247277.832031, -98.1459
18248803.710938, -97.4469
18250329.589844, -97.0916
18251855.468750, -97.0202
18253381.347656, -97.2925
18254907.226562, -98.0251
18256433.105469, -99.2223
18257958.984375, -100.7892
18259484.863281, -102.6344
18261010.742188, -104.7248
18262536.621094, -105.8749
18264062.500000, -105.0003
18265588.378906, -104.4572
18267114.257812, -104.6997
18268640.136719, -104.1147
18270166.015625, -102.1189
18271691.894531, -99.9682
18273217.773438, -98.6773
18274743.652344, -98.3298
18276269.531250, -98.5960
18277795.410156, -99.2234
18279321.289062, -100.0953
18280847.167969, -101.0205
18282373.046875, -101.3198
18283898.925781, -100.3761
18285424.804688, -98.8976
18286950.683594, -97.7047
18288476.562500, -96.8481
18290002.441406, -96.1699
18291528.320312, -95.8150
18293054.199219, -96.1826
18294580.078125, -97.6486
18296105.957031, -100.4165
18297631.835938, -103.9118
18299157.714844, -105.3851
18300683.593750, -105.0064
18302209.472656, -104.7084
18303735.351562, -103.2575
18305261.230469, -100.7096
18306787.109375, -98.5523
18308312.988281, -97.3919
18309838.867188, -97.2323
18311364.746094, -97.9338
18312890.625000, -99.5527
18314416.503906, -102.3543
18315942.382812, -106.9092
18317468.261719, -115.9360
18318994.140625, -116.6976
18320520.019531, -107.9895
18322045.898438, -103.5372
18323571.777344, -100.8422
18325097.656250, -99.3284
18326623.535156, -98.5344
18328149.414062, -98.0549
18329675.292969, -97.7594
18331201.171875, -97.9778
18332727.050781, -99.2450
18334252.929688, -102.0571
18335778.808594, -105.6992
18337304.687500, -104.2855
18338830.566406, -100.9700
18340356.445312, -99.2145
18341882.324219, -98.7493
18343408.203125, -99.1312
18344934.082031, -100.0165
18346459.960938, -101.4436
18347985.839844, -103.2405
18349511.718750, -103.3798
18351037.597656, -101.8069
18352563.476562, -101.2063
18354089.355469, -102.8383
18355615.234375, -106.1625
18357141.113281, -106.1127
18358666.992188, -105.2130
18360192.871094, -106.4592
18361718.750000, -108.1866
18363244.628906, -108.6654
18364770.507812, -109.2063
18366296.386719, -109.0385
18367822.265625, -105.8972
18369348.144531, -102.9654
18370874.023438, -101.3405
18372399.902344, -100.4922
18373925.781250, -100.0027
18375451.660156, -99.8991
18376977.539062, -100.6612
18378503.417969, -102.9291
18380029.296875, -106.7190
18381555.175781, -109.5227
18383081.054688, -109.0608
18384606.933594, -107.1119
18386132.812500, -104.6089
18387658.691406, -102.6952
18389184.570312, -102.0688
18390710.449219, -102.4856
18392236.328125, -102.9025
18393762.207031, -102.3915
18395288.085938, -101.2967
18396813.964844, -100.3733
18398339.843750, -99.9721
18399865.722656, -100.3340
18401391.601562, -101.7021
18402917.480469, -104.2402
18404443.359375, -108.4399
18405969.238281, -113.4920
18407495.117188, -109.5358
18409020.996094, -106.1484
18410546.875000, -106.0421
18412072.753906, -108.8912
18413598.632812, -113.1532
18415124.511719, -115.1796
18416650.390625, -115.0080
18418176.269531, -115.9186
18419702.148438, -119.4337
18421228.027344, -131.7204
18422753.906250, -119.1070
18424279.785156, -111.8344
18425805.664062, -109.3533
18427331.542969, -108.8403
18428857.421875, -108.7327
18430383.300781, -107.9536
18431909.179688, -106.9149
18433435.058594, -106.5514
18434960.937500, -107.4161
18436486.816406, -110.2226
18438012.695312, -112.3944
18439538.574219, -107.6209
18441064.453125, -104.1158
18442590.332031, -102.7622
18444116.210938, -103.0885
18445642.089844, -104.4600
18447167.968750, -105.7673
18448693.847656, -107.7572
18450219.726562, -113.5640
18451745.605469, -123.1847
18453271.484375, -116.0063
18454797.363281, -116.9125
18456323.242188, -111.5599
18457849.121094, -105.2960
18459375.000000, -101.6866
18460900.878906, -99.5396
18462426.757812, -98.1002
18463952.636719, -97.0188
18465478.515625, -96.2170
18467004.394531, -95.6966
18468530.273438, -95.4392
18470056.152344, -95.4807
18471582.031250, -95.9927
18473107.910156, -97.1309
18474633.789062, -98.7260
18476159.667969, -100.1510
18477685.546875, -100.9501
18479211.425781, -101.5690
18480737.304688, -102.7347
18482263.183594, -104.6243
18483789.062500, -106.6644
18485314.941406, -108.5733
18486840.820312, -111.2583
18488366.699219, -110.7859
18489892.578125, -105.2656
18491418.457031, -101.7061
18492944.335938, -100.0394
18494470.214844, -99.4208
18495996.093750, -99.1721
18497521.972656, -98.7919
18499047.851562, -97.8996
18500573.730469, -96.6278
18502099.609375, -95.5603
18503625.488281, -94.9894
18505151.367188, -94.8635
18506677.246094, -95.0901
18508203.125000, -95.6266
18509729.003906, -96.4388
18511254.882812, -97.6209
18512780.761719, -99.5015
18514306.640625, -102.2559
18515832.519531, -104.9218
18517358.398438, -105.3651
18518884.277344, -103.9760
18520410.156250, -103.0460
18521936.035156, -103.3359
18523461.914062, -104.1394
18524987.792969, -104.5080
18526513.671875, -104.4072
18528039.550781, -104.5920
18529565.429688, -106.3579
18531091.308594, -111.3484
18532617.187500, -117.8699
18534143.066406, -113.6076
18535668.945312, -110.8381
18537194.824219, -108.7322
18538720.703125, -108.5876
18540246.582031, -111.1270
18541772.460938, -113.9708
18543298.339844, -112.6783
18544824.218750, -110.9514
18546350.097656, -111.3093
18547875.976562, -111.3832
18549401.855469, -107.6443
18550927.734375, -103.8811
18552453.613281, -101.3530
18553979.492188, -100.2606
18555505.371094, -100.5975
18557031.250000, -102.2802
18558557.128906, -105.0635
18560083.007812, -107.6037
18561608.886719, -107.3796
18563134.765625, -105.7984
18564660.644531, -105.1705
18566186.523438, -106.0326
18567712.402344, -108.0820
18569238.281250, -109.9435
18570764.160156, -108.5138
18572290.039062, -104.8151
18573815.917969, -102.0098
18575341.796875, -100.7754
18576867.675781, -100.8732
18578393.554688, -101.6106
18579919.433594, -102.3596
18581445.312500, -103.1076
18582971.191406, -103.9960
18584497.070312, -105.0478
18586022.949219, -106.2729
18587548.828125, -107.4530
18589074.707031, -107.6288
18590600.585938, -105.7802
18592126.464844, -103.0186
18593652.343750, -100.7701
18595178.222656, -99.0702
18596704.101562, -97.5717
18598229.980469, -96.3681
18599755.859375, -95.7034
18601281.738281, -95.6673
18602807.617188, -96.2315
18604333.496094, -97.3080
18605859.375000, -98.8726
18607385.253906, -100.9663
18608911.132812, -102.9594
18610437.011719, -103.5304
18611962.890625, -103.5813
18613488.769531, -104.4734
18615014.648438, -106.2322
18616540.527344, -109.3097
18618066.406250, -117.3852
18619592.285156, -115.8977
18621118.164062, -108.4309
18622644.042969, -105.2177
18624169.921875, -103.0242
18625695.800781, -101.1532
18627221.679688, -99.8493
18628747.558594, -99.3456
18630273.437500, -99.4872
18631799.316406, -99.8489
18633325.195312, -100.1465
18634851.074219, -100.4745
18636376.953125, -100.9244
18637902.832031, -101.2052
18639428.710938, -101.0087
18640954.589844, -100.6135
18642480.468750, -100.5723
18644006.347656, -101.0353
18645532.226562, -101.4430
18647058.105469, -101.0984
18648583.984375, -100.4593
18650109.863281, -100.3642
18651635.742188, -100.9530
18653161.621094, -101.9143
18654687.500000, -103.0516
18656213.378906, -104.4189
18657739.257812, -104.7344
18659265.136719, -102.6379
18660791.015625, -100.6264
18662316.894531, -99.6485
18663842.773438, -98.9748
18665368.652344, -97.8098
18666894.531250, -96.2908
18668420.410156, -94.9983
18669946.289062, -94.2728
18671472.167969, -94.2483
18672998.046875, -95.0166
18674523.925781, -96.6438
18676049.804688, -99.0997
18677575.683594, -102.2295
18679101.562500, -105.8041
18680627.441406, -110.0938
18682153.320312, -117.2325
18683679.199219, -113.6302
18685205.078125, -108.8456
18686730.957031, -107.8745
18688256.835938, -107.6827
18689782.714844, -106.4729
18691308.593750, -105.3566
18692834.472656, -105.6372
18694360.351562, -107.8506
18695886.230469, -110.2328
18697412.109375, -110.3288
18698937.988281, -109.3941
18700463.867188, -107.6976
18701989.746094, -107.0217
18703515.625000, -107.7404
18705041.503906, -108.1472
18706567.382812, -106.8883
18708093.261719, -105.2768
18709619.140625, -104.5476
18711145.019531, -104.8486
18712670.898438, -105.9531
18714196.777344, -107.5968
18715722.656250, -108.7232
18717248.535156, -108.9822
18718774.414062, -109.9060
18720300.292969, -111.9665
18721826.171875, -112.4573
18723352.050781, -111.5839
18724877.929688, -112.9176
18726403.808594, -116.1851
18727929.687500, -118.3609
18729455.566406, -120.1409
18730981.445312, -118.6576
18732507.324219, -113.8887
18734033.203125, -110.9357
18735559.082031, -109.4189
18737084.960938, -107.3592
18738610.839844, -103.9552
18740136.718750, -101.0103
18741662.597656, -99.4320
18743188.476562, -99.0762
18744714.355469, -99.1221
18746240.234375, -98.4552
18747766.113281, -97.1617
18749291.992188, -96.2634
18750817.871094, -96.3439
18752343.750000, -97.4051
18753869.628906, -99.0373
18755395.507812, -100.8720
18756921.386719, -103.2274
18758447.265625, -106.8919
18759973.144531, -112.0807
18761499.023438, -111.8565
18763024.902344, -105.5793
18764550.781250, -101.2858
18766076.660156, -98.8533
18767602.539062, -97.5618
18769128.417969, -96.8030
18770654.296875, -96.2179
18772180.175781, -95.7756
18773706.054688, -95.6304
18775231.933594, -96.0521
18776757.812500, -97.4045
18778283.691406, -99.9576
18779809.570312, -103.4655
18781335.449219, -106.6895
18782861.328125, -109.3354
18784387.207031, -110.3699
18785913.085938, -104.7225
18787438.964844, -100.6812
18788964.843750, -99.3275
18790490.722656, -99.8453
18792016.601562, -101.2286
18793542.480469, -102.4034
18795068.359375, -103.2200
18796594.238281, -104.3514
18798120.117188, -105.9228
18799645.996094, -107.1823
18801171.875000, -106.8659
18802697.753906, -105.0983
18804223.632812, -103.7785
18805749.511719, -103.9245
18807275.390625, -105.3105
18808801.269531, -106.5688
18810327.148438, -106.0603
18811853.027344, -104.7392
18813378.906250, -104.8965
18814904.785156, -107.2071
18816430.664062, -109.9813
18817956.542969, -111.2804
18819482.421875, -111.8884
18821008.300781, -112.8810
18822534.179688, -115.7289
18824060.058594, -111.2638
18825585.937500, -106.1807
18827111.816406, -103.2124
18828637.695312, -101.2134
18830163.574219, -99.6378
18831689.453125, -98.4761
18833215.332031, -98.1094
18834741.210938, -98.9545
18836267.089844, -101.1920
18837792.968750, -104.6661
18839318.847656, -108.7639
18840844.726562, -112.2273
18842370.605469, -114.5987
18843896.484375, -114.4778
18845422.363281, -108.3596
18846948.242188, -103.4831
18848474.121094, -100.7009
18850000.000000, -99.3904
18851525.878906, -98.9220
18853051.757812, -98.8116
18854577.636719, -99.0566
18856103.515625, -100.1486
18857629.394531, -102.3588
18859155.273438, -104.5874
18860681.152344, -105.6878
18862207.031250, -106.4598
18863732.910156, -106.8421
18865258.789062, -107.3438
18866784.667969, -107.9424
18868310.546875, -106.3115
18869836.425781, -103.5965
18871362.304688, -102.3705
18872888.183594, -103.1140
18874414.062500, -105.7716
18875939.941406, -109.4226
18877465.820312, -108.2974
18878991.699219, -105.0891
18880517.578125, -103.1881
18882043.457031, -101.9280
18883569.335938, -101.2774
18885095.214844, -101.5539
18886621.093750, -102.5835
18888146.972656, -104.0604
18889672.851562, -106.4585
18891198.730469, -112.0456
18892724.609375, -115.9243
18894250.488281, -106.6660
18895776.367188, -102.6650
18897302.246094, -101.0402
18898828.125000, -101.1530
18900354.003906, -103.1619
18901879.882812, -108.0883
18903405.761719, -119.9331
18904931.640625, -109.9110
18906457.519531, -104.1640
18907983.398438, -101.0588
18909509.277344, -99.2868
18911035.156250, -98.5692
18912561.035156, -98.8727
18914086.914062, -100.1141
18915612.792969, -101.8472
18917138.671875, -102.8668
18918664.550781, -102.3825
18920190.429688, -101.5664
18921716.308594, -101.5825
18923242.187500, -102.7434
18924768.066406, -104.5348
18926293.945312, -105.7285
18927819.824219, -105.9672
18929345.703125, -106.1813
18930871.582031, -107.3357
18932397.460938, -110.5010
18933923.339844, -116.5666
18935449.218750, -114.7424
18936975.097656, -109.8048
18938500.976562, -106.4896
18940026.855469, -103.7265
18941552.734375, -101.7183
18943078.613281, -101.0000
18944604.492188, -101.5155
18946130.371094, -102.1046
18947656.250000, -101.1852
18949182.128906, -99.1144
18950708.007812, -97.3503
18952233.886719, -96.3727
18953759.765625, -95.8061
18955285.644531, -95.2336
18956811.523438, -94.6899
18958337.402344, -94.4429
18959863.281250, -94.6496
18961389.160156, -95.3301
18962915.039062, -96.4362
18964440.917969, -97.7693
18965966.796875, -98.9147
18967492.675781, -99.4859
18969018.554688, -99.4786
18970544.433594, -99.3169
18972070.312500, -99.6098
18973596.191406, -100.7583
18975122.070312, -102.5500
18976647.949219, -103.9101
18978173.828125, -103.8910
18979699.707031, -103.3171
18981225.585938, -103.4432
18982751.464844, -104.5333
18984277.343750, -105.4721
18985803.222656, -104.9776
18987329.101562, -103.5724
18988854.980469, -102.6636
18990380.859375, -103.2054
18991906.738281, -104.9352
18993432.617188, -107.1571
18994958.496094, -110.6743
18996484.375000, -112.1583
18998010.253906, -105.3663
18999536.132812, -100.1418
19001062.011719, -97.1181
19002587.890625, -95.6873
19004113.769531, -95.3180
19005639.648438, -95.6527
19007165.527344, -96.5273
19008691.406250, -97.8288
19010217.285156, -99.3277
19011743.164062, -100.7558
19013269.042969, -101.8721
19014794.921875, -102.5709
19016320.800781, -103.2137
19017846.679688, -103.7186
19019372.558594, -103.3645
19020898.437500, -102.4189
19022424.316406, -102.0039
19023950.195312, -102.6052
19025476.074219, -103.7147
19027001.953125, -104.2188
19028527.832031, -103.8433
19030053.710938, -103.7542
19031579.589844, -104.9837
19033105.468750, -107.2898
19034631.347656, -107.5129
19036157.226562, -104.5699
19037683.105469, -102.0578
19039208.984375, -100.9777
19040734.863281, -101.0704
19042260.742188, -101.9463
19043786.621094, -103.2985
19045312.500000, -104.6309
19046838.378906, -105.4319
19048364.257812, -105.3222
19049890.136719, -103.9822
19051416.015625, -101.9614
19052941.894531, -100.3252
19054467.773438, -99.6313
19055993.652344, -99.7321
19057519.531250, -100.1275
19059045.410156, -100.7369
19060571.289062, -102.0977
19062097.167969, -104.4196
19063623.046875, -105.0469
19065148.925781, -102.4923
19066674.804688, -100.6944
19068200.683594, -100.4126
19069726.562500, -100.9009
19071252.441406, -101.4694
19072778.320312, -102.5286
19074304.199219, -104.7916
19075830.078125, -107.3459
19077355.957031, -107.2782
19078881.835938, -106.1401
19080407.714844, -105.4565
19081933.593750, -104.9106
19083459.472656, -104.5873
19084985.351562, -104.9224
19086511.230469, -105.6836
19088037.109375, -105.7450
19089562.988281, -104.8393
19091088.867188, -104.1356
19092614.746094, -104.2922
19094140.625000, -104.7291
19095666.503906, -104.2559
19097192.382812, -102.7822
19098718.261719, -101.1485
19100244.140625, -100.2225
19101770.019531, -100.6330
19103295.898438, -102.7903
19104821.777344, -106.8143
19106347.656250, -110.6029
19107873.535156, -108.4167
19109399.414062, -104.4906
19110925.292969, -101.5037
19112451.171875, -99.6807
19113977.050781, -98.9393
19115502.929688, -98.9423
19117028.808594, -99.2793
19118554.687500, -99.6772
19120080.566406, -99.9895
19121606.445312, -100.2646
19123132.324219, -100.8060
19124658.203125, -101.7602
19126184.082031, -102.7392
19127709.960938, -103.2688
19129235.839844, -103.7280
19130761.718750, -105.0226
19132287.597656, -107.2177
19133813.476562, -108.6506
19135339.355469, -108.2983
19136865.234375, -107.7986
19138391.113281, -108.0441
19139916.992188, -109.2009
19141442.871094, -111.3714
19142968.750000, -113.8049
19144494.628906, -115.8685
19146020.507812, -119.2037
19147546.386719, -116.5546
19149072.265625, -108.0677
19150598.144531, -103.3163
19152124.023438, -100.7835
19153649.902344, -99.4064
19155175.781250, -98.5855
19156701.660156, -98.0629
19158227.539062, -97.9586
19159753.417969, -98.4779
19161279.296875, -99.6414
19162805.175781, -101.4255
19164331.054688, -103.6846
19165856.933594, -106.1848
19167382.812500, -108.7927
19168908.691406, -110.2947
19170434.570312, -109.1973
19171960.449219, -107.3054
19173486.328125, -105.5681
19175012.207031, -103.7752
19176538.085938, -102.4965
19178063.964844, -102.3370
19179589.843750, -102.9600
19181115.722656, -102.6707
19182641.601562, -100.9159
19184167.480469, -99.1287
19185693.359375, -97.8796
19187219.238281, -97.1067
19188745.117188, -96.6351
19190270.996094, -96.4211
19191796.875000, -96.7373
19193322.753906, -98.1224
19194848.632812, -101.3431
19196374.511719, -106.4882
19197900.390625, -104.9406
19199426.269531, -101.1089
19200952.148438, -99.1407
19202478.027344, -98.1097
19204003.906250, -97.6929
19205529.785156, -98.1911
19207055.664062, -100.1007
19208581.542969, -103.9350
19210107.421875, -110.8509
19211633.300781, -121.8294
19213159.179688, -110.0948
19214685.058594, -105.2888
19216210.937500, -103.3823
19217736.816406, -103.5552
19219262.695312, -105.6884
19220788.574219, -110.3879
19222314.453125, -114.6805
19223840.332031, -107.0776
19225366.210938, -102.1625
19226892.089844, -99.3333
19228417.968750, -97.7018
19229943.847656, -96.8668
19231469.726562, -96.6590
19232995.605469, -96.9630
19234521.484375, -97.6805
19236047.363281, -98.8855
19237573.242188, -100.7965
19239099.121094, -103.2313
19240625.000000, -105.1860
19242150.878906, -105.9403
19243676.757812, -105.9359
19245202.636719, -106.1673
19246728.515625, -107.0561
19248254.394531, -108.1344
19249780.273438, -108.6315
19251306.152344, -108.0246
19252832.031250, -106.4811
19254357.910156, -104.7662
19255883.789062, -103.6915
19257409.667969, -103.7131
19258935.546875, -104.6297
19260461.425781, -105.0694
19261987.304688, -104.0362
19263513.183594, -102.6764
19265039.062500, -101.9876
19266564.941406, -102.2244
19268090.820312, -103.0691
19269616.699219, -104.0771
19271142.578125, -105.7067
19272668.457031, -109.7130
19274194.335938, -113.9304
19275720.214844, -109.0394
19277246.093750, -107.6320
19278771.972656, -106.7383
19280297.851562, -103.6762
19281823.730469, -101.6958
19283349.609375, -101.1336
19284875.488281, -101.0380
19286401.367188, -100.9400
19287927.246094, -101.4914
19289453.125000, -103.7969
19290979.003906, -108.7728
19292504.882812, -113.9451
19294030.761719, -111.9104
19295556.640625, -110.0574
19297082.519531, -109.2863
19298608.398438, -108.9817
19300134.277344, -108.9131
19301660.156250, -109.9617
19303186.035156, -112.8179
19304711.914062, -109.2219
19306237.792969, -103.7019
19307763.671875, -101.0371
19309289.550781, -100.4466
19310815.429688, -100.9276
19312341.308594, -101.4541
19313867.187500, -102.0140
19315393.066406, -103.6014
19316918.945312, -106.3826
19318444.824219, -107.6862
19319970.703125, -107.8622
19321496.582031, -109.6036
19323022.460938, -111.6631
19324548.339844, -111.9945
19326074.218750, -112.6013
19327600.097656, -115.0361
19329125.976562, -114.1134
19330651.855469, -109.3156
19332177.734375, -106.1344
19333703.613281, -104.3780
19335229.492188, -103.4556
19336755.371094, -102.9056
19338281.250000, -102.4830
19339807.128906, -102.2793
19341333.007812, -102.8402
19342858.886719, -104.8046
19344384.765625, -108.1707
19345910.644531, -111.1309
19347436.523438, -112.0187
19348962.402344, -113.0579
19350488.281250, -113.1929
19352014.160156, -108.5980
19353540.039062, -104.3739
19355065.917969, -101.4524
19356591.796875, -99.3768
19358117.675781, -98.0145
19359643.554688, -97.4774
19361169.433594, -97.8496
19362695.312500, -99.0601
19364221.191406, -100.9659
19365747.070312, -103.7567
19367272.949219, -108.4802
19368798.828125, -114.0014
19370324.707031, -112.2969
19371850.585938, -113.2239
19373376.464844, -115.9782
19374902.343750, -110.1736
19376428.222656, -105.7664
19377954.101562, -103.0914
19379479.980469, -101.1658
19381005.859375, -99.9555
19382531.738281, -99.9615
19384057.617188, -101.6931
19385583.496094, -105.1582
19387109.375000, -106.3582
19388635.253906, -103.3566
19390161.132812, -101.2839
19391687.011719, -100.7332
19393212.890625, -101.2327
19394738.769531, -101.9198
19396264.648438, -102.2836
19397790.527344, -102.7161
19399316.406250, -103.0207
19400842.285156, -102.5398
19402368.164062, -101.8701
19403894.042969, -101.8486
19405419.921875, -102.6739
19406945.800781, -104.1762
19408471.679688, -106.5854
19409997.558594, -109.9078
19411523.437500, -109.7427
19413049.316406, -107.6803
19414575.195312, -106.6122
19416101.074219, -105.8477
19417626.953125, -105.3912
19419152.832031, -105.8077
19420678.710938, -107.2719
19422204.589844, -108.9263
19423730.468750, -108.8177
19425256.347656, -106.4746
19426782.226562, -103.2325
19428308.105469, -100.2243
19429833.984375, -98.0973
19431359.863281, -97.0680
19432885.742188, -96.9552
19434411.621094, -97.3046
19435937.500000, -97.7823
19437463.378906, -98.4437
19438989.257812, -99.3548
19440515.136719, -100.2688
19442041.015625, -101.0362
19443566.894531, -102.0411
19445092.773438, -103.5151
19446618.652344, -104.6465
19448144.531250, -104.2444
19449670.410156, -102.7320
19451196.289062, -101.1338
19452722.167969, -99.9788
19454248.046875, -99.4026
19455773.925781, -99.3557
19457299.804688, -99.8541
19458825.683594, -101.0469
19460351.562500, -102.8449
19461877.441406, -104.3629
19463403.320312, -104.5820
19464929.199219, -104.0310
19466455.078125, -103.2677
19467980.957031, -102.4405
19469506.835938, -101.8646
19471032.714844, -101.6273
19472558.593750, -101.4961
19474084.472656, -101.1107
19475610.351562, -100.3638
19477136.230469, -99.4954
19478662.109375, -98.5179
19480187.988281, -97.3313
19481713.867188, -96.3431
19483239.746094, -96.2111
19484765.625000, -97.2772
19486291.503906, -99.3432
19487817.382812, -101.5438
19489343.261719, -103.1808
19490869.140625, -104.5698
19492395.019531, -104.9605
19493920.898438, -103.7255
19495446.777344, -102.9691
19496972.656250, -103.9403
19498498.535156, -106.0198
19500024.414062, -106.9130
19501550.292969, -105.4649
19503076.171875, -102.7168
19504602.050781, -100.3856
19506127.929688, -99.0245
19507653.808594, -98.6645
19509179.687500, -99.4443
19510705.566406, -101.6234
19512231.445312, -105.5132
19513757.324219, -112.3736
19515283.203125, -120.7688
19516809.082031, -106.4660
19518334.960938, -100.4319
19519860.839844, -97.4317
19521386.718750, -96.6625
19522912.597656, -97.6666
19524438.476562, -99.5849
19525964.355469, -100.7749
19527490.234375, -100.6253
19529016.113281, -100.3091
19530541.992188, -100.4610
19532067.871094, -99.5381
19533593.750000, -100.9957
19535119.628906, -101.8354
19536645.507812, -101.2114
19538171.386719, -100.0356
19539697.265625, -99.3517
19541223.144531, -99.3696
19542749.023438, -99.8834
19544274.902344, -100.5988
19545800.781250, -101.2088
19547326.660156, -101.6992
19548852.539062, -102.8532
19550378.417969, -105.7606
19551904.296875, -111.2715
19553430.175781, -116.9620
19554956.054688, -117.6612
19556481.933594, -121.7599
19558007.812500, -119.4705
19559533.691406, -112.2336
19561059.570312, -109.6435
19562585.449219, -108.5041
19564111.328125, -106.5790
19565637.207031, -104.4946
19567163.085938, -102.8222
19568688.964844, -101.4911
19570214.843750, -100.6808
19571740.722656, -100.6556
19573266.601562, -101.2889
19574792.480469, -101.9649
19576318.359375, -102.1287
19577844.238281, -102.3183
19579370.117188, -103.8498
19580895.996094, -107.4579
19582421.875000, -108.7919
19583947.753906, -105.3618
19585473.632812, -103.1334
19586999.511719, -102.5972
19588525.390625, -103.4473
19590051.269531, -105.3176
19591577.148438, -107.4235
19593103.027344, -108.5464
19594628.906250, -108.4295
19596154.785156, -104.9131
19597680.664062, -101.2181
19599206.542969, -99.2430
19600732.421875, -98.3248
19602258.300781, -97.5557
19603784.179688, -96.6951
19605310.058594, -96.2593
19606835.937500, -96.7763
19608361.816406, -98.2740
19609887.695312, -100.2147
19611413.574219, -101.9689
19612939.453125, -103.6947
19614465.332031, -106.2722
19615991.210938, -110.0377
19617517.089844, -112.3260
19619042.968750, -110.9126
19620568.847656, -107.8082
19622094.726562, -104.8441
19623620.605469, -103.0844
19625146.484375, -102.7848
19626672.363281, -103.5651
19628198.242188, -103.9552
19629724.121094, -102.9528
19631250.000000, -102.0373
19632775.878906, -102.2371
19634301.757812, -103.0210
19635827.636719, -103.0886
19637353.515625, -102.4292
19638879.394531, -101.6861
19640405.273438, -100.9197
19641931.152344, -100.1957
19643457.031250, -99.7806
19644982.910156, -99.6568
19646508.789062, -99.5013
19648034.667969, -99.2406
19649560.546875, -99.3138
19651086.425781, -100.1160
19652612.304688, -101.0118
19654138.183594, -100.4619
19655664.062500, -99.0031
19657189.941406, -97.8092
19658715.820312, -96.8932
19660241.699219, -96.1239
19661767.578125, -95.7034
19663293.457031, -95.7833
19664819.335938, -96.2600
19666345.214844, -96.9349
19667871.093750, -97.7100
19669396.972656, -98.5860
19670922.851562, -99.4834
19672448.730469, -100.1728
19673974.609375, -100.5096
19675500.488281, -100.6028
19677026.367188, -100.4592
19678552.246094, -99.8237
19680078.125000, -98.6925
19681604.003906, -97.4279
19683129.882812, -96.3895
19684655.761719, -95.8196
19686181.640625, -95.8299
19687707.519531, -96.3287
19689233.398438, -97.0161
19690759.277344, -97.6643
19692285.156250, -98.5178
19693811.035156, -100.0107
19695336.914062, -102.1403
19696862.792969, -104.2641
19698388.671875, -105.7768
19699914.550781, -106.9563
19701440.429688, -107.7160
19702966.308594, -107.2589
19704492.187500, -106.4173
19706018.066406, -106.2521
19707543.945312, -106.8344
19709069.824219, -107.5553
19710595.703125, -107.1164
19712121.582031, -104.9963
19713647.460938, -102.5012
19715173.339844, -101.0319
19716699.218750, -101.3632
19718225.097656, -103.8524
19719750.976562, -108.4120
19721276.855469, -113.9794
19722802.734375, -119.2130
19724328.613281, -130.8660
19725854.492188, -114.2708
19727380.371094, -108.5238
19728906.250000, -107.1656
19730432.128906, -107.4880
19731958.007812, -106.0616
19733483.886719, -103.4644
19735009.765625, -101.7460
19736535.644531, -101.2883
19738061.523438, -101.8233
19739587.402344, -102.9739
19741113.281250, -104.8445
19742639.160156, -108.1598
19744165.039062, -115.4272
19745690.917969, -116.1906
19747216.796875, -107.5368
19748742.675781, -103.9781
19750268.554688, -102.1879
19751794.433594, -100.8092
19753320.312500, -99.3729
19754846.191406, -98.2030
19756372.070312, -97.8492
19757897.949219, -98.6569
19759423.828125, -100.6418
19760949.707031, -103.2442
19762475.585938, -105.1306
19764001.464844, -105.5875
19765527.343750, -105.5653
19767053.222656, -105.9950
19768579.101562, -106.8826
19770104.980469, -107.4985
19771630.859375, -107.4810
19773156.738281, -107.6903
19774682.617188, -109.0512
19776208.496094, -109.9531
19777734.375000, -107.7755
19779260.253906, -105.8907
19780786.132812, -105.5921
19782312.011719, -106.3414
19783837.890625, -107.2545
19785363.769531, -107.8124
19786889.648438, -108.2382
19788415.527344, -107.8727
19789941.406250, -106.3556
19791467.285156, -105.2121
19792993.164062, -104.4245
19794519.042969, -103.1196
19796044.921875, -101.6109
19797570.800781, -100.6137
19799096.679688, -100.3233
19800622.558594, -100.3687
19802148.437500, -100.0227
19803674.316406, -98.9942
19805200.195312, -97.8760
19806726.074219, -97.2858
19808251.953125, -97.1187
19809777.832031, -96.7724
19811303.710938, -96.0087
19812829.589844, -95.2686
19814355.468750, -95.2156
19815881.347656, -96.2497
19817407.226562, -98.3875
19818933.105469, -101.4481
19820458.984375, -105.6543
19821984.863281, -113.1510
19823510.742188, -112.4049
19825036.621094, -104.9128
19826562.500000, -101.5823
19828088.378906, -100.3799
19829614.257812, -100.5737
19831140.136719, -101.7738
19832666.015625, -103.5793
19834191.894531, -105.3593
19835717.773438, -106.3729
19837243.652344, -106.5803
19838769.531250, -107.0673
19840295.410156, -108.3303
19841821.289062, -109.3276
19843347.167969, -107.5021
19844873.046875, -103.5786
19846398.925781, -100.1495
19847924.804688, -97.6351
19849450.683594, -95.8030
19850976.562500, -94.5703
19852502.441406, -94.0406
19854028.320312, -94.2252
19855554.199219, -94.8560
19857080.078125, -95.5921
19858605.957031, -96.4795
19860131.835938, -97.9253
19861657.714844, -100.0792
19863183.593750, -102.3299
19864709.472656, -104.2139
19866235.351562, -106.2412
19867761.230469, -108.9396
19869287.109375, -114.0293
19870812.988281, -125.1500
19872338.867188, -119.4812
19873864.746094, -129.8288
19875390.625000, -113.2281
19876916.503906, -105.2980
19878442.382812, -101.7894
19879968.261719, -100.2978
19881494.140625, -99.8749
19883020.019531, -100.2015
19884545.898438, -101.2977
19886071.777344, -103.0614
19887597.656250, -105.6729
19889123.535156, -109.9973
19890649.414062, -111.3935
19892175.292969, -108.1367
19893701.171875, -107.2166
19895227.050781, -107.0619
19896752.929688, -105.5815
19898278.808594, -104.0135
19899804.687500, -103.0279
19901330.566406, -102.1518
19902856.445312, -101.0515
19904382.324219, -100.1621
19905908.203125, -100.1071
19907434.082031, -100.9105
19908959.960938, -101.8366
19910485.839844, -101.9695
19912011.718750, -101.3445
19913537.597656, -100.4845
19915063.476562, -99.6308
19916589.355469, -98.8561
19918115.234375, -98.1974
19919641.113281, -97.7363
19921166.992188, -97.5825
19922692.871094, -97.7419
19924218.750000, -98.1159
19925744.628906, -98.6352
19927270.507812, -99.3418
19928796.386719, -100.3950
19930322.265625, -101.9176
19931848.144531, -103.2857
19933374.023438, -103.2559
19934899.902344, -102.5174
19936425.781250, -102.0789
19937951.660156, -101.6971
19939477.539062, -100.8861
19941003.417969, -99.8076
19942529.296875, -98.8455
19944055.175781, -98.1564
19945581.054688, -97.7781
19947106.933594, -97.7442
19948632.812500, -98.1070
19950158.691406, -98.9400
19951684.570312, -100.4006
19953210.449219, -102.4796
19954736.328125, -104.6076
19956262.207031, -106.5824
19957788.085938, -109.3069
19959313.964844, -110.8839
19960839.843750, -108.0529
19962365.722656, -105.5946
19963891.601562, -103.8614
19965417.480469, -101.8868
19966943.359375, -99.9640
19968469.238281, -98.7034
19969995.117188, -98.4175
19971520.996094, -99.3466
19973046.875000, -101.8456
19974572.753906, -106.6762
19976098.632812, -117.5140
19977624.511719, -114.7741
19979150.390625, -107.0465
19980676.269531, -103.7961
19982202.148438, -102.6071
19983728.027344, -102.5319
19985253.906250, -102.9633
19986779.785156, -103.9390
19988305.664062, -106.1380
19989831.542969, -108.6988
19991357.421875, -104.7160
19992883.300781, -98.7203
19994409.179688, -93.7509
19995935.058594, -90.5851
19997460.937500, -89.2369
19998986.816406, -89.1601
20000512.695312, -89.4902
20002038.574219, -89.6790
20003564.453125, -90.1607
20005090.332031, -91.7987
20006616.210938, -95.0257
20008142.089844, -99.3065
20009667.968750, -102.7851
20011193.847656, -103.9817
20012719.726562, -103.2338
20014245.605469, -101.9541
20015771.484375, -101.5940
20017297.363281, -103.0354
20018823.242188, -107.0549
20020349.121094, -113.9518
20021875.000000, -111.3123
20023400.878906, -106.0404
20024926.757812, -102.0122
20026452.636719, -99.0003
20027978.515625, -97.4374
20029504.394531, -97.5043
20031030.273438, -98.8299
20032556.152344, -100.2016
20034082.031250, -100.5478
20035607.910156, -100.5084
20037133.789062, -100.6982
20038659.667969, -100.8731
20040185.546875, -101.3224
20041711.425781, -102.9018
20043237.304688, -104.3310
20044763.183594, -102.4338
20046289.062500, -99.8929
20047814.941406, -98.1210
20049340.820312, -96.9394
20050866.699219, -96.4710
20052392.578125, -96.9936
20053918.457031, -98.6504
20055444.335938, -101.6041
20056970.214844, -105.9011
20058496.093750, -109.5472
20060021.972656, -109.4659
20061547.851562, -107.3515
20063073.730469, -105.7196
20064599.609375, -105.6153
20066125.488281, -107.2852
20067651.367188, -113.0120
20069177.246094, -116.4534
20070703.125000, -103.2678
20072229.003906, -97.7761
20073754.882812, -95.0612
20075280.761719, -94.2646
20076806.640625, -94.9924
20078332.519531, -96.9706
20079858.398438, -100.0221
20081384.277344, -104.0259
20082910.156250, -107.1562
20084436.035156, -104.7187
20085961.914062, -101.6383
20087487.792969, -100.4456
20089013.671875, -100.9830
20090539.550781, -102.2752
20092065.429688, -102.5953
20093591.308594, -101.5242
20095117.187500, -100.5618
20096643.066406, -100.6422
20098168.945312, -101.5007
20099694.824219, -102.1487
20101220.703125, -102.1913
20102746.582031, -102.3483
20104272.460938, -102.2335
20105798.339844, -101.0062
20107324.218750, -100.1044
20108850.097656, -100.6458
20110375.976562, -102.4754
20111901.855469, -104.2627
20113427.734375, -103.8936
20114953.613281, -101.5882
20116479.492188, -99.4583
20118005.371094, -98.5530
20119531.250000, -98.9356
20121057.128906, -99.9561
20122583.007812, -100.4432
20124108.886719, -100.2439
20125634.765625, -100.4813
20127160.644531, -101.9613
20128686.523438, -104.4407
20130212.402344, -105.6895
20131738.281250, -104.6575
20133264.160156, -103.2362
20134790.039062, -101.9947
20136315.917969, -100.6778
20137841.796875, -99.3592
20139367.675781, -98.3309
20140893.554688, -97.6669
20142419.433594, -97.3974
20143945.312500, -97.5554
20145471.191406, -98.1189
20146997.070312, -99.0384
20148522.949219, -100.2413
20150048.828125, -101.4453
20151574.707031, -102.3961
20153100.585938, -103.8193
20154626.464844, -107.1416
20156152.343750, -115.1487
20157678.222656, -114.5219
20159204.101562, -106.6181
20160729.980469, -102.8437
20162255.859375, -100.7107
20163781.738281, -99.3656
20165307.617188, -98.4895
20166833.496094, -98.2411
20168359.375000, -98.9589
20169885.253906, -100.6102
20171411.132812, -102.2581
20172937.011719, -102.8563
20174462.890625, -102.7812
20175988.769531, -102.5239
20177514.648438, -101.7442
20179040.527344, -100.6734
20180566.406250, -100.1228
20182092.285156, -100.2335
20183618.164062, -100.8860
20185144.042969, -102.3270
20186669.921875, -104.1514
20188195.800781, -103.9206
20189721.679688, -102.6074
20191247.558594, -101.6017
20192773.437500, -100.3657
20194299.316406, -99.3226
20195825.195312, -99.4152
20197351.074219, -101.2319
20198876.953125, -104.4122
20200402.832031, -107.7383
20201928.710938, -113.1367
20203454.589844, -109.8992
20204980.468750, -103.0108
20206506.347656, -99.5070
20208032.226562, -97.9828
20209558.105469, -97.7819
20211083.984375, -98.4194
20212609.863281, -99.6372
20214135.742188, -101.2834
20215661.621094, -102.5199
20217187.500000, -102.3230
20218713.378906, -101.5277
20220239.257812, -100.8790
20221765.136719, -100.2263
20223291.015625, -99.5903
20224816.894531, -99.3871
20226342.773438, -99.8503
20227868.652344, -100.6446
20229394.531250, -101.2081
20230920.410156, -101.6053
20232446.289062, -102.3606
20233972.167969, -103.6332
20235498.046875, -104.7711
20237023.925781, -104.7223
20238549.804688, -103.6862
20240075.683594, -102.8575
20241601.562500, -102.6286
20243127.441406, -102.4366
20244653.320312, -101.8778
20246179.199219, -101.6039
20247705.078125, -102.7488
20249230.957031, -106.1636
20250756.835938, -111.8510
20252282.714844, -116.6769
20253808.593750, -125.6876
20255334.472656, -115.5109
20256860.351562, -107.5596
20258386.230469, -104.6057
20259912.109375, -103.6442
20261437.988281, -102.4499
20262963.867188, -100.6657
20264489.746094, -99.4829
20266015.625000, -99.4377
20267541.503906, -100.1664
20269067.382812, -100.5572
20270593.261719, -100.0027
20272119.140625, -99.2418
20273645.019531, -98.9657
20275170.898438, -99.0491
20276696.777344, -98.9962
20278222.656250, -98.7849
20279748.535156, -99.0819
20281274.414062, -100.5130
20282800.292969, -102.9948
20284326.171875, -105.4760
20285852.050781, -107.3195
20287377.929688, -110.0235
20288903.808594, -114.6749
20290429.687500, -111.2291
20291955.566406, -106.1349
20293481.445312, -103.1926
20295007.324219, -101.3361
20296533.203125, -99.9638
20298059.082031, -98.8756
20299584.960938, -97.9962
20301110.839844, -97.2759
20302636.718750, -96.8294
20304162.597656, -96.8268
20305688.476562, -97.2132
20307214.355469, -97.6178
20308740.234375, -97.7085
20310266.113281, -97.7445
20311791.992188, -98.2573
20313317.871094, -99.1895
20314843.750000, -99.7148
20316369.628906, -99.4373
20317895.507812, -99.0536
20319421.386719, -99.2588
20320947.265625, -100.2861
20322473.144531, -102.2593
20323999.023438, -105.6274
20325524.902344, -111.7476
20327050.781250, -115.7234
20328576.660156, -108.6781
20330102.539062, -104.7544
20331628.417969, -102.5862
20333154.296875, -101.8919
20334680.175781, -103.1390
20336206.054688, -107.6286
20337731.933594, -119.3960
20339257.812500, -107.8358
20340783.691406, -102.2626
20342309.570312, -99.5501
20343835.449219, -98.5003
20345361.328125, -98.6959
20346887.207031, -99.7531
20348413.085938, -101.1693
20349938.964844, -102.3788
20351464.843750, -102.9638
20352990.722656, -102.7258
20354516.601562, -101.5570
20356042.480469, -99.7857
20357568.359375, -98.3632
20359094.238281, -97.8697
20360620.117188, -98.1802
20362145.996094, -98.9107
20363671.875000, -99.9685
20365197.753906, -101.0989
20366723.632812, -100.5787
20368249.511719, -98.6206
20369775.390625, -97.3689
20371301.269531, -97.1662
20372827.148438, -97.3716
20374353.027344, -97.2395
20375878.906250, -96.7326
20377404.785156, -96.4718
20378930.664062, -96.8742
20380456.542969, -97.7724
20381982.421875, -98.6351
20383508.300781, -99.1835
20385034.179688, -99.6076
20386560.058594, -99.9940
20388085.937500, -100.1288
20389611.816406, -99.9885
20391137.695312, -99.9655
20392663.574219, -100.5599
20394189.453125, -102.0567
20395715.332031, -104.2273
20397241.210938, -105.5762
20398767.089844, -104.3998
20400292.968750, -101.4428
20401818.847656, -98.4379
20403344.726562, -96.5653
20404870.605469, -96.2534
20406396.484375, -97.4427
20407922.363281, -99.2555
20409448.242188, -100.0216
20410974.121094, -99.7795
20412500.000000, -99.9049
20414025.878906, -101.1770
20415551.757812, -103.4929
20417077.636719, -104.7054
20418603.515625, -102.0114
20420129.394531, -99.1507
20421655.273438, -98.0644
20423181.152344, -98.3742
20424707.031250, -99.0474
20426232.910156, -99.4103
20427758.789062, -99.9372
20429284.667969, -101.1650
20430810.546875, -102.6757
20432336.425781, -103.5541
20433862.304688, -104.1293
20435388.183594, -105.3642
20436914.062500, -106.8591
20438439.941406, -106.8212
20439965.820312, -105.0157
20441491.699219, -103.0902
20443017.578125, -101.7187
20444543.457031, -100.5349
20446069.335938, -99.2592
20447595.214844, -98.2183
20449121.093750, -97.7725
20450646.972656, -97.9081
20452172.851562, -98.5099
20453698.730469, -99.8138
20455224.609375, -102.3050
20456750.488281, -105.0928
20458276.367188, -104.1152
20459802.246094, -101.6932
20461328.125000, -99.8822
20462854.003906, -98.2637
20464379.882812, -96.8421
20465905.761719, -95.9257
20467431.640625, -95.6671
20468957.519531, -96.0929
20470483.398438, -97.2246
20472009.277344, -99.0892
20473535.156250, -101.5200
20475061.035156, -103.6701
20476586.914062, -104.4466
20478112.792969, -104.0214
20479638.671875, -103.8250
20481164.550781, -104.8812
20482690.429688, -107.1373
20484216.308594, -109.1287
20485742.187500, -108.5874
20487268.066406, -106.9198
20488793.945312, -105.0313
20490319.824219, -103.0625
20491845.703125, -101.6581
20493371.582031, -101.0027
20494897.460938, -100.6639
20496423.339844, -100.2927
20497949.218750, -99.9980
20499475.097656, -99.8869
20501000.976562, -99.9696
20502526.855469, -100.3982
20504052.734375, -101.4716
20505578.613281, -103.3865
20507104.492188, -105.6496
20508630.371094, -105.7926
20510156.250000, -103.5153
20511682.128906, -101.8281
20513208.007812, -101.4166
20514733.886719, -101.4857
20516259.765625, -100.8937
20517785.644531, -99.4430
20519311.523438, -98.1903
20520837.402344, -98.1154
20522363.281250, -99.4112
20523889.160156, -101.5790
20525415.039062, -103.6986
20526940.917969, -105.3480
20528466.796875, -107.1266
20529992.675781, -110.5097
20531518.554688, -117.2897
20533044.433594, -112.4255
20534570.312500, -108.1839
20536096.191406, -107.1742
20537622.070312, -106.8860
20539147.949219, -105.4464
20540673.828125, -103.2575
20542199.707031, -101.7072
20543725.585938, -101.3626
20545251.464844, -102.0883
20546777.343750, -103.4180
20548303.222656, -104.3697
20549829.101562, -103.8001
20551354.980469, -102.6539
20552880.859375, -102.2335
20554406.738281, -102.4699
20555932.617188, -102.7433
20557458.496094, -103.0906
20558984.375000, -104.4835
20560510.253906, -107.5340
20562036.132812, -110.0190
20563562.011719, -110.4345
20565087.890625, -112.5263
20566613.769531, -119.3907
20568139.648438, -117.8293
20569665.527344, -108.5233
20571191.406250, -104.3638
20572717.285156, -102.2093
20574243.164062, -101.0648
20575769.042969, -100.5467
20577294.921875, -100.4758
20578820.800781, -100.9257
20580346.679688, -102.1376
20581872.558594, -104.3247
20583398.437500, -107.5506
20584924.316406, -110.7063
20586450.195312, -111.4971
20587976.074219, -112.6381
20589501.953125, -117.1985
20591027.832031, -115.7834
20592553.710938, -109.7527
20594079.589844, -105.5503
20595605.468750, -102.0805
20597131.347656, -99.3565
20598657.226562, -97.7367
20600183.105469, -97.4259
20601708.984375, -98.4750
20603234.863281, -100.8498
20604760.742188, -103.7435
20606286.621094, -104.0170
20607812.500000, -102.4854
20609338.378906, -102.1380
20610864.257812, -103.3031
20612390.136719, -105.2907
20613916.015625, -106.5168
20615441.894531, -105.5363
20616967.773438, -103.7523
20618493.652344, -103.3622
20620019.531250, -106.0779
20621545.410156, -113.9467
20623071.289062, -107.4715
20624597.167969, -103.1725
20626123.046875, -102.0553
20627648.925781, -102.0797
20629174.804688, -102.3122
20630700.683594, -103.0766
20632226.562500, -105.3921
20633752.441406, -109.9136
20635278.320312, -109.2709
20636804.199219, -103.9827
20638330.078125, -100.2235
20639855.957031, -97.7593
20641381.835938, -96.5653
20642907.714844, -96.6188
20644433.593750, -97.7525
20645959.472656, -99.6722
20647485.351562, -101.9688
20649011.230469, -104.1815
20650537.109375, -106.2396
20652062.988281, -108.8361
20653588.867188, -112.4843
20655114.746094, -116.3524
20656640.625000, -117.7602
20658166.503906, -109.7280
20659692.382812, -103.5895
20661218.261719, -100.3302
20662744.140625, -99.2067
20664270.019531, -99.5563
20665795.898438, -100.5186
20667321.777344, -101.4408
20668847.656250, -102.8604
20670373.535156, -106.0661
20671899.414062, -112.3915
20673425.292969, -125.1345
20674951.171875, -125.6488
20676477.050781, -115.5557
20678002.929688, -109.1267
20679528.808594, -104.4485
20681054.687500, -101.1437
20682580.566406, -98.8396
20684106.445312, -97.2855
20685632.324219, -96.3263
20687158.203125, -95.9406
20688684.082031, -96.1758
20690209.960938, -96.9754
20691735.839844, -98.0887
20693261.718750, -99.0582
20694787.597656, -99.5288
20696313.476562, -100.0168
20697839.355469, -101.6913
20699365.234375, -105.7254
20700891.113281, -113.5328
20702416.992188, -111.6214
20703942.871094, -106.2692
20705468.750000, -103.3648
20706994.628906, -101.5276
20708520.507812, -100.4840
20710046.386719, -100.4715
20711572.265625, -101.8594
20713098.144531, -104.7339
20714624.023438, -107.6852
20716149.902344, -107.2352
20717675.781250, -104.7469
20719201.660156, -103.2710
20720727.539062, -103.3550
20722253.417969, -104.6478
20723779.296875, -106.9858
20725305.175781, -111.4931
20726831.054688, -121.7076
20728356.933594, -108.6097
20729882.812500, -102.9368
20731408.691406, -100.3282
20732934.570312, -99.3071
20734460.449219, -99.1049
20735986.328125, -99.2412
20737512.207031, -99.7815
20739038.085938, -101.3541
20740563.964844, -104.6477
20742089.843750, -107.2579
20743615.722656, -104.8671
20745141.601562, -103.5112
20746667.480469, -104.5486
20748193.359375, -107.8783
20749719.238281, -114.3223
20751245.117188, -116.4105
20752770.996094, -108.5446
20754296.875000, -104.0670
20755822.753906, -101.3408
20757348.632812, -99.5547
20758874.511719, -98.5655
20760400.390625, -98.5678
20761926.269531, -99.5111
20763452.148438, -101.1032
20764978.027344, -103.0728
20766503.906250, -105.0440
20768029.785156, -107.5292
20769555.664062, -112.7618
20771081.542969, -123.6716
20772607.421875, -114.9976
20774133.300781, -112.9773
20775659.179688, -116.0567
20777185.058594, -111.2397
20778710.937500, -104.6578
20780236.816406, -101.5177
20781762.695312, -100.4077
20783288.574219, -100.1497
20784814.453125, -99.7590
20786340.332031, -99.2583
20787866.210938, -99.5986
20789392.089844, -101.6962
20790917.968750, -105.8577
20792443.847656, -109.4142
20793969.726562, -109.1018
20795495.605469, -109.2227
20797021.484375, -110.3172
20798547.363281, -110.4677
20800073.242188, -108.4827
20801599.121094, -106.2167
20803125.000000, -105.1351
20804650.878906, -104.7865
20806176.757812, -104.1732
20807702.636719, -102.8764
20809228.515625, -101.1010
20810754.394531, -99.5417
20812280.273438, -98.6107
20813806.152344, -98.2958
20815332.031250, -98.4234
20816857.910156, -98.6900
20818383.789062, -98.7113
20819909.667969, -98.5384
20821435.546875, -98.8227
20822961.425781, -100.2306
20824487.304688, -103.1646
20826013.183594, -107.5944
20827539.062500, -111.8262
20829064.941406, -112.1155
20830590.820312, -109.0135
20832116.699219, -106.3693
20833642.578125, -105.0579
20835168.457031, -104.1652
20836694.335938, -102.8921
20838220.214844, -101.7221
20839746.093750, -101.6823
20841271.972656, -103.1980
20842797.851562, -105.0850
20844323.730469, -104.9735
20845849.609375, -104.1702
20847375.488281, -103.9461
20848901.367188, -103.7973
20850427.246094, -103.2455
20851953.125000, -102.4856
20853479.003906, -101.8952
20855004.882812, -101.9024
20856530.761719, -102.7372
20858056.640625, -104.1050
20859582.519531, -105.3964
20861108.398438, -106.7270
20862634.277344, -109.1189
20864160.156250, -109.0342
20865686.035156, -104.6188
20867211.914062, -102.1006
20868737.792969, -101.3605
20870263.671875, -101.4725
20871789.550781, -101.6152
20873315.429688, -100.9810
20874841.308594, -100.1756
20876367.187500, -100.1087
20877893.066406, -100.7453
20879418.945312, -101.5263
20880944.824219, -101.9383
20882470.703125, -102.4356
20883996.582031, -103.9718
20885522.460938, -106.7928
20887048.339844, -111.0373
20888574.218750, -117.4408
20890100.097656, -110.9354
20891625.976562, -106.3451
20893151.855469, -104.3204
20894677.734375, -103.0751
20896203.613281, -101.9014
20897729.492188, -101.0490
20899255.371094, -101.1567
20900781.250000, -102.2177
20902307.128906, -103.0273
20903833.007812, -102.3728
20905358.886719, -100.9673
20906884.765625, -99.9135
20908410.644531, -99.5685
20909936.523438, -99.7618
20911462.402344, -100.2991
20912988.281250, -101.2350
20914514.160156, -102.3754
20916040.039062, -102.9820
20917565.917969, -103.1904
20919091.796875, -104.0576
20920617.675781, -105.8407
20922143.554688, -107.3513
20923669.433594, -107.3543
20925195.312500, -106.2686
20926721.191406, -105.0460
20928247.070312, -104.6201
20929772.949219, -104.9617
20931298.828125, -105.3936
20932824.707031, -105.7286
20934350.585938, -105.9095
20935876.464844, -105.6241
20937402.343750, -105.1091
20938928.222656, -104.8655
20940454.101562, -104.3231
20941979.980469, -103.0543
20943505.859375, -101.9120
20945031.738281, -101.4102
20946557.617188, -101.7421
20948083.496094, -103.2375
20949609.375000, -106.4059
20951135.253906, -111.9584
20952661.132812, -114.2003
20954187.011719, -109.1838
20955712.890625, -106.6433
20957238.769531, -106.5618
20958764.648438, -109.2047
20960290.527344, -114.0731
20961816.406250, -108.1703
20963342.285156, -103.2955
20964868.164062, -100.9788
20966394.042969, -99.8029
20967919.921875, -98.9398
20969445.800781, -98.3316
20970971.679688, -98.5320
20972497.558594, -100.0775
20974023.437500, -102.9412
20975549.316406, -105.9821
20977075.195312, -107.5917
20978601.074219, -107.3002
20980126.953125, -105.1043
20981652.832031, -102.7518
20983178.710938, -101.6410
20984704.589844, -101.9905
20986230.468750, -103.0730
20987756.347656, -102.7556
20989282.226562, -100.5685
20990808.105469, -98.3359
20992333.984375, -96.7438
20993859.863281, -95.8350
20995385.742188, -95.5656
20996911.621094, -95.8386
20998437.500000, -96.4619
20999963.378906, -97.2473
21001489.257812, -98.1690
21003015.136719, -99.3228
21004541.015625, -100.7626
21006066.894531, -102.5124
21007592.773438, -104.8446
21009118.652344, -108.7111
21010644.531250, -116.7627
21012170.410156, -112.3830
21013696.289062, -105.5014
21015222.167969, -101.9371
21016748.046875, -100.0143
21018273.925781, -99.0652
21019799.804688, -98.6408
21021325.683594, -98.5361
21022851.562500, -98.8782
21024377.441406, -99.9327
21025903.320312, -101.7959
21027429.199219, -103.9332
21028955.078125, -104.5860
21030480.957031, -103.1665
21032006.835938, -101.5171
21033532.714844, -100.4481
21035058.593750, -99.7519
21036584.472656, -99.1462
21038110.351562, -98.7759
21039636.230469, -99.1250
21041162.109375, -100.5208
21042687.988281, -102.3718
21044213.867188, -102.9065
21045739.746094, -102.1539
21047265.625000, -101.4553
21048791.503906, -101.3154
21050317.382812, -101.8490
21051843.261719, -102.5084
21053369.140625, -101.8535
21054895.019531, -100.3413
21056420.898438, -99.6851
21057946.777344, -100.2863
21059472.656250, -101.7070
21060998.535156, -103.4459
21062524.414062, -105.7318
21064050.292969, -109.6546
21065576.171875, -115.6998
21067102.050781, -111.8801
21068627.929688, -106.8044
21070153.808594, -103.9379
21071679.687500, -102.6435
21073205.566406, -102.7589
21074731.445312, -103.9130
21076257.324219, -105.4075
21077783.203125, -107.2815
21079309.082031, -110.7685
21080834.960938, -119.4987
21082360.839844, -120.2188
21083886.718750, -112.7110
21085412.597656, -111.8299
21086938.476562, -114.4706
21088464.355469, -117.8223
21089990.234375, -114.5711
21091516.113281, -110.5824
21093041.992188, -108.4833
21094567.871094, -108.2876
21096093.750000, -110.2293
21097619.628906, -115.2315
21099145.507812, -116.1194
21100671.386719, -109.3230
21102197.265625, -104.9594
21103723.144531, -101.8801
21105249.023438, -99.5970
21106774.902344, -98.1127
21108300.781250, -97.6050
21109826.660156, -98.2910
21111352.539062, -100.3187
21112878.417969, -103.4619
21114404.296875, -105.8336
21115930.175781, -105.1614
21117456.054688, -104.1768
21118981.933594, -104.2211
21120507.812500, -104.0554
21122033.691406, -102.7893
21123559.570312, -101.4749
21125085.449219, -101.1678
21126611.328125, -102.3584
21128137.207031, -105.0533
21129663.085938, -108.7467
21131188.964844, -111.9685
21132714.843750, -112.8045
21134240.722656, -113.1443
21135766.601562, -114.4926
21137292.480469, -115.6108
21138818.359375, -113.9376
21140344.238281, -110.9286
21141870.117188, -108.9926
21143395.996094, -108.4016
21144921.875000, -108.4922
21146447.753906, -108.4347
21147973.632812, -107.6277
21149499.511719, -106.0619
21151025.390625, -104.8103
21152551.269531, -104.8270
21154077.148438, -105.2764
21155603.027344, -104.5844
21157128.906250, -104.5329
21158654.785156, -107.1223
21160180.664062, -114.6386
21161706.542969, -124.0656
21163232.421875, -112.7929
21164758.300781, -108.4921
21166284.179688, -105.8810
21167810.058594, -105.3498
21169335.937500, -107.6183
21170861.816406, -115.0085
21172387.695312, -119.4844
21173913.574219, -110.7635
21175439.453125, -108.6459
21176965.332031, -109.7044
21178491.210938, -113.4153
21180017.089844, -116.2118
21181542.968750, -119.3317
21183068.847656, -126.3425
21184594.726562, -115.2206
21186120.605469, -112.1159
21187646.484375, -111.1928
21189172.363281, -109.3392
21190698.242188, -106.7137
21192224.121094, -105.2053
21193750.000000, -105.9885
21195275.878906, -111.3507
21196801.757812, -113.4665
21198327.636719, -104.6775
21199853.515625, -101.1822
21201379.394531, -99.4268
21202905.273438, -98.2172
21204431.152344, -97.5603
21205957.031250, -97.9995
21207482.910156, -99.9956
21209008.789062, -103.8598
21210534.667969, -110.2262
21212060.546875, -121.3573
21213586.425781, -116.5592
21215112.304688, -111.0414
21216638.183594, -107.5220
21218164.062500, -104.7913
21219689.941406, -102.3042
21221215.820312, -99.9755
21222741.699219, -98.1554
21224267.578125, -97.1439
21225793.457031, -97.0556
21227319.335938, -97.8415
21228845.214844, -99.1930
21230371.093750, -100.5362
21231896.972656, -101.4766
21233422.851562, -101.9704
21234948.730469, -101.9531
21236474.609375, -101.4996
21238000.488281, -101.0571
21239526.367188, -101.1364
21241052.246094, -101.9438
21242578.125000, -103.3374
21244104.003906, -105.4418
21245629.882812, -109.9733
21247155.761719, -116.6883
21248681.640625, -107.0722
21250207.519531, -102.9226
21251733.398438, -101.5148
21253259.277344, -101.4168
21254785.156250, -101.8687
21256311.035156, -102.6902
21257836.914062, -104.0544
21259362.792969, -105.4688
21260888.671875, -105.1736
21262414.550781, -103.8251
21263940.429688, -103.2929
21265466.308594, -103.6327
21266992.187500, -104.1374
21268518.066406, -104.5068
21270043.945312, -104.5668
21271569.824219, -104.7848
21273095.703125, -105.5732
21274621.582031, -105.4645
21276147.460938, -103.9912
21277673.339844, -102.8128
21279199.218750, -102.8565
21280725.097656, -103.1995
21282250.976562, -102.1436
21283776.855469, -100.8549
21285302.734375, -100.3528
21286828.613281, -100.6262
21288354.492188, -101.1670
21289880.371094, -101.0983
21291406.250000, -100.5865
21292932.128906, -100.6376
21294458.007812, -101.4787
21295983.886719, -102.1123
21297509.765625, -101.6152
21299035.644531, -100.9369
21300561.523438, -100.6389
21302087.402344, -100.2270
21303613.281250, -99.4633
21305139.160156, -98.6496
21306665.039062, -98.0113
21308190.917969, -97.5875
21309716.796875, -97.4764
21311242.675781, -97.8806
21312768.554688, -98.9668
21314294.433594, -100.7227
21315820.312500, -102.9990
21317346.191406, -105.8367
21318872.070312, -109.5473
21320397.949219, -114.0648
21321923.828125, -121.3754
21323449.707031, -124.5160
21324975.585938, -113.6026
21326501.464844, -108.7189
21328027.343750, -104.7460
21329553.222656, -101.2402
21331079.101562, -98.6446
21332604.980469, -97.6034
21334130.859375, -98.1707
21335656.738281, -99.6270
21337182.617188, -100.7619
21338708.496094, -101.0075
21340234.375000, -101.4133
21341760.253906, -103.1728
21343286.132812, -106.3149
21344812.011719, -110.2486
21346337.890625, -111.1467
21347863.769531, -107.8612
21349389.648438, -106.6181
21350915.527344, -107.6091
21352441.406250, -109.1382
21353967.285156, -109.6451
21355493.164062, -110.7890
21357019.042969, -113.5023
21358544.921875, -114.3805
21360070.800781, -108.6774
21361596.679688, -104.5652
21363122.558594, -103.4502
21364648.437500, -104.5844
21366174.316406, -105.7535
21367700.195312, -105.9561
21369226.074219, -107.4358
21370751.953125, -110.2122
21372277.832031, -110.9889
21373803.710938, -108.7137
21375329.589844, -107.5309
21376855.468750, -109.2662
21378381.347656, -111.7276
21379907.226562, -109.2511
21381433.105469, -106.5260
21382958.984375, -105.9868
21384484.863281, -108.4978
21386010.742188, -112.4251
21387536.621094, -108.8016
21389062.500000, -106.0115
21390588.378906, -104.1025
21392114.257812, -101.6010
21393640.136719, -99.8071
21395166.015625, -99.2680
21396691.894531, -99.7231
21398217.773438, -101.0403
21399743.652344, -103.4523
21401269.531250, -106.9818
21402795.410156, -109.6360
21404321.289062, -108.8244
21405847.167969, -105.9087
21407373.046875, -103.2812
21408898.925781, -102.2467
21410424.804688, -102.9607
21411950.683594, -105.0775
21413476.562500, -107.5280
21415002.441406, -108.6008
21416528.320312, -108.2796
21418054.199219, -106.1133
21419580.078125, -102.4977
21421105.957031, -99.7434
21422631.835938, -98.4358
21424157.714844, -98.0620
21425683.593750, -97.7416
21427209.472656, -97.0175
21428735.351562, -96.2447
21430261.230469, -95.9197
21431787.109375, -96.1791
21433312.988281, -96.8606
21434838.867188, -97.7491
21436364.746094, -98.7784
21437890.625000, -100.0811
21439416.503906, -101.9369
21440942.382812, -104.7097
21442468.261719, -109.1974
21443994.140625, -117.6467
21445520.019531, -109.6839
21447045.898438, -103.3724
21448571.777344, -100.0824
21450097.656250, -98.5183
21451623.535156, -98.2533
21453149.414062, -98.9791
21454675.292969, -100.6010
21456201.171875, -103.9916
21457727.050781, -113.2863
21459252.929688, -107.4792
21460778.808594, -100.9016
21462304.687500, -98.3284
21463830.566406, -97.3094
21465356.445312, -96.8624
21466882.324219, -96.7674
21468408.203125, -97.2737
21469934.082031, -98.6495
21471459.960938, -100.8369
21472985.839844, -103.1725
21474511.718750, -104.8478
21476037.597656, -105.9847
21477563.476562, -106.5986
21479089.355469, -106.2946
21480615.234375, -105.4214
21482141.113281, -104.6311
21483666.992188, -104.2072
21485192.871094, -104.7963
21486718.750000, -106.8298
21488244.628906, -109.6541
21489770.507812, -111.1253
21491296.386719, -109.4883
21492822.265625, -106.8435
21494348.144531, -104.9341
21495874.023438, -104.1510
21497399.902344, -104.2479
21498925.781250, -104.0207
21500451.660156, -103.1296
21501977.539062, -102.8594
21503503.417969, -103.6841
21505029.296875, -105.0015
21506555.175781, -106.1088
21508081.054688, -106.6927
21509606.933594, -106.7528
21511132.812500, -107.3685
21512658.691406, -109.2569
21514184.570312, -110.2802
21515710.449219, -108.7000
21517236.328125, -107.7356
21518762.207031, -108.7573
21520288.085938, -115.8144
21521813.964844, -112.8456
21523339.843750, -103.4456
21524865.722656, -100.1228
21526391.601562, -99.2962
21527917.480469, -99.7114
21529443.359375, -100.3497
21530969.238281, -100.4657
21532495.117188, -100.2732
21534020.996094, -100.9026
21535546.875000, -103.5527
21537072.753906, -109.1417
21538598.632812, -113.2234
21540124.511719, -109.6520
21541650.390625, -106.9197
21543176.269531, -105.0336
21544702.148438, -103.8607
21546228.027344, -103.1877
21547753.906250, -102.4110
21549279.785156, -101.6348
21550805.664062, -101.6274
21552331.542969, -102.8256
21553857.421875, -104.9497
21555383.300781, -106.9788
21556909.179688, -108.3798
21558435.058594, -110.8367
21559960.937500, -115.5324
21561486.816406, -111.6706
21563012.695312, -107.6408
21564538.574219, -105.5446
21566064.453125, -103.9859
21567590.332031, -102.6865
21569116.210938, -101.7601
21570642.089844, -101.5537
21572167.968750, -102.2793
21573693.847656, -103.7796
21575219.726562, -105.6256
21576745.605469, -107.2971
21578271.484375, -109.4658
21579797.363281, -115.9008
21581323.242188, -118.7377
21582849.121094, -110.4006
21584375.000000, -109.3101
21585900.878906, -110.0041
21587426.757812, -107.2140
21588952.636719, -103.4029
21590478.515625, -101.0626
21592004.394531, -99.7279
21593530.273438, -98.5190
21595056.152344, -97.4304
21596582.031250, -96.8373
21598107.910156, -96.9083
21599633.789062, -97.6014
21601159.667969, -98.6800
21602685.546875, -99.8530
21604211.425781, -100.9877
21605737.304688, -102.1753
21607263.183594, -103.4720
21608789.062500, -104.5428
21610314.941406, -104.6864
21611840.820312, -103.8706
21613366.699219, -103.2795
21614892.578125, -103.7736
21616418.457031, -105.0706
21617944.335938, -105.6754
21619470.214844, -104.9341
21620996.093750, -104.5350
21622521.972656, -106.1621
21624047.851562, -111.9973
21625573.730469, -121.7673
21627099.609375, -110.4240
21628625.488281, -106.4723
21630151.367188, -103.4384
21631677.246094, -100.9810
21633203.125000, -99.7077
21634729.003906, -99.8393
21636254.882812, -101.6974
21637780.761719, -106.1501
21639306.640625, -117.3272
21640832.519531, -112.3346
21642358.398438, -104.6092
21643884.277344, -101.2294
21645410.156250, -100.2557
21646936.035156, -100.9179
21648461.914062, -102.1922
21649987.792969, -103.2106
21651513.671875, -104.2256
21653039.550781, -105.6703
21654565.429688, -107.5363
21656091.308594, -109.9618
21657617.187500, -111.7851
21659143.066406, -108.1464
21660668.945312, -104.5923
21662194.824219, -103.4257
21663720.703125, -103.5947
21665246.582031, -104.0678
21666772.460938, -105.3063
21668298.339844, -107.1286
21669824.218750, -106.8860
21671350.097656, -104.8864
21672875.976562, -103.5995
21674401.855469, -104.1445
21675927.734375, -106.3409
21677453.613281, -108.9838
21678979.492188, -113.8676
21680505.371094, -123.7241
21682031.250000, -112.3478
21683557.128906, -107.2514
21685083.007812, -104.5477
21686608.886719, -103.3377
21688134.765625, -102.4625
21689660.644531, -101.1955
21691186.523438, -99.9576
21692712.402344, -99.2770
21694238.281250, -99.2115
21695764.160156, -99.5142
21697290.039062, -99.9599
21698815.917969, -100.5447
21700341.796875, -101.3785
21701867.675781, -102.4694
21703393.554688, -103.7546
21704919.433594, -105.1570
21706445.312500, -106.3919
21707971.191406, -107.0585
21709497.070312, -107.3970
21711022.949219, -108.2886
21712548.828125, -110.1376
21714074.707031, -111.3225
21715600.585938, -109.7618
21717126.464844, -107.5236
21718652.343750, -106.1389
21720178.222656, -105.7326
21721704.101562, -106.2667
21723229.980469, -107.9095
21724755.859375, -110.8891
21726281.738281, -115.5227
21727807.617188, -121.4829
21729333.496094, -120.0466
21730859.375000, -115.7973
21732385.253906, -114.4462
21733911.132812, -115.5134
21735437.011719, -114.0855
21736962.890625, -108.8206
21738488.769531, -104.3300
21740014.648438, -101.2492
21741540.527344, -99.3868
21743066.406250, -98.5637
21744592.285156, -98.7398
21746118.164062, -99.9480
21747644.042969, -102.5170
21749169.921875, -108.0287
21750695.800781, -118.3755
21752221.679688, -106.7819
21753747.558594, -102.4570
21755273.437500, -100.9261
21756799.316406, -101.0868
21758325.195312, -102.4536
21759851.074219, -104.5674
21761376.953125, -106.9852
21762902.832031, -109.5903
21764428.710938, -111.8153
21765954.589844, -109.4640
21767480.468750, -105.7746
21769006.347656, -104.1187
21770532.226562, -104.5570
21772058.105469, -106.5362
21773583.984375, -108.7983
21775109.863281, -109.8617
21776635.742188, -109.3481
21778161.621094, -107.3472
21779687.500000, -105.1383
21781213.378906, -104.1120
21782739.257812, -104.0449
21784265.136719, -103.7782
21785791.015625, -103.1776
21787316.894531, -102.8684
21788842.773438, -102.6718
21790368.652344, -102.3277
21791894.531250, -102.1117
21793420.410156, -102.2027
21794946.289062, -102.7762
21796472.167969, -104.1735
21797998.046875, -106.5163
21799523.925781, -107.9000
21801049.804688, -105.3862
21802575.683594, -102.5095
21804101.562500, -101.0057
21805627.441406, -100.7172
21807153.320312, -101.1706
21808679.199219, -102.1530
21810205.078125, -104.2098
21811730.957031, -108.2488
21813256.835938, -110.2246
21814782.714844, -106.2784
21816308.593750, -103.3538
21817834.472656, -101.0229
21819360.351562, -98.7801
21820886.230469, -97.0709
21822412.109375, -96.4159
21823937.988281, -97.0060
21825463.867188, -98.7030
21826989.746094, -100.8152
21828515.625000, -102.1466
21830041.503906, -102.8917
21831567.382812, -104.1715
21833093.261719, -105.7094
21834619.140625, -106.2797
21836145.019531, -105.9535
21837670.898438, -105.4519
21839196.777344, -105.0773
21840722.656250, -104.8901
21842248.535156, -104.8568
21843774.414062, -104.9194
21845300.292969, -105.0938
21846826.171875, -105.7522
21848352.050781, -107.8527
21849877.929688, -113.9502
21851403.808594, -115.8938
21852929.687500, -106.0441
21854455.566406, -101.8167
21855981.445312, -100.0209
21857507.324219, -99.6702
21859033.203125, -100.1093
21860559.082031, -101.0843
21862084.960938, -103.0194
21863610.839844, -107.0363
21865136.718750, -116.3726
21866662.597656, -120.0757
21868188.476562, -113.9995
21869714.355469, -113.3454
21871240.234375, -113.5648
21872766.113281, -114.2035
21874291.992188, -114.3824
21875817.871094, -112.5558
21877343.750000, -109.6871
21878869.628906, -107.2961
21880395.507812, -105.7662
21881921.386719, -104.8424
21883447.265625, -104.2818
21884973.144531, -103.9898
21886499.023438, -103.6310
21888024.902344, -102.6518
21889550.781250, -101.4728
21891076.660156, -101.2488
21892602.539062, -102.6409
21894128.417969, -105.5561
21895654.296875, -108.9255
21897180.175781, -112.3846
21898706.054688, -118.0420
21900231.933594, -114.4957
21901757.812500, -108.7484
21903283.691406, -106.1959
21904809.570312, -105.6550
21906335.449219, -106.3920
21907861.328125, -107.5296
21909387.207031, -107.7071
21910913.085938, -105.9731
21912438.964844, -103.2268
21913964.843750, -100.5367
21915490.722656, -98.3133
21917016.601562, -96.8700
21918542.480469, -96.4455
21920068.359375, -96.9542
21921594.238281, -97.8953
21923120.117188, -98.7150
21924645.996094, -99.5092
21926171.875000, -101.3888
21927697.753906, -106.3050
21929223.632812, -118.0692
21930749.511719, -111.6388
21932275.390625, -108.3640
21933801.269531, -106.1059
21935327.148438, -102.7133
21936853.027344, -99.6323
21938378.906250, -98.2135
21939904.785156, -98.7904
21941430.664062, -101.1811
21942956.542969, -104.7724
21944482.421875, -108.2363
21946008.300781, -107.7337
21947534.179688, -104.1386
21949060.058594, -101.8213
21950585.937500, -101.7272
21952111.816406, -104.4082
21953637.695312, -111.2241
21955163.574219, -111.3044
21956689.453125, -106.4840
21958215.332031, -104.6188
21959741.210938, -103.7401
21961267.089844, -103.3519
21962792.968750, -103.6190
21964318.847656, -104.8622
21965844.726562, -107.1920
21967370.605469, -108.8531
21968896.484375, -107.6159
21970422.363281, -106.0736
21971948.242188, -105.4642
21973474.121094, -105.8662
21975000.000000, -107.6241
21976525.878906, -110.5391
21978051.757812, -111.9830
21979577.636719, -111.5911
21981103.515625, -110.9595
21982629.394531, -109.4833
21984155.273438, -107.3997
21985681.152344, -105.5828
21987207.031250, -104.5333
21988732.910156, -104.1943
21990258.789062, -104.4625
21991784.667969, -105.2431
21993310.546875, -106.1335
21994836.425781, -106.9661
21996362.304688, -107.5252
21997888.183594, -106.2559
21999414.062500, -103.2155
22000939.941406, -100.5581
22002465.820312, -99.2609
22003991.699219, -99.3580
22005517.578125, -100.3475
22007043.457031, -101.3130
22008569.335938, -101.5413
22010095.214844, -101.1703
22011621.093750, -100.6148
22013146.972656, -99.9033
22014672.851562, -98.9148
22016198.730469, -97.7494
22017724.609375, -96.5960
22019250.488281, -95.5193
22020776.367188, -94.5514
22022302.246094, -93.8116
22023828.125000, -93.4503
22025354.003906, -93.5573
22026879.882812, -94.1288
22028405.761719, -95.1032
22029931.640625, -96.4346
22031457.519531, -98.1452
22032983.398438, -100.2936
22034509.277344, -102.6122
22036035.156250, -104.5799
22037561.035156, -106.2471
22039086.914062, -106.4878
22040612.792969, -103.9281
22042138.671875, -101.1430
22043664.550781, -99.6123
22045190.429688, -99.3688
22046716.308594, -100.1517
22048242.187500, -101.7898
22049768.066406, -104.3961
22051293.945312, -108.6254
22052819.824219, -112.6674
22054345.703125, -107.3104
22055871.582031, -102.9016
22057397.460938, -100.7810
22058923.339844, -100.3355
22060449.218750, -101.0441
22061975.097656, -102.5254
22063500.976562, -104.8962
22065026.855469, -108.8074
22066552.734375, -113.8187
22068078.613281, -113.1236
22069604.492188, -109.3202
22071130.371094, -105.6050
22072656.250000, -102.4018
22074182.128906, -100.0983
22075708.007812, -98.7629
22077233.886719, -98.2641
22078759.765625, -98.4079
22080285.644531, -98.9880
22081811.523438, -99.8505
22083337.402344, -101.1236
22084863.281250, -103.2958
22086389.160156, -106.9612
22087915.039062, -112.3600
22089440.917969, -118.0333
22090966.796875, -122.0710
22092492.675781, -117.0094
22094018.554688, -112.8474
22095544.433594, -111.0904
22097070.312500, -108.4944
22098596.191406, -104.4622
22100122.070312, -100.6974
22101647.949219, -98.1274
22103173.828125, -96.7718
22104699.707031, -96.2524
22106225.585938, -96.2617
22107751.464844, -96.8344
22109277.343750, -98.2830
22110803.222656, -100.8550
22112329.101562, -104.2037
22113854.980469, -106.9453
22115380.859375, -107.8957
22116906.738281, -108.1902
22118432.617188, -109.8026
22119958.496094, -112.5684
22121484.375000, -108.4520
22123010.253906, -103.4760
22124536.132812, -100.8329
22126062.011719, -99.8914
22127587.890625, -100.0139
22129113.769531, -100.7631
22130639.648438, -102.0097
22132165.527344, -103.7886
22133691.406250, -106.4929
22135217.285156, -110.3286
22136743.164062, -108.7879
22138269.042969, -104.9502
22139794.921875, -103.5641
22141320.800781, -104.2936
22142846.679688, -107.3184
22144372.558594, -115.4431
22145898.437500, -118.5484
22147424.316406, -108.9031
22148950.195312, -105.4722
22150476.074219, -103.6680
22152001.953125, -102.3145
22153527.832031, -101.3566
22155053.710938, -101.0747
22156579.589844, -101.4501
22158105.468750, -102.0925
22159631.347656, -102.1372
22161157.226562, -101.3321
22162683.105469, -100.5696
22164208.984375, -100.0742
22165734.863281, -99.3461
22167260.742188, -98.2485
22168786.621094, -97.2979
22170312.500000, -97.0411
22171838.378906, -97.7519
22173364.257812, -99.4484
22174890.136719, -101.8558
22176416.015625, -104.4877
22177941.894531, -106.5423
22179467.773438, -107.0672
22180993.652344, -106.6475
22182519.531250, -105.7347
22184045.410156, -104.4093
22185571.289062, -103.4403
22187097.167969, -103.7612
22188623.046875, -105.8481
22190148.925781, -109.0570
22191674.804688, -110.0846
22193200.683594, -107.9155
22194726.562500, -105.4983
22196252.441406, -104.2914
22197778.320312, -104.8257
22199304.199219, -107.1264
22200830.078125, -110.0546
22202355.957031, -110.1342
22203881.835938, -106.8258
22205407.714844, -103.8420
22206933.593750, -101.9025
22208459.472656, -100.2172
22209985.351562, -98.4713
22211511.230469, -97.3268
22213037.109375, -97.3151
22214562.988281, -98.3326
22216088.867188, -99.8726
22217614.746094, -101.5932
22219140.625000, -103.7592
22220666.503906, -106.7423
22222192.382812, -109.6581
22223718.261719, -110.3333
22225244.140625, -108.8939
22226770.019531, -106.4518
22228295.898438, -104.4636
22229821.777344, -103.6493
22231347.656250, -103.4967
22232873.535156, -102.6508
22234399.414062, -101.3577
22235925.292969, -101.2905
22237451.171875, -103.3409
22238977.050781, -107.7886
22240502.929688, -113.5711
22242028.808594, -119.8651
22243554.687500, -124.1172
22245080.566406, -113.0134
22246606.445312, -108.4528
22248132.324219, -104.9061
22249658.203125, -101.2939
22251184.082031, -98.1973
22252709.960938, -96.0897
22254235.839844, -94.9526
22255761.718750, -94.5266
22257287.597656, -94.6366
22258813.476562, -95.3384
22260339.355469, -96.7368
22261865.234375, -98.7682
22263391.113281, -101.0133
22264916.992188, -102.7240
22266442.871094, -103.5043
22267968.750000, -103.9403
22269494.628906, -105.0861
22271020.507812, -107.1836
22272546.386719, -109.5540
22274072.265625, -111.9676
22275598.144531, -113.5050
22277124.023438, -109.2622
22278649.902344, -104.1016
22280175.781250, -100.8329
22281701.660156, -99.1842
22283227.539062, -98.6562
22284753.417969, -98.5365
22286279.296875, -98.1615
22287805.175781, -97.6016
22289331.054688, -97.4980
22290856.933594, -98.3827
22292382.812500, -100.4502
22293908.691406, -103.8730
22295434.570312, -110.0883
22296960.449219, -124.8226
22298486.328125, -109.0520
22300012.207031, -103.2326
22301538.085938, -99.7727
22303063.964844, -97.6619
22304589.843750, -96.4201
22306115.722656, -95.7925
22307641.601562, -95.6998
22309167.480469, -96.0202
22310693.359375, -96.4662
22312219.238281, -96.7152
22313745.117188, -96.6881
22315270.996094, -96.5844
22316796.875000, -96.6828
22318322.753906, -97.3569
22319848.632812, -99.0802
22321374.511719, -102.0693
22322900.390625, -105.7869
22324426.269531, -109.2078
22325952.148438, -110.0064
22327478.027344, -104.6945
22329003.906250, -99.6942
22330529.785156, -96.9621
22332055.664062, -96.2645
22333581.542969, -97.0977
22335107.421875, -98.6770
22336633.300781, -100.1887
22338159.179688, -101.6943
22339685.058594, -104.3629
22341210.937500, -109.7802
22342736.816406, -112.6882
22344262.695312, -108.3735
22345788.574219, -106.8705
22347314.453125, -107.3362
22348840.332031, -108.7332
22350366.210938, -110.2604
22351892.089844, -112.8804
22353417.968750, -113.5580
22354943.847656, -108.4994
22356469.726562, -106.8957
22357995.605469, -109.8881
22359521.484375, -125.1345
22361047.363281, -111.8437
22362573.242188, -105.7747
22364099.121094, -102.3861
22365625.000000, -99.9534
22367150.878906, -98.3566
22368676.757812, -97.8089
22370202.636719, -98.5202
22371728.515625, -100.5288
22373254.394531, -103.4161
22374780.273438, -105.8969
22376306.152344, -106.7781
22377832.031250, -106.9263
22379357.910156, -107.7771
22380883.789062, -108.0472
22382409.667969, -105.1107
22383935.546875, -102.5531
22385461.425781, -101.6592
22386987.304688, -101.8107
22388513.183594, -102.3035
22390039.062500, -103.1553
22391564.941406, -104.9765
22393090.820312, -107.5497
22394616.699219, -108.1977
22396142.578125, -106.0891
22397668.457031, -103.5159
22399194.335938, -101.5421
22400720.214844, -100.3870
22402246.093750, -99.9237
22403771.972656, -99.9423
22405297.851562, -100.4082
22406823.730469, -101.4869
22408349.609375, -103.2328
22409875.488281, -105.2919
22411401.367188, -106.4578
22412927.246094, -105.3674
22414453.125000, -103.6343
22415979.003906, -102.6802
22417504.882812, -102.4105
22419030.761719, -102.5975
22420556.640625, -103.3868
22422082.519531, -104.5418
22423608.398438, -104.3973
22425134.277344, -102.7452
22426660.156250, -101.2904
22428186.035156, -100.6674
22429711.914062, -101.0075
22431237.792969, -102.0137
22432763.671875, -102.0818
22434289.550781, -100.6571
22435815.429688, -99.4378
22437341.308594, -98.8002
22438867.187500, -98.2785
22440393.066406, -97.6441
22441918.945312, -97.2145
22443444.824219, -97.3574
22444970.703125, -97.7894
22446496.582031, -97.6290
22448022.460938, -96.7697
22449548.339844, -95.9220
22451074.218750, -95.4112
22452600.097656, -95.2070
22454125.976562, -95.3154
22455651.855469, -95.9980
22457177.734375, -97.6665
22458703.613281, -100.5110
22460229.492188, -104.1924
22461755.371094, -108.2316
22463281.250000, -112.6055
22464807.128906, -110.2028
22466333.007812, -106.0473
22467858.886719, -105.5801
22469384.765625, -108.2527
22470910.644531, -111.2067
22472436.523438, -113.8648
22473962.402344, -124.4660
22475488.281250, -111.0103
22477014.160156, -105.6634
22478540.039062, -104.6143
22480065.917969, -106.2729
22481591.796875, -107.8310
22483117.675781, -106.3567
22484643.554688, -104.2293
22486169.433594, -102.4601
22487695.312500, -101.4166
22489221.191406, -101.6283
22490747.070312, -103.3175
22492272.949219, -106.4318
22493798.828125, -110.6525
22495324.707031, -110.0679
22496850.585938, -105.1027
22498376.464844, -102.5490
22499902.343750, -102.6681
22501428.222656, -105.5186
22502954.101562, -113.1462
22504479.980469, -117.5783
22506005.859375, -106.9063
22507531.738281, -103.0168
22509057.617188, -101.2027
22510583.496094, -100.3304
22512109.375000, -99.7020
22513635.253906, -99.1792
22515161.132812, -99.2199
22516687.011719, -100.1004
22518212.890625, -101.1380
22519738.769531, -100.9633
22521264.648438, -99.7257
22522790.527344, -98.6686
22524316.406250, -98.4515
22525842.285156, -99.1070
22527368.164062, -100.2797
22528894.042969, -101.5495
22530419.921875, -102.9195
22531945.800781, -105.0714
22533471.679688, -108.9875
22534997.558594, -115.0962
22536523.437500, -118.2310
22538049.316406, -111.0415
22539575.195312, -106.1329
22541101.074219, -103.9775
22542626.953125, -103.3448
22544152.832031, -102.9828
22545678.710938, -102.2724
22547204.589844, -101.5282
22548730.468750, -101.3011
22550256.347656, -101.7818
22551782.226562, -102.7105
22553308.105469, -103.6618
22554833.984375, -104.3237
22556359.863281, -104.4550
22557885.742188, -104.4884
22559411.621094, -105.7622
22560937.500000, -108.9815
22562463.378906, -110.6670
22563989.257812, -108.8229
22565515.136719, -107.7713
22567041.015625, -107.2022
22568566.894531, -106.1047
22570092.773438, -105.1457
22571618.652344, -105.1079
22573144.531250, -105.7913
22574670.410156, -106.7512
22576196.289062, -108.3265
22577722.167969, -111.6806
22579248.046875, -117.1788
22580773.925781, -120.0036
22582299.804688, -114.2525
22583825.683594, -109.3042
22585351.562500, -107.5879
22586877.441406, -108.0525
22588403.320312, -107.9896
22589929.199219, -104.4416
22591455.078125, -100.9522
22592980.957031, -99.2038
22594506.835938, -98.8417
22596032.714844, -99.0909
22597558.593750, -99.3000
22599084.472656, -99.3124
22600610.351562, -99.3896
22602136.230469, -99.9386
22603662.109375, -101.1528
22605187.988281, -102.8273
22606713.867188, -104.7128
22608239.746094, -107.0088
22609765.625000, -111.0236
22611291.503906, -119.7177
22612817.382812, -110.1626
22614343.261719, -104.5625
22615869.140625, -101.3465
22617395.019531, -98.9336
22618920.898438, -97.1798
22620446.777344, -96.3650
22621972.656250, -96.5595
22623498.535156, -97.4198
22625024.414062, -98.3553
22626550.292969, -99.0903
22628076.171875, -99.9085
22629602.050781, -100.9472
22631127.929688, -101.6083
22632653.808594, -101.5463
22634179.687500, -101.3748
22635705.566406, -101.8012
22637231.445312, -103.5217
22638757.324219, -107.3880
22640283.203125, -114.0027
22641809.082031, -112.7760
22643334.960938, -107.8445
22644860.839844, -104.5835
22646386.718750, -102.3942
22647912.597656, -101.3320
22649438.476562, -101.4252
22650964.355469, -102.2566
22652490.234375, -102.8479
22654016.113281, -102.6095
22655541.992188, -102.1475
22657067.871094, -102.0801
22658593.750000, -102.3630
22660119.628906, -102.3775
22661645.507812, -101.6267
22663171.386719, -100.6286
22664697.265625, -99.8968
22666223.144531, -99.3626
22667749.023438, -99.0170
22669274.902344, -99.1448
22670800.781250, -99.9029
22672326.660156, -100.9446
22673852.539062, -101.6556
22675378.417969, -101.9749
22676904.296875, -101.9893
22678430.175781, -101.6157
22679956.054688, -101.4150
22681481.933594, -101.2090
22683007.812500, -100.6391
22684533.691406, -100.5437
22686059.570312, -101.0813
22687585.449219, -101.5436
22689111.328125, -101.2131
22690637.207031, -100.7320
22692163.085938, -100.9705
22693688.964844, -101.4655
22695214.843750, -101.8293
22696740.722656, -102.7043
22698266.601562, -105.0347
22699792.480469, -109.0420
22701318.359375, -109.6741
22702844.238281, -107.0332
22704370.117188, -104.7905
22705895.996094, -102.4452
22707421.875000, -100.3117
22708947.753906, -99.1195
22710473.632812, -99.0895
22711999.511719, -100.3208
22713525.390625, -103.2829
22715051.269531, -108.5683
22716577.148438, -111.4492
22718103.027344, -107.1509
22719628.906250, -103.5559
22721154.785156, -101.0250
22722680.664062, -99.8136
22724206.542969, -100.2379
22725732.421875, -102.3612
22727258.300781, -105.5545
22728784.179688, -106.7878
22730310.058594, -104.4449
22731835.937500, -102.1484
22733361.816406, -101.1231
22734887.695312, -100.6831
22736413.574219, -99.9015
22737939.453125, -98.8797
22739465.332031, -98.2455
22740991.210938, -98.1084
22742517.089844, -97.9782
22744042.968750, -97.5140
22745568.847656, -97.1306
22747094.726562, -97.4481
22748620.605469, -98.6620
22750146.484375, -100.3531
22751672.363281, -101.8743
22753198.242188, -103.5949
22754724.121094, -107.3000
22756250.000000, -111.6400
22757775.878906, -106.4639
22759301.757812, -103.7431
22760827.636719, -103.3792
22762353.515625, -103.4450
22763879.394531, -102.3736
22765405.273438, -100.6207
22766931.152344, -99.3300
22768457.031250, -98.6922
22769982.910156, -98.3157
22771508.789062, -97.8940
22773034.667969, -97.5873
22774560.546875, -97.7288
22776086.425781, -98.3567
22777612.304688, -99.1398
22779138.183594, -99.9470
22780664.062500, -101.6008
22782189.941406, -105.2943
22783715.820312, -107.7984
22785241.699219, -105.1064
22786767.578125, -104.0040
22788293.457031, -104.2426
22789819.335938, -104.7911
22791345.214844, -105.6535
22792871.093750, -106.9703
22794396.972656, -108.5900
22795922.851562, -109.4639
22797448.730469, -109.2360
22798974.609375, -108.9023
22800500.488281, -108.8428
22802026.367188, -108.5030
22803552.246094, -105.4166
22805078.125000, -101.7631
22806604.003906, -99.5494
22808129.882812, -98.5436
22809655.761719, -98.1700
22811181.640625, -98.1783
22812707.519531, -98.8498
22814233.398438, -100.7367
22815759.277344, -104.3836
22817285.156250, -109.7965
22818811.035156, -109.6193
22820336.914062, -105.1537
22821862.792969, -102.7304
22823388.671875, -102.3148
22824914.550781, -103.5664
22826440.429688, -105.1006
22827966.308594, -104.7802
22829492.187500, -104.1629
22831018.066406, -104.6908
22832543.945312, -105.7889
22834069.824219, -106.4556
22835595.703125, -107.0158
22837121.582031, -107.7359
22838647.460938, -105.9971
22840173.339844, -103.3790
22841699.218750, -102.7359
22843225.097656, -103.7882
22844750.976562, -103.4904
22846276.855469, -101.3335
22847802.734375, -100.0229
22849328.613281, -100.2338
22850854.492188, -102.1739
22852380.371094, -105.6809
22853906.250000, -106.6781
22855432.128906, -102.8010
22856958.007812, -99.5626
22858483.886719, -97.7916
22860009.765625, -97.1981
22861535.644531, -97.5247
22863061.523438, -98.4266
22864587.402344, -99.3761
22866113.281250, -100.2851
22867639.160156, -101.4376
22869165.039062, -102.3796
22870690.917969, -102.2476
22872216.796875, -101.4120
22873742.675781, -100.8989
22875268.554688, -101.2383
22876794.433594, -102.4574
22878320.312500, -104.2182
22879846.191406, -105.6515
22881372.070312, -105.9564
22882897.949219, -105.8256
22884423.828125, -105.9892
22885949.707031, -106.3803
22887475.585938, -106.7699
22889001.464844, -106.9667
22890527.343750, -106.5060
22892053.222656, -105.3226
22893579.101562, -104.2505
22895104.980469, -103.6568
22896630.859375, -103.2478
22898156.738281, -102.9345
22899682.617188, -103.1891
22901208.496094, -104.1932
22902734.375000, -104.7728
22904260.253906, -103.7749
22905786.132812, -102.5834
22907312.011719, -102.3880
22908837.890625, -103.2451
22910363.769531, -104.6192
22911889.648438, -106.2581
22913415.527344, -109.0671
22914941.406250, -115.8243
22916467.285156, -122.7627
22917993.164062, -109.8769
22919519.042969, -104.3592
22921044.921875, -100.5166
22922570.800781, -97.9624
22924096.679688, -96.5708
22925622.558594, -95.9337
22927148.437500, -95.6541
22928674.316406, -95.5603
22930200.195312, -95.7917
22931726.074219, -96.6234
22933251.953125, -98.0193
22934777.832031, -99.6478
22936303.710938, -101.6804
22937829.589844, -105.3410
22939355.468750, -112.7395
22940881.347656, -114.1059
22942407.226562, -109.8606
22943933.105469, -108.1503
22945458.984375, -105.6104
22946984.863281, -102.5102
22948510.742188, -100.4630
22950036.621094, -99.8607
22951562.500000, -100.3681
22953088.378906, -101.1905
22954614.257812, -101.6916
22956140.136719, -102.2651
22957666.015625, -103.9691
22959191.894531, -107.3846
22960717.773438, -109.7924
22962243.652344, -108.4798
22963769.531250, -108.2754
22965295.410156, -108.9929
22966821.289062, -105.3334
22968347.167969, -101.1154
22969873.046875, -98.4419
22971398.925781, -96.7754
22972924.804688, -95.6817
22974450.683594, -95.0114
22975976.562500, -94.8141
22977502.441406, -95.2487
22979028.320312, -96.5103
22980554.199219, -98.6678
22982080.078125, -101.2516
22983605.957031, -102.8170
22985131.835938, -102.4038
22986657.714844, -101.2317
22988183.593750, -100.6869
22989709.472656, -101.8122
22991235.351562, -105.8794
22992761.230469, -113.4926
22994287.109375, -108.9125
22995812.988281, -104.6483
22997338.867188, -101.9689
22998864.746094, -100.0199
23000390.625000, -99.1362
23001916.503906, -99.8972
23003442.382812, -103.1994
23004968.261719, -112.7200
23006494.140625, -113.1238
23008020.019531, -105.7054
23009545.898438, -104.1974
23011071.777344, -104.7601
23012597.656250, -105.5701
23014123.535156, -105.8813
23015649.414062, -106.6098
23017175.292969, -106.8075
23018701.171875, -103.2725
23020227.050781, -99.3398
23021752.929688, -97.1762
23023278.808594, -96.6036
23024804.687500, -96.8409
23026330.566406, -97.0427
23027856.445312, -97.1832
23029382.324219, -98.1504
23030908.203125, -100.9349
23032434.082031, -106.5072
23033959.960938, -116.9685
23035485.839844, -118.1548
23037011.718750, -111.6569
23038537.597656, -107.3686
23040063.476562, -104.6602
23041589.355469, -104.0482
23043115.234375, -105.8703
23044641.113281, -110.1964
23046166.992188, -115.8494
23047692.871094, -117.9880
23049218.750000, -115.0059
23050744.628906, -114.6168
23052270.507812, -117.6607
23053796.386719, -115.9929
23055322.265625, -113.3972
23056848.144531, -113.9590
23058374.023438, -115.7467
23059899.902344, -113.9694
23061425.781250, -110.3246
23062951.660156, -107.0048
23064477.539062, -103.9717
23066003.417969, -101.9282
23067529.296875, -101.2370
23069055.175781, -101.4114
23070581.054688, -101.7815
23072106.933594, -102.1879
23073632.812500, -102.5802
23075158.691406, -102.8066
23076684.570312, -102.7104
23078210.449219, -102.7932
23079736.328125, -103.1625
23081262.207031, -102.4947
23082788.085938, -101.1046
23084313.964844, -100.2763
23085839.843750, -100.2809
23087365.722656, -100.9164
23088891.601562, -101.9451
23090417.480469, -103.5749
23091943.359375, -106.5498
23093469.238281, -111.4895
23094995.117188, -116.7433
23096520.996094, -119.7520
23098046.875000, -111.1719
23099572.753906, -106.1914
23101098.632812, -104.6835
23102624.511719, -104.8831
23104150.390625, -104.9792
23105676.269531, -104.0243
23107202.148438, -102.6596
23108728.027344, -101.9690
23110253.906250, -102.4084
23111779.785156, -103.4536
23113305.664062, -103.6770
23114831.542969, -102.6342
23116357.421875, -101.4862
23117883.300781, -100.8574
23119409.179688, -100.3493
23120935.058594, -100.3323
23122460.937500, -102.4087
23123986.816406, -108.6733
23125512.695312, -109.8467
23127038.574219, -103.1878
23128564.453125, -99.5065
23130090.332031, -96.8558
23131616.210938, -94.9844
23133142.089844, -94.2311
23134667.968750, -94.8244
23136193.847656, -96.7211
23137719.726562, -99.5712
23139245.605469, -102.5187
23140771.484375, -104.3849
23142297.363281, -105.3427
23143823.242188, -107.4899
23145349.121094, -114.4310
23146875.000000, -121.8121
23148400.878906, -112.6804
23149926.757812, -111.3172
23151452.636719, -109.5795
23152978.515625, -105.4969
23154504.394531, -101.5312
23156030.273438, -98.9253
23157556.152344, -97.5105
23159082.031250, -96.7715
23160607.910156, -96.3982
23162133.789062, -96.4831
23163659.667969, -97.2766
23165185.546875, -98.8915
23166711.425781, -101.2054
23168237.304688, -103.4074
23169763.183594, -104.5332
23171289.062500, -106.0688
23172814.941406, -109.4744
23174340.820312, -113.0887
23175866.699219, -113.1189
23177392.578125, -113.0877
23178918.457031, -116.1298
23180444.335938, -127.1337
23181970.214844, -122.9540
23183496.093750, -115.3799
23185021.972656, -111.3036
23186547.851562, -108.1684
23188073.730469, -105.6010
23189599.609375, -103.2973
23191125.488281, -101.1000
23192651.367188, -99.6069
23194177.246094, -99.3977
23195703.125000, -100.4730
23197229.003906, -102.6257
23198754.882812, -106.1032
23200280.761719, -113.7947
23201806.640625, -115.5124
23203332.519531, -105.3220
23204858.398438, -102.4209
23206384.277344, -102.2809
23207910.156250, -102.9705
23209436.035156, -102.9213
23210961.914062, -102.1647
23212487.792969, -101.4958
23214013.671875, -100.8285
23215539.550781, -99.7556
23217065.429688, -98.4227
23218591.308594, -97.1067
23220117.187500, -96.1703
23221643.066406, -95.8783
23223168.945312, -96.1576
23224694.824219, -96.7592
23226220.703125, -97.5150
23227746.582031, -98.2550
23229272.460938, -98.7984
23230798.339844, -99.2274
23232324.218750, -99.9279
23233850.097656, -101.4217
23235375.976562, -103.0847
23236901.855469, -103.1187
23238427.734375, -102.8325
23239953.613281, -103.5007
23241479.492188, -104.1209
23243005.371094, -103.2876
23244531.250000, -102.3233
23246057.128906, -102.4329
23247583.007812, -103.4461
23249108.886719, -104.0753
23250634.765625, -103.0449
23252160.644531, -101.5971
23253686.523438, -100.7548
23255212.402344, -100.5799
23256738.281250, -101.0493
23258264.160156, -102.1925
23259790.039062, -103.7674
23261315.917969, -105.0312
23262841.796875, -105.6648
23264367.675781, -103.4704
23265893.554688, -99.4418
23267419.433594, -96.8254
23268945.312500, -95.8426
23270471.191406, -95.8909
23271997.070312, -96.1202
23273522.949219, -96.0451
23275048.828125, -96.1130
23276574.707031, -97.0784
23278100.585938, -99.4431
23279626.464844, -103.5434
23281152.343750, -109.9045
23282678.222656, -120.4180
23284204.101562, -119.3637
23285729.980469, -112.9007
23287255.859375, -108.7231
23288781.738281, -105.6275
23290307.617188, -103.8286
23291833.496094, -103.1524
23293359.375000, -103.3528
23294885.253906, -104.4990
23296411.132812, -106.1849
23297937.011719, -106.1409
23299462.890625, -104.4637
23300988.769531, -103.0941
23302514.648438, -101.9853
23304040.527344, -101.0831
23305566.406250, -100.9445
23307092.285156, -102.0212
23308618.164062, -104.4795
23310144.042969, -107.8231
23311669.921875, -108.5601
23313195.800781, -105.7306
23314721.679688, -102.8524
23316247.558594, -100.4663
23317773.437500, -98.7070
23319299.316406, -97.8267
23320825.195312, -97.6781
23322351.074219, -97.5672
23323876.953125, -96.8171
23325402.832031, -95.5693
23326928.710938, -94.4803
23328454.589844, -93.9827
23329980.468750, -94.1123
23331506.347656, -94.6757
23333032.226562, -95.5345
23334558.105469, -96.8479
23336083.984375, -98.5101
23337609.863281, -98.5295
23339135.742188, -96.4705
23340661.621094, -94.7050
23342187.500000, -93.7806
23343713.378906, -93.4225
23345239.257812, -93.4262
23346765.136719, -93.9294
23348291.015625, -95.2901
23349816.894531, -97.9158
23351342.773438, -102.3131
23352868.652344, -109.0833
23354394.531250, -114.3155
23355920.410156, -110.1703
23357446.289062, -106.4905
23358972.167969, -104.4021
23360498.046875, -103.5359
23362023.925781, -103.4847
23363549.804688, -103.8899
23365075.683594, -104.4797
23366601.562500, -105.1567
23368127.441406, -106.0302
23369653.320312, -107.7890
23371179.199219, -112.6353
23372705.078125, -115.7658
23374230.957031, -105.1389
23375756.835938, -99.9510
23377282.714844, -97.1540
23378808.593750, -95.7919
23380334.472656, -95.3635
23381860.351562, -95.4676
23383386.230469, -95.7763
23384912.109375, -96.1988
23386437.988281, -96.9332
23387963.867188, -98.0850
23389489.746094, -99.1203
23391015.625000, -99.2766
23392541.503906, -98.9321
23394067.382812, -98.6669
23395593.261719, -98.5625
23397119.140625, -98.6585
23398645.019531, -98.9382
23400170.898438, -99.2764
23401696.777344, -99.6384
23403222.656250, -100.2159
23404748.535156, -101.2239
23406274.414062, -102.6108
23407800.292969, -104.1590
23409326.171875, -105.8203
23410852.050781, -108.1699
23412377.929688, -112.5262
23413903.808594, -112.5471
23415429.687500, -108.0596
23416955.566406, -106.5008
23418481.445312, -107.3464
23420007.324219, -110.3767
23421533.203125, -111.1587
23423059.082031, -105.3163
23424584.960938, -100.9889
23426110.839844, -98.5843
23427636.718750, -97.5555
23429162.597656, -97.4393
23430688.476562, -97.9276
23432214.355469, -99.0122
23433740.234375, -100.9107
23435266.113281, -103.3940
23436791.992188, -104.5473
23438317.871094, -103.5655
23439843.750000, -102.3412
23441369.628906, -101.5547
23442895.507812, -101.0977
23444421.386719, -100.7235
23445947.265625, -100.5106
23447473.144531, -101.0291
23448999.023438, -102.9619
23450524.902344, -106.6168
23452050.781250, -110.7773
23453576.660156, -111.7796
23455102.539062, -110.4096
23456628.417969, -109.8566
23458154.296875, -110.0438
23459680.175781, -109.8629
23461206.054688, -109.8219
23462731.933594, -109.9831
23464257.812500, -109.6938
23465783.691406, -107.5892
23467309.570312, -104.8745
23468835.449219, -103.7656
23470361.328125, -104.7007
23471887.207031, -107.1424
23473413.085938, -109.7563
23474938.964844, -112.0300
23476464.843750, -116.6661
23477990.722656, -115.4774
23479516.601562, -108.5091
23481042.480469, -106.6800
23482568.359375, -108.5593
23484094.238281, -111.1529
23485620.117188, -108.8698
23487145.996094, -106.2903
23488671.875000, -104.0576
23490197.753906, -101.7888
23491723.632812, -100.2090
23493249.511719, -99.8970
23494775.390625, -100.7415
23496301.269531, -102.1101
23497827.148438, -103.5229
23499353.027344, -105.5240
23500878.906250, -108.6841
23502404.785156, -108.6981
23503930.664062, -106.0001
23505456.542969, -104.5925
23506982.421875, -103.5943
23508508.300781, -102.0584
23510034.179688, -100.3948
23511560.058594, -99.2852
23513085.937500, -98.9262
23514611.816406, -99.0744
23516137.695312, -99.1447
23517663.574219, -98.6571
23519189.453125, -97.9384
23520715.332031, -97.6156
23522241.210938, -97.6732
23523767.089844, -97.6139
23525292.968750, -97.2339
23526818.847656, -96.8092
23528344.726562, -96.5654
23529870.605469, -96.3377
23531396.484375, -95.8680
23532922.363281, -95.3124
23534448.242188, -95.1587
23535974.121094, -95.7003
23537500.000000, -96.8004
23539025.878906, -98.1238
23540551.757812, -99.5214
23542077.636719, -100.8829
23543603.515625, -101.5676
23545129.394531, -101.2847
23546655.273438, -101.3550
23548181.152344, -103.1755
23549707.031250, -108.2362
23551232.910156, -127.5174
23552758.789062, -112.0084
23554284.667969, -106.3134
23555810.546875, -103.1216
23557336.425781, -100.9970
23558862.304688, -100.0027
23560388.183594, -100.3286
23561914.062500, -101.8665
23563439.941406, -103.9838
23564965.820312, -105.8765
23566491.699219, -107.4833
23568017.578125, -109.0091
23569543.457031, -107.6462
23571069.335938, -104.7880
23572595.214844, -103.5460
23574121.093750, -103.4167
23575646.972656, -102.9504
23577172.851562, -101.8042
23578698.730469, -101.1817
23580224.609375, -102.0026
23581750.488281, -104.3988
23583276.367188, -107.8933
23584802.246094, -110.8769
23586328.125000, -112.2542
23587854.003906, -112.3863
23589379.882812, -107.8146
23590905.761719, -103.6170
23592431.640625, -101.0241
23593957.519531, -99.3586
23595483.398438, -98.3005
23597009.277344, -97.8553
23598535.156250, -97.9810
23600061.035156, -98.4054
23601586.914062, -98.9091
23603112.792969, -99.7425
23604638.671875, -101.3601
23606164.550781, -103.5707
23607690.429688, -105.4071
23609216.308594, -106.7457
23610742.187500, -107.8922
23612268.066406, -108.9738
23613793.945312, -111.0117
23615319.824219, -118.3493
23616845.703125, -117.0140
23618371.582031, -107.3968
23619897.460938, -104.0098
23621423.339844, -103.0134
23622949.218750, -103.2472
23624475.097656, -103.7782
23626000.976562, -103.5290
23627526.855469, -102.6847
23629052.734375, -102.7090
23630578.613281, -104.5409
23632104.492188, -108.5209
23633630.371094, -114.0352
23635156.250000, -116.7507
23636682.128906, -117.7660
23638208.007812, -124.6778
23639733.886719, -124.3745
23641259.765625, -114.3597
23642785.644531, -109.2031
23644311.523438, -106.2808
23645837.402344, -104.6431
23647363.281250, -103.5136
23648889.160156, -102.9976
23650415.039062, -103.5347
23651940.917969, -104.6796
23653466.796875, -105.1932
23654992.675781, -105.4335
23656518.554688, -106.2088
23658044.433594, -106.9721
23659570.312500, -106.9239
23661096.191406, -106.7856
23662622.070312, -107.5450
23664147.949219, -107.0351
23665673.828125, -103.4439
23667199.707031, -100.3897
23668725.585938, -98.8670
23670251.464844, -98.5485
23671777.343750, -98.9094
23673303.222656, -99.5882
23674829.101562, -100.7945
23676354.980469, -103.4052
23677880.859375, -108.0542
23679406.738281, -109.8452
23680932.617188, -107.9618
23682458.496094, -106.2153
23683984.375000, -104.2261
23685510.253906, -103.4026
23687036.132812, -104.2611
23688562.011719, -106.2918
23690087.890625, -107.5214
23691613.769531, -105.7713
23693139.648438, -102.4975
23694665.527344, -99.8207
23696191.406250, -98.3372
23697717.285156, -97.9611
23699243.164062, -98.4312
23700769.042969, -99.6728
23702294.921875, -102.0151
23703820.800781, -105.9199
23705346.679688, -111.7259
23706872.558594, -119.8948
23708398.437500, -123.5737
23709924.316406, -117.5735
23711450.195312, -113.6206
23712976.074219, -110.4577
23714501.953125, -107.4447
23716027.832031, -105.0832
23717553.710938, -103.7099
23719079.589844, -103.1139
23720605.468750, -102.6868
23722131.347656, -102.0158
23723657.226562, -101.3976
23725183.105469, -101.2040
23726708.984375, -101.4092
23728234.863281, -101.7416
23729760.742188, -101.9422
23731286.621094, -102.0519
23732812.500000, -102.1964
23734338.378906, -102.1580
23735864.257812, -101.8437
23737390.136719, -101.8589
23738916.015625, -102.8929
23740441.894531, -104.9145
23741967.773438, -106.7309
23743493.652344, -105.3110
23745019.531250, -102.1786
23746545.410156, -100.1604
23748071.289062, -99.0121
23749597.167969, -97.9332
23751123.046875, -96.7496
23752648.925781, -95.8187
23754174.804688, -95.4730
23755700.683594, -95.8815
23757226.562500, -97.2269
23758752.441406, -99.9070
23760278.320312, -103.7547
23761804.199219, -102.8511
23763330.078125, -98.9732
23764855.957031, -96.5867
23766381.835938, -95.2563
23767907.714844, -94.3439
23769433.593750, -93.6620
23770959.472656, -93.4224
23772485.351562, -93.7675
23774011.230469, -94.4900
23775537.109375, -95.1546
23777062.988281, -95.5025
23778588.867188, -95.6909
23780114.746094, -96.0151
23781640.625000, -96.6925
23783166.503906, -97.9177
23784692.382812, -99.9689
23786218.261719, -103.6163
23787744.140625, -109.8468
23789270.019531, -108.1313
23790795.898438, -104.0940
23792321.777344, -102.6193
23793847.656250, -102.1252
23795373.535156, -101.7382
23796899.414062, -101.6973
23798425.292969, -102.6870
23799951.171875, -104.9904
23801477.050781, -108.0165
23803002.929688, -110.0171
23804528.808594, -110.3774
23806054.687500, -110.5845
23807580.566406, -111.0137
23809106.445312, -108.7235
23810632.324219, -105.0195
23812158.203125, -102.5168
23813684.082031, -101.0888
23815209.960938, -100.1125
23816735.839844, -99.2708
23818261.718750, -98.6557
23819787.597656, -98.4134
23821313.476562, -98.4877
23822839.355469, -98.6887
23824365.234375, -99.0130
23825891.113281, -99.7813
23827416.992188, -101.1405
23828942.871094, -102.1940
23830468.750000, -101.9377
23831994.628906, -101.2218
23833520.507812, -100.6252
23835046.386719, -100.0590
23836572.265625, -99.7768
23838098.144531, -100.4296
23839624.023438, -102.8075
23841149.902344, -107.9599
23842675.781250, -110.4858
23844201.660156, -104.7186
23845727.539062, -100.8862
23847253.417969, -98.3064
23848779.296875, -96.5064
23850305.175781, -95.4103
23851831.054688, -95.1224
23853356.933594, -95.7159
23854882.812500, -96.9580
23856408.691406, -98.2176
23857934.570312, -99.0364
23859460.449219, -99.6669
23860986.328125, -100.5905
23862512.207031, -101.8981
23864038.085938, -103.0252
23865563.964844, -103.2460
23867089.843750, -102.7020
23868615.722656, -102.4265
23870141.601562, -102.7503
23871667.480469, -102.0316
23873193.359375, -100.2503
23874719.238281, -99.5537
23876245.117188, -100.4003
23877770.996094, -102.0700
23879296.875000, -103.6001
23880822.753906, -104.7779
23882348.632812, -105.5380
23883874.511719, -104.4066
23885400.390625, -102.3755
23886926.269531, -101.7409
23888452.148438, -102.7949
23889978.027344, -104.6470
23891503.906250, -105.7588
23893029.785156, -105.9256
23894555.664062, -106.4306
23896081.542969, -107.9268
23897607.421875, -110.1106
23899133.300781, -112.9625
23900659.179688, -116.4891
23902185.058594, -112.6999
23903710.937500, -107.5170
23905236.816406, -104.1780
23906762.695312, -102.2606
23908288.574219, -101.2671
23909814.453125, -100.5155
23911340.332031, -99.7711
23912866.210938, -99.5468
23914392.089844, -100.6656
23915917.968750, -104.1650
23917443.847656, -113.1271
23918969.726562, -115.3107
23920495.605469, -107.7651
23922021.484375, -105.7643
23923547.363281, -105.5645
23925073.242188, -106.0801
23926599.121094, -106.7570
23928125.000000, -108.0176
23929650.878906, -111.8623
23931176.757812, -119.1107
23932702.636719, -112.4653
23934228.515625, -109.0064
23935754.394531, -107.4772
23937280.273438, -105.9559
23938806.152344, -104.4296
23940332.031250, -103.7210
23941857.910156, -104.2587
23943383.789062, -105.8332
23944909.667969, -107.5482
23946435.546875, -108.5323
23947961.425781, -108.9299
23949487.304688, -108.9410
23951013.183594, -108.9119
23952539.062500, -109.4870
23954064.941406, -110.3953
23955590.820312, -110.4519
23957116.699219, -110.1473
23958642.578125, -110.4060
23960168.457031, -111.1407
23961694.335938, -109.3996
23963220.214844, -106.4196
23964746.093750, -104.7734
23966271.972656, -103.5360
23967797.851562, -101.5950
23969323.730469, -99.6376
23970849.609375, -98.5458
23972375.488281, -98.3704
23973901.367188, -98.6404
23975427.246094, -99.0171
23976953.125000, -99.7937
23978479.003906, -101.5224
23980004.882812, -103.7572
23981530.761719, -103.4900
23983056.640625, -101.8418
23984582.519531, -101.5520
23986108.398438, -102.6573
23987634.277344, -104.4074
23989160.156250, -106.0932
23990686.035156, -107.5746
23992211.914062, -108.9371
23993737.792969, -109.3159
23995263.671875, -108.0113
23996789.550781, -106.1151
23998315.429688, -104.6221
23999841.308594, -103.5725
24001367.187500, -102.9245
24002893.066406, -103.3530
24004418.945312, -106.3421
24005944.824219, -118.6627
24007470.703125, -108.6010
24008996.582031, -102.0205
24010522.460938, -99.3682
24012048.339844, -98.1275
24013574.218750, -97.2757
24015100.097656, -96.6721
24016625.976562, -96.6898
24018151.855469, -97.5320
24019677.734375, -98.9433
24021203.613281, -100.4015
24022729.492188, -101.8259
24024255.371094, -103.6922
24025781.250000, -105.8254
24027307.128906, -106.0780
24028833.007812, -104.3386
24030358.886719, -102.8900
24031884.765625, -102.7160
24033410.644531, -104.0439
24034936.523438, -106.1535
24036462.402344, -107.0087
24037988.281250, -106.4521
24039514.160156, -106.8605
24041040.039062, -110.7131
24042565.917969, -126.2659
24044091.796875, -110.6962
24045617.675781, -106.7797
24047143.554688, -106.1825
24048669.433594, -106.5829
24050195.312500, -107.0586
24051721.191406, -108.0717
24053247.070312, -109.6826
24054772.949219, -110.0044
24056298.828125, -108.4696
24057824.707031, -106.4145
24059350.585938, -104.5080
24060876.464844, -102.7963
24062402.343750, -101.0869
24063928.222656, -99.7381
24065454.101562, -99.4523
24066979.980469, -100.5138
24068505.859375, -102.0997
24070031.738281, -102.4533
24071557.617188, -101.9867
24073083.496094, -101.6782
24074609.375000, -101.0297
24076135.253906, -100.1481
24077661.132812, -99.9798
24079187.011719, -100.5604
24080712.890625, -100.8018
24082238.769531, -100.2930
24083764.648438, -100.1169
24085290.527344, -100.6793
24086816.406250, -101.4866
24088342.285156, -102.3917
24089868.164062, -104.5948
24091394.042969, -110.8953
24092919.921875, -130.7724
24094445.800781, -116.1422
24095971.679688, -117.2675
24097497.558594, -113.4106
24099023.437500, -108.8669
24100549.316406, -105.7155
24102075.195312, -103.9864
24103601.074219, -103.9919
24105126.953125, -106.0472
24106652.832031, -108.3413
24108178.710938, -106.5307
24109704.589844, -104.2934
24111230.468750, -102.8347
24112756.347656, -101.5175
24114282.226562, -100.3168
24115808.105469, -99.4879
24117333.984375, -98.9634
24118859.863281, -98.4402
24120385.742188, -97.8581
24121911.621094, -97.4676
24123437.500000, -97.4961
24124963.378906, -97.9745
24126489.257812, -98.6625
24128015.136719, -99.2143
24129541.015625, -99.6811
24131066.894531, -100.4595
24132592.773438, -101.9461
24134118.652344, -104.5361
24135644.531250, -108.4812
24137170.410156, -114.1735
24138696.289062, -124.4508
24140222.167969, -119.6582
24141748.046875, -116.5747
24143273.925781, -113.3336
24144799.804688, -111.8744
24146325.683594, -117.4441
24147851.562500, -112.8557
24149377.441406, -106.3421
24150903.320312, -104.6040
24152429.199219, -103.9164
24153955.078125, -101.8666
24155480.957031, -99.5191
24157006.835938, -97.8061
24158532.714844, -96.4709
24160058.593750, -95.2649
24161584.472656, -94.4399
24163110.351562, -94.3691
24164636.230469, -95.2055
24166162.109375, -96.7297
24167687.988281, -98.2616
24169213.867188, -99.0708
24170739.746094, -99.1511
24172265.625000, -99.0317
24173791.503906, -98.8180
24175317.382812, -98.2935
24176843.261719, -97.8218
24178369.140625, -98.0002
24179895.019531, -99.0061
24181420.898438, -100.7607
24182946.777344, -103.4403
24184472.656250, -107.1306
24185998.535156, -109.6268
24187524.414062, -109.5189
24189050.292969, -111.1013
24190576.171875, -119.1050
24192102.050781, -120.3260
24193627.929688, -112.2675
24195153.808594, -110.3610
24196679.687500, -110.7909
24198205.566406, -114.2194
24199731.445312, -115.5317
24201257.324219, -109.2611
24202783.203125, -106.7374
24204309.082031, -106.5329
24205834.960938, -106.9564
24207360.839844, -106.7798
24208886.718750, -105.9923
24210412.597656, -105.3445
24211938.476562, -105.3743
24213464.355469, -106.3640
24214990.234375, -108.3288
24216516.113281, -108.3406
24218041.992188, -104.5191
24219567.871094, -101.6986
24221093.750000, -100.7522
24222619.628906, -101.1801
24224145.507812, -102.5647
24225671.386719, -105.4229
24227197.265625, -113.5075
24228723.144531, -113.3431
24230249.023438, -103.7551
24231774.902344, -99.9672
24233300.781250, -98.1186
24234826.660156, -97.3177
24236352.539062, -97.2450
24237878.417969, -97.6207
24239404.296875, -98.0209
24240930.175781, -98.2070
24242456.054688, -98.4195
24243981.933594, -99.2050
24245507.812500, -101.1977
24247033.691406, -105.3069
24248559.570312, -115.3432
24250085.449219, -113.7820
24251611.328125, -104.6473
24253137.207031, -100.3015
24254663.085938, -97.7434
24256188.964844, -96.3022
24257714.843750, -95.6455
24259240.722656, -95.6138
24260766.601562, -96.1628
24262292.480469, -97.3469
24263818.359375, -99.2642
24265344.238281, -102.1744
24266870.117188, -106.9266
24268395.996094, -115.9932
24269921.875000, -112.7736
24271447.753906, -105.8714
24272973.632812, -102.6298
24274499.511719, -101.2755
24276025.390625, -101.0388
24277551.269531, -101.3288
24279077.148438, -101.6828
24280603.027344, -102.1823
24282128.906250, -103.0378
24283654.785156, -104.2915
24285180.664062, -105.8582
24286706.542969, -107.3616
24288232.421875, -108.5560
24289758.300781, -108.8783
24291284.179688, -108.2699
24292810.058594, -108.1729
24294335.937500, -108.4272
24295861.816406, -106.6296
24297387.695312, -103.9277
24298913.574219, -101.9615
24300439.453125, -100.5043
24301965.332031, -99.2455
24303491.210938, -98.4694
24305017.089844, -98.7749
24306542.968750, -100.5665
24308068.847656, -103.3484
24309594.726562, -104.5118
24311120.605469, -103.1553
24312646.484375, -101.2253
24314172.363281, -99.6001
24315698.242188, -98.9272
24317224.121094, -99.7497
24318750.000000, -102.4457
24320275.878906, -107.4949
24321801.757812, -116.5897
24323327.636719, -113.1308
24324853.515625, -105.2905
24326379.394531, -100.5675
24327905.273438, -97.7992
24329431.152344, -96.6299
24330957.031250, -96.6681
24332482.910156, -97.3113
24334008.789062, -98.1073
24335534.667969, -99.3469
24337060.546875, -101.7470
24338586.425781, -105.9058
24340112.304688, -108.5740
24341638.183594, -104.6036
24343164.062500, -101.8694
24344689.941406, -101.1755
24346215.820312, -101.4783
24347741.699219, -101.3345
24349267.578125, -100.2665
24350793.457031, -99.0384
24352319.335938, -98.4167
24353845.214844, -98.5534
24355371.093750, -99.0718
24356896.972656, -99.6104
24358422.851562, -100.3583
24359948.730469, -101.8688
24361474.609375, -104.3567
24363000.488281, -107.2665
24364526.367188, -109.8267
24366052.246094, -112.4281
24367578.125000, -112.6672
24369104.003906, -111.1632
24370629.882812, -112.4369
24372155.761719, -113.9036
24373681.640625, -111.0436
24375207.519531, -109.1997
24376733.398438, -109.1684
24378259.277344, -110.4945
24379785.156250, -112.2180
24381311.035156, -111.7549
24382836.914062, -110.1014
24384362.792969, -109.5328
24385888.671875, -109.5539
24387414.550781, -108.8209
24388940.429688, -107.4854
24390466.308594, -107.1587
24391992.187500, -109.3607
24393518.066406, -112.3153
24395043.945312, -109.3249
24396569.824219, -107.5880
24398095.703125, -108.3044
24399621.582031, -110.3326
24401147.460938, -112.1008
24402673.339844, -110.0077
24404199.218750, -105.2205
24405725.097656, -101.6240
24407250.976562, -99.6671
24408776.855469, -98.8605
24410302.734375, -98.6072
24411828.613281, -98.5615
24413354.492188, -98.7905
24414880.371094, -99.4822
24416406.250000, -100.6306
24417932.128906, -102.1750
24419458.007812, -104.5463
24420983.886719, -109.8601
24422509.765625, -120.5790
24424035.644531, -105.5782
24425561.523438, -100.8122
24427087.402344, -99.0227
24428613.281250, -99.0285
24430139.160156, -100.4203
24431665.039062, -103.1487
24433190.917969, -107.4551
24434716.796875, -113.8352
24436242.675781, -118.6898
24437768.554688, -111.7157
24439294.433594, -106.5922
24440820.312500, -104.3004
24442346.191406, -104.3585
24443872.070312, -105.4675
24445397.949219, -105.1313
24446923.828125, -102.8121
24448449.707031, -100.3178
24449975.585938, -98.6385
24451501.464844, -97.7228
24453027.343750, -97.6073
24454553.222656, -98.6663
24456079.101562, -101.1778
24457604.980469, -104.7294
24459130.859375, -106.7765
24460656.738281, -105.9810
24462182.617188, -104.3722
24463708.496094, -102.2055
24465234.375000, -99.9508
24466760.253906, -98.4253
24468286.132812, -97.9900
24469812.011719, -98.6718
24471337.890625, -100.3807
24472863.769531, -102.9926
24474389.648438, -106.0486
24475915.527344, -108.0145
24477441.406250, -108.5398
24478967.285156, -109.5319
24480493.164062, -110.9366
24482019.042969, -110.1259
24483544.921875, -107.1303
24485070.800781, -104.7424
24486596.679688, -103.7203
24488122.558594, -103.7639
24489648.437500, -104.4330
24491174.316406, -105.3234
24492700.195312, -106.4384
24494226.074219, -108.7243
24495751.953125, -112.1953
24497277.832031, -110.6584
24498803.710938, -106.3245
24500329.589844, -103.1853
24501855.468750, -101.1069
24503381.347656, -99.8056
24504907.226562, -99.1687
24506433.105469, -98.9513
24507958.984375, -98.6080
24509484.863281, -98.0635
24511010.742188, -98.0957
24512536.621094, -99.5003
24514062.500000, -102.8743
24515588.378906, -108.9381
24517114.257812, -116.3177
24518640.136719, -113.8769
24520166.015625, -111.1242
24521691.894531, -109.9894
24523217.773438, -109.5366
24524743.652344, -108.1780
24526269.531250, -105.8076
24527795.410156, -103.5737
24529321.289062, -102.1380
24530847.167969, -101.7979
24532373.046875, -102.5011
24533898.925781, -103.6564
24535424.804688, -104.6283
24536950.683594, -105.5417
24538476.562500, -106.6458
24540002.441406, -107.5131
24541528.320312, -106.5804
24543054.199219, -105.1970
24544580.078125, -105.4289
24546105.957031, -106.7246
24547631.835938, -107.1696
24549157.714844, -107.1871
24550683.593750, -107.1706
24552209.472656, -105.9856
24553735.351562, -103.8586
24555261.230469, -102.2966
24556787.109375, -102.1813
24558312.988281, -103.8039
24559838.867188, -107.7533
24561364.746094, -116.5209
24562890.625000, -115.3443
24564416.503906, -109.4092
24565942.382812, -106.6884
24567468.261719, -104.6393
24568994.140625, -102.4063
24570520.019531, -100.6154
24572045.898438, -100.3156
24573571.777344, -101.5665
24575097.656250, -103.1288
24576623.535156, -103.0857
24578149.414062, -101.5685
24579675.292969, -100.2747
24581201.171875, -99.9659
24582727.050781, -100.2951
24584252.929688, -100.3778
24585778.808594, -99.8502
24587304.687500, -99.2931
24588830.566406, -99.6166
24590356.445312, -101.3777
24591882.324219, -104.1438
24593408.203125, -105.4939
24594934.082031, -104.1725
24596459.960938, -102.5411
24597985.839844, -101.6196
24599511.718750, -101.0448
24601037.597656, -100.5303
24602563.476562, -100.2045
24604089.355469, -100.0539
24605615.234375, -99.9819
24607141.113281, -99.9196
24608666.992188, -99.7989
24610192.871094, -99.5260
24611718.750000, -98.9432
24613244.628906, -98.1381
24614770.507812, -97.4483
24616296.386719, -97.0060
24617822.265625, -96.6673
24619348.144531, -96.5007
24620874.023438, -96.9603
24622399.902344, -98.6073
24623925.781250, -102.2432
24625451.660156, -109.3484
24626977.539062, -107.3999
24628503.417969, -102.2052
24630029.296875, -99.9311
24631555.175781, -98.6007
24633081.054688, -97.7475
24634606.933594, -97.7280
24636132.812500, -98.7692
24637658.691406, -100.9839
24639184.570312, -104.0295
24640710.449219, -106.7025
24642236.328125, -108.4131
24643762.207031, -108.8378
24645288.085938, -108.7247
24646813.964844, -110.6213
24648339.843750, -118.0746
24649865.722656, -119.9649
24651391.601562, -113.0658
24652917.480469, -112.9786
24654443.359375, -116.1465
24655969.238281, -118.1217
24657495.117188, -115.4043
24659020.996094, -113.6028
24660546.875000, -116.7662
24662072.753906, -119.7317
24663598.632812, -112.4336
24665124.511719, -110.5002
24666650.390625, -109.9071
24668176.269531, -106.1127
24669702.148438, -101.8172
24671228.027344, -98.8995
24672753.906250, -97.0819
24674279.785156, -95.9542
24675805.664062, -95.3151
24677331.542969, -95.0811
24678857.421875, -95.1686
24680383.300781, -95.5814
24681909.179688, -96.4436
24683435.058594, -97.7498
24684960.937500, -99.1072
24686486.816406, -100.0989
24688012.695312, -101.1474
24689538.574219, -102.9740
24691064.453125, -105.2700
24692590.332031, -106.4277
24694116.210938, -106.0894
24695642.089844, -105.8301
24697167.968750, -106.4634
24698693.847656, -107.1299
24700219.726562, -106.4266
24701745.605469, -104.7126
24703271.484375, -102.6804
24704797.363281, -101.1514
24706323.242188, -100.6244
24707849.121094, -100.6917
24709375.000000, -100.7638
24710900.878906, -101.1118
24712426.757812, -102.5410
24713952.636719, -104.8893
24715478.515625, -105.4513
24717004.394531, -103.9263
24718530.273438, -102.3924
24720056.152344, -101.3737
24721582.031250, -101.4561
24723107.910156, -103.4248
24724633.789062, -108.3956
24726159.667969, -118.4426
24727685.546875, -111.0110
24729211.425781, -106.0359
24730737.304688, -103.7756
24732263.183594, -103.2020
24733789.062500, -104.1957
24735314.941406, -106.1867
24736840.820312, -105.2829
24738366.699219, -101.9335
24739892.578125, -100.0522
24741418.457031, -100.1430
24742944.335938, -101.8955
24744470.214844, -104.6539
24745996.093750, -108.5099
24747521.972656, -115.8783
24749047.851562, -110.6993
24750573.730469, -105.4955
24752099.609375, -103.9700
24753625.488281, -104.2994
24755151.367188, -104.7882
24756677.246094, -104.1566
24758203.125000, -103.0346
24759729.003906, -102.5654
24761254.882812, -102.8004
24762780.761719, -102.6810
24764306.640625, -101.7000
24765832.519531, -100.6736
24767358.398438, -100.2762
24768884.277344, -100.6299
24770410.156250, -101.3804
24771936.035156, -101.9428
24773461.914062, -102.3097
24774987.792969, -102.7678
24776513.671875, -103.1614
24778039.550781, -103.5615
24779565.429688, -104.0105
24781091.308594, -103.9017
24782617.187500, -102.8568
24784143.066406, -102.2408
24785668.945312, -103.6313
24787194.824219, -108.3111
24788720.703125, -110.5370
24790246.582031, -103.7051
24791772.460938, -100.0662
24793298.339844, -98.7758
24794824.218750, -99.2306
24796350.097656, -100.6782
24797875.976562, -102.2808
24799401.855469, -104.3567
24800927.734375, -105.5039
24802453.613281, -102.5175
24803979.492188, -99.6140
24805505.371094, -98.3366
24807031.250000, -98.1896
24808557.128906, -98.2673
24810083.007812, -97.9206
24811608.886719, -97.3015
24813134.765625, -96.8770
24814660.644531, -96.7139
24816186.523438, -96.6873
24817712.402344, -96.9502
24819238.281250, -97.6269
24820764.160156, -98.4552
24822290.039062, -99.2136
24823815.917969, -100.4476
24825341.796875, -102.8581
24826867.675781, -105.9788
24828393.554688, -107.4687
24829919.433594, -106.4187
24831445.312500, -104.9139
24832971.191406, -104.3024
24834497.070312, -104.4956
24836022.949219, -104.8694
24837548.828125, -104.9831
24839074.707031, -105.0264
24840600.585938, -105.6205
24842126.464844, -107.2141
24843652.343750, -108.2416
24845178.222656, -106.1297
24846704.101562, -103.7083
24848229.980469, -102.2249
24849755.859375, -101.4865
24851281.738281, -101.4644
24852807.617188, -102.3996
24854333.496094, -104.7633
24855859.375000, -109.2835
24857385.253906, -114.0769
24858911.132812, -111.4741
24860437.011719, -109.8779
24861962.890625, -110.0797
24863488.769531, -109.7893
24865014.648438, -108.7269
24866540.527344, -108.4578
24868066.406250, -109.3984
24869592.285156, -110.3352
24871118.164062, -110.5674
24872644.042969, -111.4907
24874169.921875, -114.5256
24875695.800781, -116.9265
24877221.679688, -112.1292
24878747.558594, -108.3067
24880273.437500, -105.8106
24881799.316406, -104.1072
24883325.195312, -103.0589
24884851.074219, -102.3791
24886376.953125, -101.6807
24887902.832031, -100.8976
24889428.710938, -100.2070
24890954.589844, -99.6196
24892480.468750, -99.1509
24894006.347656, -99.1468
24895532.226562, -99.7628
24897058.105469, -100.4686
24898583.984375, -100.5887
24900109.863281, -100.4260
24901635.742188, -100.8287
24903161.621094, -101.9303
24904687.500000, -102.9152
24906213.378906, -103.0966
24907739.257812, -102.7073
24909265.136719, -102.2368
24910791.015625, -101.8912
24912316.894531, -101.6475
24913842.773438, -101.4335
24915368.652344, -100.9593
24916894.531250, -100.0828
24918420.410156, -99.1893
24919946.289062, -98.5276
24921472.167969, -98.1139
24922998.046875, -98.1377
24924523.925781, -98.9984
24926049.804688, -101.1959
24927575.683594, -105.1704
24929101.562500, -107.7629
24930627.441406, -104.7885
24932153.320312, -102.6368
24933679.199219, -101.7616
24935205.078125, -101.1709
24936730.957031, -100.3824
24938256.835938, -99.5250
24939782.714844, -98.9280
24941308.593750, -99.0175
24942834.472656, -100.1046
24944360.351562, -101.9256
24945886.230469, -103.1322
24947412.109375, -102.9936
24948937.988281, -102.8973
24950463.867188, -103.4434
24951989.746094, -104.1165
24953515.625000, -104.2255
24955041.503906, -103.4006
24956567.382812, -102.5464
24958093.261719, -102.3704
24959619.140625, -102.2125
24961145.019531, -101.1647
24962670.898438, -99.9660
24964196.777344, -100.1352
24965722.656250, -103.3983
24967248.535156, -120.1021
24968774.414062, -104.8885
24970300.292969, -98.8903
24971826.171875, -96.2741
24973352.050781, -94.8752
24974877.929688, -94.2252
24976403.808594, -94.5252
24977929.687500, -96.1762
24979455.566406, -99.5449
24980981.445312, -104.7856
24982507.324219, -107.8110
24984033.203125, -104.5225
24985559.082031, -102.1714
24987084.960938, -101.2113
24988610.839844, -100.8052
24990136.718750, -100.4010
24991662.597656, -99.8780
24993188.476562, -99.3101
24994714.355469, -98.9151
24996240.234375, -98.8466
24997766.113281, -98.9473
24999291.992188, -98.9845
25000817.871094, -99.0460
25002343.750000, -99.6400
25003869.628906, -101.5365
25005395.507812, -105.3355
25006921.386719, -110.3162
25008447.265625, -111.8703
25009973.144531, -108.5659
25011499.023438, -105.5265
25013024.902344, -104.2445
25014550.781250, -103.9650
25016076.660156, -103.5751
25017602.539062, -102.7157
25019128.417969, -102.0277
25020654.296875, -102.1335
25022180.175781, -102.9384
25023706.054688, -103.6812
25025231.933594, -103.8492
25026757.812500, -104.0458
25028283.691406, -104.8772
25029809.570312, -105.6169
25031335.449219, -105.6244
25032861.328125, -105.7388
25034387.207031, -105.7380
25035913.085938, -104.7440
25037438.964844, -103.5190
25038964.843750, -102.9450
25040490.722656, -102.9568
25042016.601562, -103.3859
25043542.480469, -104.1768
25045068.359375, -104.9946
25046594.238281, -105.4126
25048120.117188, -105.0729
25049645.996094, -103.8523
25051171.875000, -102.7679
25052697.753906, -103.0684
25054223.632812, -105.4947
25055749.511719, -110.6956
25057275.390625, -121.0465
25058801.269531, -119.1973
25060327.148438, -111.8565
25061853.027344, -107.3470
25063378.906250, -104.3596
25064904.785156, -103.2677
25066430.664062, -103.2684
25067956.542969, -102.2097
25069482.421875, -100.1664
25071008.300781, -98.6031
25072534.179688, -97.7833
25074060.058594, -97.6241
25075585.937500, -98.1911
25077111.816406, -99.5881
25078637.695312, -101.6593
25080163.574219, -104.1226
25081689.453125, -106.8283
25083215.332031, -108.9403
25084741.210938, -109.2295
25086267.089844, -109.0659
25087792.968750, -110.4338
25089318.847656, -111.1373
25090844.726562, -109.0388
25092370.605469, -108.2119
25093896.484375, -108.4989
25095422.363281, -107.4904
25096948.242188, -106.3009
25098474.121094, -106.7627
25100000.000000, -107.8774
25101525.878906, -106.7464
25103051.757812, -104.7305
25104577.636719, -103.3533
25106103.515625, -102.5445
25107629.394531, -102.3250
25109155.273438, -103.1350
25110681.152344, -105.4164
25112207.031250, -107.1135
25113732.910156, -104.5626
25115258.789062, -101.8684
25116784.667969, -100.0440
25118310.546875, -98.3687
25119836.425781, -96.8144
25121362.304688, -95.9426
25122888.183594, -96.1561
25124414.062500, -97.4648
25125939.941406, -99.4907
25127465.820312, -101.9130
25128991.699219, -105.2101
25130517.578125, -109.0325
25132043.457031, -107.8796
25133569.335938, -105.4279
25135095.214844, -104.5664
25136621.093750, -104.2258
25138146.972656, -103.9575
25139672.851562, -104.6983
25141198.730469, -107.3973
25142724.609375, -112.9199
25144250.488281, -122.6708
25145776.367188, -117.5250
25147302.246094, -112.1503
25148828.125000, -110.4778
25150354.003906, -110.6263
25151879.882812, -109.5352
25153405.761719, -106.3042
25154931.640625, -102.9036
25156457.519531, -100.5127
25157983.398438, -99.5017
25159509.277344, -99.8907
25161035.156250, -101.4922
25162561.035156, -103.9734
25164086.914062, -107.5262
25165612.792969, -113.6631
25167138.671875, -117.4587
25168664.550781, -112.5131
25170190.429688, -109.4841
25171716.308594, -106.7291
25173242.187500, -104.0665
25174768.066406, -102.2096
25176293.945312, -101.2849
25177819.824219, -100.9342
25179345.703125, -101.1930
25180871.582031, -102.5435
25182397.460938, -105.2518
25183923.339844, -108.1783
25185449.218750, -107.3194
25186975.097656, -104.8464
25188500.976562, -103.7535
25190026.855469, -104.0295
25191552.734375, -104.0453
25193078.613281, -101.7710
25194604.492188, -99.1579
25196130.371094, -97.7465
25197656.250000, -97.4416
25199182.128906, -97.6892
25200708.007812, -98.0368
25202233.886719, -98.4524
25203759.765625, -99.1344
25205285.644531, -100.1412
25206811.523438, -101.2557
25208337.402344, -101.9675
25209863.281250, -101.7460
25211389.160156, -100.7472
25212915.039062, -99.7827
25214440.917969, -99.4015
25215966.796875, -99.4773
25217492.675781, -99.4585
25219018.554688, -99.1266
25220544.433594, -99.0141
25222070.312500, -99.9046
25223596.191406, -102.3498
25225122.070312, -106.6021
25226647.949219, -112.5092
25228173.828125, -120.2908
25229699.707031, -125.8026
25231225.585938, -114.1423
25232751.464844, -110.0211
25234277.343750, -109.1562
25235803.222656, -109.8445
25237329.101562, -109.3754
25238854.980469, -106.2875
25240380.859375, -103.0504
25241906.738281, -101.3378
25243432.617188, -101.2999
25244958.496094, -102.6387
25246484.375000, -105.4824
25248010.253906, -110.0741
25249536.132812, -107.9696
25251062.011719, -103.2828
25252587.890625, -100.5052
25254113.769531, -98.8922
25255639.648438, -98.2525
25257165.527344, -98.6574
25258691.406250, -100.2187
25260217.285156, -103.0823
25261743.164062, -107.1444
25263269.042969, -110.0623
25264794.921875, -109.5355
25266320.800781, -108.9661
25267846.679688, -109.2447
25269372.558594, -110.6803
25270898.437500, -115.7419
25272424.316406, -119.8285
25273950.195312, -109.7333
25275476.074219, -106.1300
25277001.953125, -104.8974
25278527.832031, -104.5382
25280053.710938, -104.5401
25281579.589844, -104.0713
25283105.468750, -102.0424
25284631.347656, -99.4486
25286157.226562, -97.9219
25287683.105469, -98.1466
25289208.984375, -100.1763
25290734.863281, -102.9557
25292260.742188, -103.3330
25293786.621094, -102.0044
25295312.500000, -101.2823
25296838.378906, -100.8352
25298364.257812, -100.1306
25299890.136719, -99.9558
25301416.015625, -101.1447
25302941.894531, -103.9619
25304467.773438, -108.0011
25305993.652344, -111.0768
25307519.531250, -110.5319
25309045.410156, -108.8293
25310571.289062, -107.9298
25312097.167969, -107.6466
25313623.046875, -108.0656
25315148.925781, -108.6185
25316674.804688, -107.5580
25318200.683594, -106.3907
25319726.562500, -106.0853
25321252.441406, -105.7495
25322778.320312, -105.0545
25324304.199219, -104.5175
25325830.078125, -104.2969
25327355.957031, -104.3877
25328881.835938, -105.1819
25330407.714844, -107.2775
25331933.593750, -109.9449
25333459.472656, -108.2245
25334985.351562, -104.3089
25336511.230469, -101.4148
25338037.109375, -99.4657
25339562.988281, -98.1252
25341088.867188, -97.3354
25342614.746094, -97.2049
25344140.625000, -97.7410
25345666.503906, -98.7442
25347192.382812, -99.6209
25348718.261719, -99.2849
25350244.140625, -97.7740
25351770.019531, -96.4928
25353295.898438, -96.2201
25354821.777344, -97.0591
25356347.656250, -98.9238
25357873.535156, -101.4579
25359399.414062, -102.7886
25360925.292969, -102.0400
25362451.171875, -101.5045
25363977.050781, -101.4612
25365502.929688, -101.2236
25367028.808594, -101.2416
25368554.687500, -102.6632
25370080.566406, -105.7420
25371606.445312, -105.0858
25373132.324219, -101.8456
25374658.203125, -100.5022
25376184.082031, -100.5348
25377709.960938, -100.7739
25379235.839844, -100.4358
25380761.718750, -99.9612
25382287.597656, -99.9242
25383813.476562, -100.1419
25385339.355469, -100.1793
25386865.234375, -100.0818
25388391.113281, -100.2997
25389916.992188, -100.8757
25391442.871094, -101.2364
25392968.750000, -101.1991
25394494.628906, -101.7118
25396020.507812, -103.9628
25397546.386719, -108.7140
25399072.265625, -119.5601
25400598.144531, -115.7242
25402124.023438, -108.3327
25403649.902344, -105.8178
25405175.781250, -103.8260
25406701.660156, -102.1846
25408227.539062, -101.9628
25409753.417969, -102.9906
25411279.296875, -104.0503
25412805.175781, -104.1917
25414331.054688, -103.9748
25415856.933594, -103.6512
25417382.812500, -102.9054
25418908.691406, -102.0180
25420434.570312, -101.5433
25421960.449219, -101.6704
25423486.328125, -102.3162
25425012.207031, -103.3179
25426538.085938, -104.3356
25428063.964844, -104.7429
25429589.843750, -104.0303
25431115.722656, -102.7065
25432641.601562, -101.8031
25434167.480469, -101.3881
25435693.359375, -100.7722
25437219.238281, -99.9083
25438745.117188, -99.2714
25440270.996094, -98.9710
25441796.875000, -98.7470
25443322.753906, -98.5212
25444848.632812, -98.6617
25446374.511719, -98.9248
25447900.390625, -98.4354
25449426.269531, -97.5332
25450952.148438, -96.9101
25452478.027344, -96.5568
25454003.906250, -96.4307
25455529.785156, -96.8469
25457055.664062, -98.1623
25458581.542969, -100.1691
25460107.421875, -101.6436
25461633.300781, -101.5487
25463159.179688, -100.4355
25464685.058594, -99.3238
25466210.937500, -98.6370
25467736.816406, -98.4447
25469262.695312, -98.6913
25470788.574219, -99.0624
25472314.453125, -99.8828
25473840.332031, -102.0686
25475366.210938, -105.0631
25476892.089844, -104.0795
25478417.968750, -101.0081
25479943.847656, -99.2127
25481469.726562, -98.7369
25482995.605469, -99.3238
25484521.484375, -100.7562
25486047.363281, -101.8141
25487573.242188, -101.0157
25489099.121094, -99.8528
25490625.000000, -99.2032
25492150.878906, -98.6000
25493676.757812, -97.9508
25495202.636719, -97.7515
25496728.515625, -98.4264
25498254.394531, -100.1049
25499780.273438, -101.9216
25501306.152344, -101.8987
25502832.031250, -100.8112
25504357.910156, -100.0441
25505883.789062, -99.3926
25507409.667969, -98.3439
25508935.546875, -96.8999
25510461.425781, -95.6134
25511987.304688, -94.9950
25513513.183594, -95.1205
25515039.062500, -95.6425
25516564.941406, -96.1682
25518090.820312, -96.6711
25519616.699219, -97.3863
25521142.578125, -98.5851
25522668.457031, -100.3038
25524194.335938, -102.4172
25525720.214844, -104.2236
25527246.093750, -103.1847
25528771.972656, -100.7730
25530297.851562, -98.9994
25531823.730469, -97.7927
25533349.609375, -97.0542
25534875.488281, -97.0005
25536401.367188, -97.8237
25537927.246094, -99.4864
25539453.125000, -101.6979
25540979.003906, -103.6605
25542504.882812, -104.1805
25544030.761719, -103.7739
25545556.640625, -103.6348
25547082.519531, -103.6503
25548608.398438, -103.3593
25550134.277344, -103.1020
25551660.156250, -102.9734
25553186.035156, -101.9636
25554711.914062, -100.2843
25556237.792969, -99.2315
25557763.671875, -99.2590
25559289.550781, -100.3107
25560815.429688, -102.1345
25562341.308594, -103.5180
25563867.187500, -102.7090
25565393.066406, -101.1028
25566918.945312, -99.9007
25568444.824219, -98.9376
25569970.703125, -98.0059
25571496.582031, -97.2430
25573022.460938, -96.8550
25574548.339844, -96.8047
25576074.218750, -96.8720
25577600.097656, -96.8827
25579125.976562, -96.8591
25580651.855469, -97.1154
25582177.734375, -98.1068
25583703.613281, -100.0116
25585229.492188, -102.3254
25586755.371094, -103.7322
25588281.250000, -104.0074
25589807.128906, -105.0143
25591333.007812, -106.4148
25592858.886719, -104.8011
25594384.765625, -102.8840
25595910.644531, -102.0485
25597436.523438, -101.6515
25598962.402344, -101.6152
25600488.281250, -102.5005
25602014.160156, -105.7984
25603540.039062, -118.1105
25605065.917969, -109.0272
25606591.796875, -103.1154
25608117.675781, -101.3214
25609643.554688, -101.1755
25611169.433594, -101.5228
25612695.312500, -101.9002
25614221.191406, -102.3230
25615747.070312, -102.8804
25617272.949219, -103.5999
25618798.828125, -103.6964
25620324.707031, -102.7996
25621850.585938, -101.5307
25623376.464844, -99.8561
25624902.343750, -97.7501
25626428.222656, -95.8317
25627954.101562, -94.7634
25629479.980469, -94.8031
25631005.859375, -95.9533
25632531.738281, -98.2149
25634057.617188, -101.8128
25635583.496094, -107.5569
25637109.375000, -117.4837
25638635.253906, -118.0121
25640161.132812, -117.7360
25641687.011719, -118.6463
25643212.890625, -111.3218
25644738.769531, -107.2983
25646264.648438, -105.1474
25647790.527344, -103.4193
25649316.406250, -101.5439
25650842.285156, -99.6010
25652368.164062, -98.0448
25653894.042969, -97.2928
25655419.921875, -97.3777
25656945.800781, -98.0230
25658471.679688, -98.8390
25659997.558594, -99.4095
25661523.437500, -99.6766
25663049.316406, -99.9831
25664575.195312, -100.4149
25666101.074219, -100.8199
25667626.953125, -101.0148
25669152.832031, -100.8847
25670678.710938, -100.5650
25672204.589844, -100.2679
25673730.468750, -100.3070
25675256.347656, -100.7254
25676782.226562, -101.2917
25678308.105469, -102.3243
25679833.984375, -104.3867
25681359.863281, -107.1871
25682885.742188, -108.9908
25684411.621094, -108.4220
25685937.500000, -106.5231
25687463.378906, -105.1118
25688989.257812, -104.5012
25690515.136719, -103.6316
25692041.015625, -102.1083
25693566.894531, -100.8308
25695092.773438, -100.0122
25696618.652344, -99.4216
25698144.531250, -99.1938
25699670.410156, -99.1953
25701196.289062, -98.8973
25702722.167969, -98.4759
25704248.046875, -98.7424
25705773.925781, -100.2008
25707299.804688, -102.4295
25708825.683594, -104.2717
25710351.562500, -105.5081
25711877.441406, -106.8384
25713403.320312, -109.2459
25714929.199219, -110.6912
25716455.078125, -107.5599
25717980.957031, -103.7197
25719506.835938, -100.8751
25721032.714844, -99.0959
25722558.593750, -98.1275
25724084.472656, -97.7620
25725610.351562, -97.8134
25727136.230469, -98.1800
25728662.109375, -98.8515
25730187.988281, -99.7407
25731713.867188, -100.7279
25733239.746094, -101.8277
25734765.625000, -103.0063
25736291.503906, -103.9168
25737817.382812, -104.5502
25739343.261719, -105.7134
25740869.140625, -108.7759
25742395.019531, -121.2087
25743920.898438, -108.8879
25745446.777344, -101.3623
25746972.656250, -98.1956
25748498.535156, -97.0858
25750024.414062, -96.8724
25751550.292969, -97.1233
25753076.171875, -98.2988
25754602.050781, -101.0136
25756127.929688, -103.6764
25757653.808594, -102.0813
25759179.687500, -100.6718
25760705.566406, -101.2082
25762231.445312, -102.6480
25763757.324219, -102.5562
25765283.203125, -100.3201
25766809.082031, -97.8932
25768334.960938, -96.0631
25769860.839844, -94.8579
25771386.718750, -94.2437
25772912.597656, -94.2734
25774438.476562, -95.0042
25775964.355469, -96.3957
25777490.234375, -98.3599
25779016.113281, -100.9454
25780541.992188, -104.2678
25782067.871094, -106.4502
25783593.750000, -103.7121
25785119.628906, -100.1860
25786645.507812, -97.8218
25788171.386719, -96.5517
25789697.265625, -96.1370
25791223.144531, -96.2996
25792749.023438, -96.7552
25794274.902344, -97.2291
25795800.781250, -97.3423
25797326.660156, -96.8657
25798852.539062, -96.3201
25800378.417969, -96.4424
25801904.296875, -97.5786
25803430.175781, -99.8506
25804956.054688, -103.2204
25806481.933594, -106.2973
25808007.812500, -105.6973
25809533.691406, -102.6662
25811059.570312, -100.2647
25812585.449219, -99.1520
25814111.328125, -99.3111
25815637.207031, -101.0549
25817163.085938, -104.9274
25818688.964844, -109.1175
25820214.843750, -106.4678
25821740.722656, -103.0921
25823266.601562, -101.0048
25824792.480469, -99.8793
25826318.359375, -99.4201
25827844.238281, -99.3796
25829370.117188, -99.6629
25830895.996094, -100.2977
25832421.875000, -101.2562
25833947.753906, -102.4548
25835473.632812, -103.8808
25836999.511719, -105.3224
25838525.390625, -106.0149
25840051.269531, -106.2591
25841577.148438, -108.0579
25843103.027344, -114.5762
25844628.906250, -122.2969
25846154.785156, -111.8911
25847680.664062, -110.7452
25849206.542969, -112.4202
25850732.421875, -112.7927
25852258.300781, -109.8882
25853784.179688, -106.6510
25855310.058594, -104.0806
25856835.937500, -101.7608
25858361.816406, -100.0285
25859887.695312, -99.1860
25861413.574219, -99.2728
25862939.453125, -100.4642
25864465.332031, -102.3833
25865991.210938, -102.4522
25867517.089844, -100.3357
25869042.968750, -98.7217
25870568.847656, -98.2062
25872094.726562, -98.7130
25873620.605469, -100.3134
25875146.484375, -103.1898
25876672.363281, -106.1617
25878198.242188, -104.6569
25879724.121094, -102.1456
25881250.000000, -101.4912
25882775.878906, -102.8541
25884301.757812, -105.1812
25885827.636719, -103.6452
25887353.515625, -100.1459
25888879.394531, -97.6137
25890405.273438, -95.7954
25891931.152344, -94.4961
25893457.031250, -93.8183
25894982.910156, -93.7880
25896508.789062, -94.3665
25898034.667969, -95.4566
25899560.546875, -96.6903
25901086.425781, -97.6936
25902612.304688, -98.6866
25904138.183594, -100.0113
25905664.062500, -101.4012
25907189.941406, -102.0198
25908715.820312, -101.5888
25910241.699219, -101.0944
25911767.578125, -101.4723
25913293.457031, -102.6758
25914819.335938, -103.4364
25916345.214844, -102.7530
25917871.093750, -101.2490
25919396.972656, -99.5999
25920922.851562, -98.3528
25922448.730469, -97.9127
25923974.609375, -98.3270
25925500.488281, -99.2211
25927026.367188, -99.9260
25928552.246094, -100.0401
25930078.125000, -99.6491
25931604.003906, -99.0548
25933129.882812, -98.6608
25934655.761719, -98.7995
25936181.640625, -99.6213
25937707.519531, -100.9841
25939233.398438, -102.3193
25940759.277344, -103.0313
25942285.156250, -103.5151
25943811.035156, -105.0368
25945336.914062, -108.4971
25946862.792969, -110.5426
25948388.671875, -107.5081
25949914.550781, -104.4162
25951440.429688, -102.0174
25952966.308594, -100.3040
25954492.187500, -99.3599
25956018.066406, -99.1799
25957543.945312, -99.6038
25959069.824219, -100.4810
25960595.703125, -101.5252
25962121.582031, -102.2770
25963647.460938, -102.6131
25965173.339844, -103.0612
25966699.218750, -104.4304
25968225.097656, -106.7198
25969750.976562, -106.7160
25971276.855469, -104.3909
25972802.734375, -102.6840
25974328.613281, -101.5158
25975854.492188, -100.6127
25977380.371094, -100.3675
25978906.250000, -101.3879
25980432.128906, -103.9361
25981958.007812, -106.6409
25983483.886719, -106.7036
25985009.765625, -106.4759
25986535.644531, -108.5407
25988061.523438, -114.0364
25989587.402344, -117.2117
25991113.281250, -113.9909
25992639.160156, -107.9087
25994165.039062, -102.4726
25995690.917969, -99.4762
25997216.796875, -98.2269
25998742.675781, -97.8941
26000268.554688, -97.9115
26001794.433594, -98.2987
26003320.312500, -99.4015
26004846.191406, -101.2499
26006372.070312, -103.4069
26007897.949219, -105.3859
26009423.828125, -107.4305
26010949.707031, -108.7987
26012475.585938, -106.3230
26014001.464844, -104.1134
26015527.343750, -103.8303
26017053.222656, -104.5254
26018579.101562, -104.7578
26020104.980469, -104.0371
26021630.859375, -103.1330
26023156.738281, -102.6000
26024682.617188, -102.4516
26026208.496094, -102.5398
26027734.375000, -102.7163
26029260.253906, -103.0321
26030786.132812, -103.8787
26032312.011719, -105.5447
26033837.890625, -107.6650
26035363.769531, -109.6074
26036889.648438, -111.8272
26038415.527344, -116.1813
26039941.406250, -131.1288
26041467.285156, -116.8503
26042993.164062, -111.5235
26044519.042969, -110.0908
26046044.921875, -111.7603
26047570.800781, -121.4380
26049096.679688, -114.0002
26050622.558594, -105.2275
26052148.437500, -101.0193
26053674.316406, -98.6753
26055200.195312, -97.4140
26056726.074219, -96.9281
26058251.953125, -97.1814
26059777.832031, -98.1682
26061303.710938, -99.4777
26062829.589844, -100.5791
26064355.468750, -101.9334
26065881.347656, -103.4152
26067407.226562, -103.2168
26068933.105469, -102.1618
26070458.984375, -101.6715
26071984.863281, -102.0318
26073510.742188, -103.6441
26075036.621094, -107.1209
26076562.500000, -112.8874
26078088.378906, -118.9407
26079614.257812, -121.2022
26081140.136719, -117.2833
26082666.015625, -111.1840
26084191.894531, -107.7239
26085717.773438, -106.6662
26087243.652344, -107.1976
26088769.531250, -108.6019
26090295.410156, -110.4630
26091821.289062, -112.1097
26093347.167969, -115.1655
26094873.046875, -124.1581
26096398.925781, -119.6544
26097924.804688, -118.7800
26099450.683594, -120.5404
26100976.562500, -112.8485
26102502.441406, -108.9286
26104028.320312, -106.9798
26105554.199219, -105.0924
26107080.078125, -102.8022
26108605.957031, -101.0603
26110131.835938, -100.8122
26111657.714844, -102.2837
26113183.593750, -104.3410
26114709.472656, -104.4263
26116235.351562, -103.2775
26117761.230469, -103.0010
26119287.109375, -104.0902
26120812.988281, -105.9515
26122338.867188, -108.2487
26123864.746094, -112.2152
26125390.625000, -117.5216
26126916.503906, -112.1054
26128442.382812, -108.2890
26129968.261719, -108.0715
26131494.140625, -111.5228
26133020.019531, -122.4411
26134545.898438, -118.9169
26136071.777344, -110.4852
26137597.656250, -107.0449
26139123.535156, -106.9624
26140649.414062, -110.6272
26142175.292969, -121.0421
26143701.171875, -111.4794
26145227.050781, -106.6695
26146752.929688, -105.3803
26148278.808594, -105.7590
26149804.687500, -106.6059
26151330.566406, -106.5558
26152856.445312, -104.2361
26154382.324219, -100.6837
26155908.203125, -97.5970
26157434.082031, -95.6546
26158959.960938, -94.9370
26160485.839844, -95.2062
26162011.718750, -96.1557
26163537.597656, -97.7758
26165063.476562, -100.4109
26166589.355469, -104.1214
26168115.234375, -105.3688
26169641.113281, -101.9988
26171166.992188, -98.9414
26172692.871094, -97.2458
26174218.750000, -96.9645
26175744.628906, -97.9272
26177270.507812, -99.6234
26178796.386719, -101.2600
26180322.265625, -102.3510
26181848.144531, -103.2824
26183374.023438, -104.7496
26184899.902344, -106.5286
26186425.781250, -106.6502
26187951.660156, -104.3278
26189477.539062, -101.6258
26191003.417969, -99.6617
26192529.296875, -98.3228
26194055.175781, -97.4390
26195581.054688, -96.9191
26197106.933594, -96.4475
26198632.812500, -95.8984
26200158.691406, -95.6561
26201684.570312, -96.0991
26203210.449219, -97.0231
26204736.328125, -97.6766
26206262.207031, -97.7447
26207788.085938, -97.9539
26209313.964844, -99.0383
26210839.843750, -100.7503
26212365.722656, -101.8222
26213891.601562, -101.7294
26215417.480469, -101.8996
26216943.359375, -103.6516
26218469.238281, -106.9801
26219995.117188, -109.8305
26221520.996094, -110.3103
26223046.875000, -110.9572
26224572.753906, -114.9199
26226098.632812, -111.1100
26227624.511719, -104.4123
26229150.390625, -100.9206
26230676.269531, -99.0323
26232202.148438, -97.7552
26233728.027344, -96.5884
26235253.906250, -95.6306
26236779.785156, -95.2270
26238305.664062, -95.6724
26239831.542969, -97.0586
26241357.421875, -98.8484
26242883.300781, -100.0525
26244409.179688, -100.9706
26245935.058594, -102.6231
26247460.937500, -105.4624
26248986.816406, -109.1766
26250512.695312, -110.7500
26252038.574219, -108.4876
26253564.453125, -106.3930
26255090.332031, -105.4750
26256616.210938, -105.7640
26258142.089844, -107.8813
26259667.968750, -109.1981
26261193.847656, -104.8170
26262719.726562, -101.5377
26264245.605469, -100.2344
26265771.484375, -100.3426
26267297.363281, -101.5604
26268823.242188, -104.2016
26270349.121094, -109.8212
26271875.000000, -115.6749
26273400.878906, -108.1301
26274926.757812, -104.7823
26276452.636719, -103.0631
26277978.515625, -101.7450
26279504.394531, -100.6756
26281030.273438, -99.5674
26282556.152344, -98.0738
26284082.031250, -96.7572
26285607.910156, -96.3075
26287133.789062, -96.8357
26288659.667969, -98.2250
26290185.546875, -100.7124
26291711.425781, -105.3831
26293237.304688, -111.8697
26294763.183594, -105.8696
26296289.062500, -101.8234
26297814.941406, -100.2222
26299340.820312, -99.8876
26300866.699219, -100.2165
26302392.578125, -100.8837
26303918.457031, -101.3863
26305444.335938, -101.8527
26306970.214844, -103.0677
26308496.093750, -105.0119
26310021.972656, -106.1429
26311547.851562, -105.0118
26313073.730469, -103.6751
26314599.609375, -103.1430
26316125.488281, -102.5338
26317651.367188, -101.0698
26319177.246094, -99.4151
26320703.125000, -98.3575
26322229.003906, -98.1360
26323754.882812, -98.6966
26325280.761719, -99.7601
26326806.640625, -100.8310
26328332.519531, -101.5644
26329858.398438, -102.1781
26331384.277344, -102.8605
26332910.156250, -103.1451
26334436.035156, -102.6861
26335961.914062, -102.2751
26337487.792969, -103.1147
26339013.671875, -106.0042
26340539.550781, -110.9532
26342065.429688, -112.7095
26343591.308594, -109.9200
26345117.187500, -108.4762
26346643.066406, -109.5311
26348168.945312, -116.5640
26349694.824219, -113.9112
26351220.703125, -104.6494
26352746.582031, -100.8380
26354272.460938, -99.0892
26355798.339844, -98.2045
26357324.218750, -97.6550
26358850.097656, -97.5827
26360375.976562, -98.4165
26361901.855469, -100.2831
26363427.734375, -102.4292
26364953.613281, -103.4963
26366479.492188, -103.8890
26368005.371094, -104.4462
26369531.250000, -104.2873
26371057.128906, -102.8971
26372583.007812, -101.5458
26374108.886719, -101.3161
26375634.765625, -102.7661
26377160.644531, -106.1557
26378686.523438, -110.9238
26380212.402344, -113.9107
26381738.281250, -112.7233
26383264.160156, -110.5034
26384790.039062, -108.1131
26386315.917969, -104.8952
26387841.796875, -101.7662
26389367.675781, -99.4238
26390893.554688, -97.9648
26392419.433594, -97.3102
26393945.312500, -97.3684
26395471.191406, -98.1035
26396997.070312, -99.4535
26398522.949219, -101.1330
26400048.828125, -102.5723
26401574.707031, -103.4581
26403100.585938, -104.0273
26404626.464844, -104.2450
26406152.343750, -103.5712
26407678.222656, -102.4872
26409204.101562, -102.4149
26410729.980469, -104.2146
26412255.859375, -107.3455
26413781.738281, -108.4932
26415307.617188, -107.5392
26416833.496094, -106.2625
26418359.375000, -104.7125
26419885.253906, -103.8437
26421411.132812, -105.0934
26422937.011719, -109.7384
26424462.890625, -114.7850
26425988.769531, -110.6703
26427514.648438, -108.5502
26429040.527344, -107.9621
26430566.406250, -107.5852
26432092.285156, -107.8551
26433618.164062, -109.4314
26435144.042969, -110.8068
26436669.921875, -111.6894
26438195.800781, -113.9764
26439721.679688, -116.5370
26441247.558594, -117.4176
26442773.437500, -115.5961
26444299.316406, -110.7104
26445825.195312, -106.6460
26447351.074219, -104.3666
26448876.953125, -103.5918
26450402.832031, -103.5137
26451928.710938, -102.4846
26453454.589844, -100.2901
26454980.468750, -98.4382
26456506.347656, -97.3977
26458032.226562, -96.8646
26459558.105469, -96.4944
26461083.984375, -96.3394
26462609.863281, -96.7555
26464135.742188, -97.8081
26465661.621094, -99.0424
26467187.500000, -100.2277
26468713.378906, -101.6614
26470239.257812, -103.0427
26471765.136719, -102.9585
26473291.015625, -101.4267
26474816.894531, -99.9977
26476342.773438, -99.1863
26477868.652344, -98.8473
26479394.531250, -98.7912
26480920.410156, -98.9802
26482446.289062, -99.4455
26483972.167969, -100.2447
26485498.046875, -101.5785
26487023.925781, -103.6178
26488549.804688, -106.2011
26490075.683594, -109.2489
26491601.562500, -112.8016
26493127.441406, -114.1427
26494653.320312, -108.5493
26496179.199219, -104.4343
26497705.078125, -102.6878
26499230.957031, -101.7499
26500756.835938, -100.3385
26502282.714844, -98.6991
26503808.593750, -97.6880
26505334.472656, -97.3988
26506860.351562, -97.4601
26508386.230469, -97.8831
26509912.109375, -98.7510
26511437.988281, -99.6232
26512963.867188, -99.9859
26514489.746094, -100.3767
26516015.625000, -101.8925
26517541.503906, -104.9709
26519067.382812, -108.2315
26520593.261719, -109.0201
26522119.140625, -108.6722
26523645.019531, -108.8956
26525170.898438, -110.1923
26526696.777344, -110.3699
26528222.656250, -106.8565
26529748.535156, -103.2510
26531274.414062, -100.9142
26532800.292969, -99.3508
26534326.171875, -97.9479
26535852.050781, -96.8265
26537377.929688, -96.5097
26538903.808594, -97.3733
26540429.687500, -99.4772
26541955.566406, -102.3786
26543481.445312, -105.4011
26545007.324219, -108.9454
26546533.203125, -116.8442
26548059.082031, -112.9400
26549584.960938, -106.7942
26551110.839844, -105.3320
26552636.718750, -105.0501
26554162.597656, -103.9977
26555688.476562, -103.0481
26557214.355469, -103.9634
26558740.234375, -108.2664
26560266.113281, -117.9141
26561791.992188, -114.8994
26563317.871094, -110.6083
26564843.750000, -107.3173
26566369.628906, -104.5963
26567895.507812, -103.2624
26569421.386719, -103.2427
26570947.265625, -103.9502
26572473.144531, -104.8713
26573999.023438, -105.9156
26575524.902344, -107.8065
26577050.781250, -111.7604
26578576.660156, -115.4159
26580102.539062, -111.0005
26581628.417969, -107.2175
26583154.296875, -104.7369
26584680.175781, -102.8070
26586206.054688, -101.3497
26587731.933594, -100.8129
26589257.812500, -101.6923
26590783.691406, -104.3298
26592309.570312, -109.0654
26593835.449219, -117.2615
26595361.328125, -115.1293
26596887.207031, -106.7697
26598413.085938, -101.9134
26599938.964844, -98.9943
26601464.843750, -97.3409
26602990.722656, -96.4438
26604516.601562, -95.9899
26606042.480469, -95.9626
26607568.359375, -96.5107
26609094.238281, -97.7414
26610620.117188, -99.5526
26612145.996094, -101.5229
26613671.875000, -103.0538
26615197.753906, -103.6495
26616723.632812, -102.8966
26618249.511719, -101.1709
26619775.390625, -99.5471
26621301.269531, -98.4592
26622827.148438, -97.8710
26624353.027344, -97.9027
26625878.906250, -98.8103
26627404.785156, -100.5891
26628930.664062, -102.6282
26630456.542969, -103.7597
26631982.421875, -103.7686
26633508.300781, -103.6603
26635034.179688, -103.6086
26636560.058594, -102.8990
26638085.937500, -101.5037
26639611.816406, -100.4195
26641137.695312, -100.3312
26642663.574219, -100.9676
26644189.453125, -101.4337
26645715.332031, -101.3046
26647241.210938, -101.3090
26648767.089844, -102.4680
26650292.968750, -105.1069
26651818.847656, -107.8230
26653344.726562, -108.5744
26654870.605469, -108.1723
26656396.484375, -105.7735
26657922.363281, -103.1502
26659448.242188, -101.4521
26660974.121094, -100.5679
26662500.000000, -100.6541
26664025.878906, -101.8367
26665551.757812, -103.6340
26667077.636719, -104.6532
26668603.515625, -104.5147
26670129.394531, -105.0211
26671655.273438, -107.9182
26673181.152344, -116.4166
26674707.031250, -117.8160
26676232.910156, -108.8103
26677758.789062, -105.2130
26679284.667969, -103.4175
26680810.546875, -102.1187
26682336.425781, -100.5537
26683862.304688, -99.0950
26685388.183594, -98.4785
26686914.062500, -98.8866
26688439.941406, -99.6522
26689965.820312, -99.6804
26691491.699219, -99.0543
26693017.578125, -98.4880
26694543.457031, -98.1050
26696069.335938, -97.7611
26697595.214844, -97.4602
26699121.093750, -97.2199
26700646.972656, -97.0010
26702172.851562, -96.9520
26703698.730469, -97.2845
26705224.609375, -98.0982
26706750.488281, -99.5501
26708276.367188, -101.8566
26709802.246094, -104.5194
26711328.125000, -105.8965
26712854.003906, -106.7363
26714379.882812, -109.3257
26715905.761719, -113.6751
26717431.640625, -107.8583
26718957.519531, -103.5688
26720483.398438, -102.3195
26722009.277344, -102.3427
26723535.156250, -101.9523
26725061.035156, -100.7613
26726586.914062, -100.0606
26728112.792969, -100.9410
26729638.671875, -103.4884
26731164.550781, -106.5262
26732690.429688, -108.1142
26734216.308594, -108.5081
26735742.187500, -109.2279
26737268.066406, -111.0594
26738793.945312, -112.1270
26740319.824219, -109.5631
26741845.703125, -106.5985
26743371.582031, -104.7168
26744897.460938, -103.8416
26746423.339844, -103.1200
26747949.218750, -101.6350
26749475.097656, -100.2211
26751000.976562, -99.7962
26752526.855469, -100.3590
26754052.734375, -101.6158
26755578.613281, -102.9350
26757104.492188, -102.8701
26758630.371094, -101.4840
26760156.250000, -99.8289
26761682.128906, -98.0651
26763208.007812, -96.4612
26764733.886719, -95.5593
26766259.765625, -95.7158
26767785.644531, -96.9596
26769311.523438, -99.0625
26770837.402344, -101.7568
26772363.281250, -105.1691
26773889.160156, -109.8060
26775415.039062, -110.8198
26776940.917969, -106.7436
26778466.796875, -104.7827
26779992.675781, -105.0766
26781518.554688, -106.9918
26783044.433594, -107.9941
26784570.312500, -105.9154
26786096.191406, -103.8965
26787622.070312, -102.2353
26789147.949219, -100.2575
26790673.828125, -98.6971
26792199.707031, -98.2613
26793725.585938, -98.9169
26795251.464844, -100.0358
26796777.343750, -100.9316
26798303.222656, -101.2339
26799829.101562, -100.9292
26801354.980469, -100.4913
26802880.859375, -100.0557
26804406.738281, -99.4743
26805932.617188, -98.7436
26807458.496094, -98.2895
26808984.375000, -98.3664
26810510.253906, -98.6222
26812036.132812, -98.9835
26813562.011719, -100.0776
26815087.890625, -102.5407
26816613.769531, -106.7164
26818139.648438, -112.0274
26819665.527344, -114.5440
26821191.406250, -114.1527
26822717.285156, -113.8970
26824243.164062, -108.6362
26825769.042969, -104.2816
26827294.921875, -102.5909
26828820.800781, -102.7843
26830346.679688, -103.7423
26831872.558594, -103.7945
26833398.437500, -102.1903
26834924.316406, -100.4926
26836450.195312, -99.7274
26837976.074219, -99.5483
26839501.953125, -99.2259
26841027.832031, -98.7924
26842553.710938, -98.9026
26844079.589844, -100.1166
26845605.468750, -102.2555
26847131.347656, -103.9555
26848657.226562, -105.0320
26850183.105469, -107.3213
26851708.984375, -112.8317
26853234.863281, -132.5244
26854760.742188, -115.7550
26856286.621094, -111.2760
26857812.500000, -109.4437
26859338.378906, -108.4288
26860864.257812, -107.3794
26862390.136719, -106.1188
26863916.015625, -104.7715
26865441.894531, -103.2970
26866967.773438, -101.7432
26868493.652344, -100.3451
26870019.531250, -99.3785
26871545.410156, -99.0737
26873071.289062, -99.5739
26874597.167969, -100.8794
26876123.046875, -102.8624
26877648.925781, -105.3453
26879174.804688, -107.2290
26880700.683594, -106.4470
26882226.562500, -104.6509
26883752.441406, -103.7882
26885278.320312, -104.2151
26886804.199219, -105.4065
26888330.078125, -105.7282
26889855.957031, -104.0609
26891381.835938, -102.1559
26892907.714844, -101.4807
26894433.593750, -102.0989
26895959.472656, -103.0777
26897485.351562, -102.9704
26899011.230469, -101.6997
26900537.109375, -100.6482
26902062.988281, -100.7724
26903588.867188, -102.0499
26905114.746094, -102.9597
26906640.625000, -102.1897
26908166.503906, -101.2262
26909692.382812, -101.1086
26911218.261719, -101.5924
26912744.140625, -101.8226
26914270.019531, -101.9360
26915795.898438, -102.4554
26917321.777344, -103.3220
26918847.656250, -104.5671
26920373.535156, -105.7851
26921899.414062, -106.0296
26923425.292969, -105.2184
26924951.171875, -104.1601
26926477.050781, -103.5793
26928002.929688, -103.6933
26929528.808594, -104.5831
26931054.687500, -106.1384
26932580.566406, -107.1351
26934106.445312, -107.8661
26935632.324219, -109.7122
26937158.203125, -108.1407
26938684.082031, -103.9302
26940209.960938, -101.5415
26941735.839844, -100.9565
26943261.718750, -101.7684
26944787.597656, -103.4264
26946313.476562, -104.6224
26947839.355469, -104.6449
26949365.234375, -104.3353
26950891.113281, -103.8254
26952416.992188, -103.0140
26953942.871094, -102.6745
26955468.750000, -103.3413
26956994.628906, -104.5380
26958520.507812, -104.6669
26960046.386719, -103.5275
26961572.265625, -103.2386
26963098.144531, -104.5108
26964624.023438, -105.9711
26966149.902344, -106.5701
26967675.781250, -107.3480
26969201.660156, -108.4355
26970727.539062, -110.2249
26972253.417969, -112.0357
26973779.296875, -112.1130
26975305.175781, -109.8852
26976831.054688, -105.4808
26978356.933594, -101.4488
26979882.812500, -98.2512
26981408.691406, -95.9202
26982934.570312, -94.5486
26984460.449219, -93.9736
26985986.328125, -93.8183
26987512.207031, -93.8354
26989038.085938, -94.1180
26990563.964844, -94.9426
26992089.843750, -96.4639
26993615.722656, -98.4252
26995141.601562, -100.2990
26996667.480469, -102.0777
26998193.359375, -104.2620
26999719.238281, -107.7244
27001245.117188, -114.5467
27002770.996094, -122.2680
27004296.875000, -119.3857
27005822.753906, -120.2633
27007348.632812, -121.5740
27008874.511719, -124.2648
27010400.390625, -117.2122
27011926.269531, -113.8360
27013452.148438, -112.0426
27014978.027344, -110.4298
27016503.906250, -109.1055
27018029.785156, -108.0889
27019555.664062, -107.3217
27021081.542969, -106.4898
27022607.421875, -105.7400
27024133.300781, -105.9656
27025659.179688, -108.0478
27027185.058594, -111.5110
27028710.937500, -112.6205
27030236.816406, -110.4494
27031762.695312, -107.9339
27033288.574219, -107.1748
27034814.453125, -108.1118
27036340.332031, -109.4231
27037866.210938, -110.3127
27039392.089844, -112.6485
27040917.968750, -118.8350
27042443.847656, -110.1300
27043969.726562, -104.1406
27045495.605469, -100.9663
27047021.484375, -99.1597
27048547.363281, -98.2726
27050073.242188, -98.3421
27051599.121094, -99.6100
27053125.000000, -102.4013
27054650.878906, -107.2881
27056176.757812, -113.5373
27057702.636719, -109.1203
27059228.515625, -104.7192
27060754.394531, -102.9076
27062280.273438, -103.2800
27063806.152344, -105.7798
27065332.031250, -108.8854
27066857.910156, -108.1587
27068383.789062, -107.6333
27069909.667969, -110.2645
27071435.546875, -114.8804
27072961.425781, -113.8922
27074487.304688, -112.3106
27076013.183594, -111.3655
27077539.062500, -109.7720
27079064.941406, -108.3035
27080590.820312, -107.1394
27082116.699219, -105.4970
27083642.578125, -103.2508
27085168.457031, -101.2362
27086694.335938, -100.1272
27088220.214844, -100.1610
27089746.093750, -101.4460
27091271.972656, -103.9983
27092797.851562, -107.1073
27094323.730469, -108.6126
27095849.609375, -108.5723
27097375.488281, -109.3373
27098901.367188, -112.8196
27100427.246094, -126.5825
27101953.125000, -113.3969
27103479.003906, -108.3664
27105004.882812, -107.6269
27106530.761719, -109.0204
27108056.640625, -109.7189
27109582.519531, -107.5449
27111108.398438, -104.1450
27112634.277344, -101.2417
27114160.156250, -99.5341
27115686.035156, -99.1173
27117211.914062, -99.9412
27118737.792969, -101.9458
27120263.671875, -104.2870
27121789.550781, -104.4118
27123315.429688, -103.1886
27124841.308594, -102.5851
27126367.187500, -102.2052
27127893.066406, -101.6598
27129418.945312, -101.6173
27130944.824219, -102.6746
27132470.703125, -104.2987
27133996.582031, -104.9930
27135522.460938, -106.0274
27137048.339844, -110.9604
27138574.218750, -116.3807
27140100.097656, -106.3680
27141625.976562, -102.7882
27143151.855469, -101.3328
27144677.734375, -100.5430
27146203.613281, -100.1568
27147729.492188, -100.3680
27149255.371094, -100.8159
27150781.250000, -100.7249
27152307.128906, -100.0006
27153833.007812, -99.4490
27155358.886719, -99.8626
27156884.765625, -101.1155
27158410.644531, -101.9358
27159936.523438, -101.9967
27161462.402344, -102.3809
27162988.281250, -103.0544
27164514.160156, -103.0328
27166040.039062, -102.0079
27167565.917969, -100.4290
27169091.796875, -98.6615
27170617.675781, -97.1064
27172143.554688, -96.1751
27173669.433594, -96.1132
27175195.312500, -96.8663
27176721.191406, -97.8235
27178247.070312, -97.9813
27179772.949219, -97.3489
27181298.828125, -96.8777
27182824.707031, -97.1538
27184350.585938, -98.2851
27185876.464844, -100.1681
27187402.343750, -102.8014
27188928.222656, -106.4058
27190454.101562, -110.4175
27191979.980469, -111.8571
27193505.859375, -108.5601
27195031.738281, -104.0073
27196557.617188, -100.9251
27198083.496094, -99.0521
27199609.375000, -97.9326
27201135.253906, -97.7051
27202661.132812, -98.8356
27204187.011719, -101.4717
27205712.890625, -104.3169
27207238.769531, -104.9102
27208764.648438, -104.2210
27210290.527344, -103.7811
27211816.406250, -104.1234
27213342.285156, -105.6899
27214868.164062, -108.0012
27216394.042969, -108.2748
27217919.921875, -107.3664
27219445.800781, -107.2847
27220971.679688, -106.9611
27222497.558594, -105.5680
27224023.437500, -104.2937
27225549.316406, -103.9798
27227075.195312, -104.6860
27228601.074219, -106.4967
27230126.953125, -110.2452
27231652.832031, -114.7823
27233178.710938, -106.2775
27234704.589844, -101.1316
27236230.468750, -98.9654
27237756.347656, -98.8349
27239282.226562, -100.3594
27240808.105469, -103.0707
27242333.984375, -105.6967
27243859.863281, -106.7743
27245385.742188, -105.8146
27246911.621094, -103.6733
27248437.500000, -101.9029
27249963.378906, -101.1923
27251489.257812, -101.9616
27253015.136719, -104.8790
27254541.015625, -111.9638
27256066.894531, -123.1942
27257592.773438, -109.6078
27259118.652344, -105.4849
27260644.531250, -103.3077
27262170.410156, -102.1043
27263696.289062, -101.8214
27265222.167969, -102.6517
27266748.046875, -105.0358
27268273.925781, -109.4781
27269799.804688, -110.1709
27271325.683594, -105.9251
27272851.562500, -102.7526
27274377.441406, -100.5285
27275903.320312, -99.1919
27277429.199219, -98.7171
27278955.078125, -99.2431
27280480.957031, -101.1203
27282006.835938, -105.2237
27283532.714844, -108.2937
27285058.593750, -101.8452
27286584.472656, -97.7733
27288110.351562, -95.7077
27289636.230469, -94.6795
27291162.109375, -94.2583
27292687.988281, -94.2469
27294213.867188, -94.5361
27295739.746094, -95.2308
27297265.625000, -96.6255
27298791.503906, -98.9554
27300317.382812, -101.5150
27301843.261719, -102.2512
27303369.140625, -102.3239
27304895.019531, -103.7264
27306420.898438, -105.7784
27307946.777344, -105.9352
27309472.656250, -103.9901
27310998.535156, -101.7660
27312524.414062, -100.2510
27314050.292969, -99.4221
27315576.171875, -99.0477
27317102.050781, -99.1124
27318627.929688, -99.6575
27320153.808594, -100.0850
27321679.687500, -99.4444
27323205.566406, -98.4368
27324731.445312, -98.1565
27326257.324219, -98.8623
27327783.203125, -100.2066
27329309.082031, -101.2651
27330834.960938, -101.2794
27332360.839844, -100.8865
27333886.718750, -101.2842
27335412.597656, -102.7320
27336938.476562, -103.6488
27338464.355469, -102.9936
27339990.234375, -102.7511
27341516.113281, -104.0774
27343041.992188, -107.0781
27344567.871094, -110.6065
27346093.750000, -109.5913
27347619.628906, -105.3213
27349145.507812, -102.1534
27350671.386719, -100.7817
27352197.265625, -101.3656
27353723.144531, -103.6947
27355249.023438, -105.8642
27356774.902344, -106.3051
27358300.781250, -107.9570
27359826.660156, -111.5282
27361352.539062, -109.3951
27362878.417969, -106.9800
27364404.296875, -107.2071
27365930.175781, -108.5280
27367456.054688, -108.9615
27368981.933594, -107.3218
27370507.812500, -104.0335
27372033.691406, -100.9444
27373559.570312, -99.0962
27375085.449219, -98.1891
27376611.328125, -97.4154
27378137.207031, -96.4667
27379663.085938, -95.8823
27381188.964844, -96.0569
27382714.843750, -96.7264
27384240.722656, -97.4206
27385766.601562, -98.2913
27387292.480469, -100.3367
27388818.359375, -105.9621
27390344.238281, -118.7266
27391870.117188, -102.6954
27393395.996094, -98.7240
27394921.875000, -97.9426
27396447.753906, -99.2900
27397973.632812, -102.3686
27399499.511719, -106.9061
27401025.390625, -113.7035
27402551.269531, -127.4100
27404077.148438, -111.0747
27405603.027344, -107.3946
27407128.906250, -107.4968
27408654.785156, -108.2946
27410180.664062, -108.0674
27411706.542969, -109.1540
27413232.421875, -111.2918
27414758.300781, -110.7513
27416284.179688, -108.3295
27417810.058594, -106.1589
27419335.937500, -104.7788
27420861.816406, -104.4865
27422387.695312, -105.2595
27423913.574219, -106.1309
27425439.453125, -105.3326
27426965.332031, -103.4713
27428491.210938, -102.0080
27430017.089844, -101.2462
27431542.968750, -101.1572
27433068.847656, -101.8531
27434594.726562, -103.3442
27436120.605469, -105.0021
27437646.484375, -105.6076
27439172.363281, -105.0638
27440698.242188, -104.6865
27442224.121094, -105.4020
27443750.000000, -107.0354
27445275.878906, -108.2206
27446801.757812, -108.1152
27448327.636719, -107.8732
27449853.515625, -107.0065
27451379.394531, -104.6638
27452905.273438, -103.4149
27454431.152344, -104.2178
27455957.031250, -106.3288
27457482.910156, -107.8312
27459008.789062, -107.5132
27460534.667969, -107.0508
27462060.546875, -107.8492
27463586.425781, -109.8542
27465112.304688, -111.1867
27466638.183594, -110.2580
27468164.062500, -110.0162
27469689.941406, -110.4380
27471215.820312, -108.4282
27472741.699219, -104.9213
27474267.578125, -102.5402
27475793.457031, -101.7884
27477319.335938, -101.9745
27478845.214844, -101.8270
27480371.093750, -100.7043
27481896.972656, -99.3648
27483422.851562, -98.6787
27484948.730469, -98.7933
27486474.609375, -99.3689
27488000.488281, -100.0388
27489526.367188, -100.8700
27491052.246094, -102.3731
27492578.125000, -105.0532
27494104.003906, -108.8700
27495629.882812, -113.4518
27497155.761719, -117.1024
27498681.640625, -113.0349
27500207.519531, -110.5053
27501733.398438, -109.4143
27503259.277344, -107.7115
27504785.156250, -104.6897
27506311.035156, -101.4897
27507836.914062, -99.0847
27509362.792969, -97.3621
27510888.671875, -96.1362
27512414.550781, -95.4273
27513940.429688, -95.2721
27515466.308594, -95.6814
27516992.187500, -96.7280
27518518.066406, -98.6561
27520043.945312, -102.1401
27521569.824219, -109.4548
27523095.703125, -117.3190
27524621.582031, -106.9134
27526147.460938, -103.4938
27527673.339844, -101.8045
27529199.218750, -100.9073
27530725.097656, -100.9901
27532250.976562, -102.5768
27533776.855469, -106.4268
27535302.734375, -114.8495
27536828.613281, -117.7628
27538354.492188, -111.0177
27539880.371094, -107.6505
27541406.250000, -105.1239
27542932.128906, -103.6363
27544458.007812, -102.8249
27545983.886719, -101.6332
27547509.765625, -99.9692
27549035.644531, -98.9344
27550561.523438, -98.7243
27552087.402344, -98.6883
27553613.281250, -98.5857
27555139.160156, -99.2311
27556665.039062, -101.8498
27558190.917969, -108.2601
27559716.796875, -112.3227
27561242.675781, -104.5882
27562768.554688, -100.5787
27564294.433594, -97.9861
27565820.312500, -96.0918
27567346.191406, -94.7044
27568872.070312, -93.8564
27570397.949219, -93.6878
27571923.828125, -94.3089
27573449.707031, -95.7296
27574975.585938, -97.9262
27576501.464844, -101.1417
27578027.343750, -106.6954
27579553.222656, -122.8078
27581079.101562, -111.0539
27582604.980469, -106.8935
27584130.859375, -105.9711
27585656.738281, -105.8838
27587182.617188, -105.4578
27588708.496094, -105.1543
27590234.375000, -106.1978
27591760.253906, -107.8487
27593286.132812, -107.2086
27594812.011719, -105.4914
27596337.890625, -104.0598
27597863.769531, -102.8178
27599389.648438, -102.1435
27600915.527344, -102.8002
27602441.406250, -105.7856
27603967.285156, -113.7159
27605493.164062, -116.3684
27607019.042969, -110.3514
27608544.921875, -109.2579
27610070.800781, -108.1382
27611596.679688, -105.4277
27613122.558594, -102.8712
27614648.437500, -101.4255
27616174.316406, -100.3782
27617700.195312, -98.9765
27619226.074219, -97.6094
27620751.953125, -96.5725
27622277.832031, -95.5677
27623803.710938, -94.3710
27625329.589844, -93.4930
27626855.468750, -93.5174
27628381.347656, -94.4598
27629907.226562, -95.8089
27631433.105469, -96.9240
27632958.984375, -97.6202
27634484.863281, -98.2136
27636010.742188, -98.8818
27637536.621094, -99.4078
27639062.500000, -99.5543
27640588.378906, -99.3219
27642114.257812, -98.9796
27643640.136719, -98.9816
27645166.015625, -99.6123
27646691.894531, -100.6634
27648217.773438, -101.4834
27649743.652344, -101.6724
27651269.531250, -101.7243
27652795.410156, -102.3485
27654321.289062, -103.6729
27655847.167969, -105.2097
27657373.046875, -106.5070
27658898.925781, -108.2057
27660424.804688, -111.3661
27661950.683594, -113.3095
27663476.562500, -111.0016
27665002.441406, -108.2429
27666528.320312, -106.6428
27668054.199219, -107.0128
27669580.078125, -108.0471
27671105.957031, -106.9706
27672631.835938, -105.3994
27674157.714844, -104.4151
27675683.593750, -103.5843
27677209.472656, -103.2188
27678735.351562, -103.9534
27680261.230469, -105.2950
27681787.109375, -104.8381
27683312.988281, -102.6794
27684838.867188, -101.1627
27686364.746094, -100.9413
27687890.625000, -101.6506
27689416.503906, -102.4716
27690942.382812, -102.9927
27692468.261719, -103.8180
27693994.140625, -105.9518
27695520.019531, -110.1044
27697045.898438, -115.9114
27698571.777344, -118.5507
27700097.656250, -114.6669
27701623.535156, -110.0025
27703149.414062, -106.5557
27704675.292969, -104.0415
27706201.171875, -102.0457
27707727.050781, -100.3798
27709252.929688, -99.0124
27710778.808594, -97.9733
27712304.687500, -97.3430
27713830.566406, -97.3162
27715356.445312, -98.0958
27716882.324219, -99.7210
27718408.203125, -102.2443
27719934.082031, -106.4431
27721459.960938, -117.7094
27722985.839844, -111.4367
27724511.718750, -103.5501
27726037.597656, -100.0339
27727563.476562, -98.4914
27729089.355469, -98.4525
27730615.234375, -99.7234
27732141.113281, -102.0485
27733666.992188, -104.9701
27735192.871094, -108.2100
27736718.750000, -113.0371
27738244.628906, -128.0520
27739770.507812, -113.5712
27741296.386719, -107.5966
27742822.265625, -105.3073
27744348.144531, -104.3864
27745874.023438, -103.1648
27747399.902344, -101.1028
27748925.781250, -99.1114
27750451.660156, -98.0816
27751977.539062, -98.3116
27753503.417969, -99.7690
27755029.296875, -102.4272
27756555.175781, -106.5562
27758081.054688, -110.5221
27759606.933594, -106.4525
27761132.812500, -102.4464
27762658.691406, -100.3872
27764184.570312, -99.5233
27765710.449219, -99.3852
27767236.328125, -99.6169
27768762.207031, -100.2755
27770288.085938, -102.1867
27771813.964844, -106.0628
27773339.843750, -110.3844
27774865.722656, -110.5799
27776391.601562, -108.4814
27777917.480469, -104.9240
27779443.359375, -100.8679
27780969.238281, -98.0120
27782495.117188, -96.7096
27784020.996094, -96.6325
27785546.875000, -97.2647
27787072.753906, -98.2019
27788598.632812, -99.4542
27790124.511719, -101.3030
27791650.390625, -104.0773
27793176.269531, -108.5839
27794702.148438, -116.8269
27796228.027344, -112.0840
27797753.906250, -106.0543
27799279.785156, -103.2708
27800805.664062, -102.2096
27802331.542969, -102.0306
27803857.421875, -102.1811
27805383.300781, -102.2889
27806909.179688, -102.0986
27808435.058594, -101.4874
27809960.937500, -100.5923
27811486.816406, -99.7706
27813012.695312, -99.4000
27814538.574219, -99.6573
27816064.453125, -100.2986
27817590.332031, -100.8502
27819116.210938, -101.2306
27820642.089844, -101.9633
27822167.968750, -103.6224
27823693.847656, -106.3060
27825219.726562, -109.3824
27826745.605469, -111.7275
27828271.484375, -112.7900
27829797.363281, -112.7163
27831323.242188, -112.0090
27832849.121094, -111.5497
27834375.000000, -112.2041
27835900.878906, -114.8516
27837426.757812, -120.1313
27838952.636719, -117.8128
27840478.515625, -109.5052
27842004.394531, -104.5977
27843530.273438, -102.7061
27845056.152344, -103.2145
27846582.031250, -105.3713
27848107.910156, -107.9900
27849633.789062, -110.0551
27851159.667969, -112.3193
27852685.546875, -115.1881
27854211.425781, -115.3566
27855737.304688, -112.9842
27857263.183594, -109.2197
27858789.062500, -104.9278
27860314.941406, -101.8557
27861840.820312, -100.2209
27863366.699219, -99.6745
27864892.578125, -99.9251
27866418.457031, -100.6406
27867944.335938, -101.3835
27869470.214844, -102.1145
27870996.093750, -102.7371
27872521.972656, -101.5635
27874047.851562, -98.1923
27875573.730469, -95.3538
27877099.609375, -93.8899
27878625.488281, -93.3736
27880151.367188, -93.2657
27881677.246094, -93.4421
27883203.125000, -94.1321
27884729.003906, -95.5368
27886254.882812, -97.3819
27887780.761719, -98.9982
27889306.640625, -100.2461
27890832.519531, -101.4991
27892358.398438, -102.9873
27893884.277344, -104.4689
27895410.156250, -105.7771
27896936.035156, -106.9786
27898461.914062, -108.4358
27899987.792969, -112.2505
27901513.671875, -119.9215
27903039.550781, -116.0880
27904565.429688, -112.8543
27906091.308594, -110.1362
27907617.187500, -108.4560
27909143.066406, -107.2853
27910668.945312, -105.3624
27912194.824219, -103.2544
27913720.703125, -101.5309
27915246.582031, -100.5833
27916772.460938, -100.5623
27918298.339844, -101.1721
27919824.218750, -101.8054
27921350.097656, -101.9510
27922875.976562, -101.6505
27924401.855469, -101.4232
27925927.734375, -101.9295
27927453.613281, -103.7421
27928979.492188, -107.3095
27930505.371094, -110.9645
27932031.250000, -109.0986
27933557.128906, -105.9690
27935083.007812, -103.0691
27936608.886719, -100.5121
27938134.765625, -99.0913
27939660.644531, -99.3310
27941186.523438, -101.1424
27942712.402344, -103.2434
27944238.281250, -103.0455
27945764.160156, -100.6038
27947290.039062, -98.2838
27948815.917969, -97.1102
27950341.796875, -96.9580
27951867.675781, -97.1062
27953393.554688, -96.7299
27954919.433594, -95.7775
27956445.312500, -94.9538
27957971.191406, -94.7955
27959497.070312, -95.3117
27961022.949219, -96.1797
27962548.828125, -97.1307
27964074.707031, -98.1977
27965600.585938, -99.4177
27967126.464844, -100.2080
27968652.343750, -100.4273
27970178.222656, -101.0119
27971704.101562, -102.0058
27973229.980469, -102.5786
27974755.859375, -102.6354
27976281.738281, -102.9297
27977807.617188, -104.0329
27979333.496094, -105.6315
27980859.375000, -106.2865
27982385.253906, -105.5595
27983911.132812, -104.6330
27985437.011719, -105.0666
27986962.890625, -109.1358
27988488.769531, -117.0355
27990014.648438, -105.2485
27991540.527344, -101.0971
27993066.406250, -100.1726
27994592.285156, -101.1110
27996118.164062, -102.8233
27997644.042969, -104.5648
27999169.921875, -107.1430
28000695.800781, -112.9609
28002221.679688, -113.9191
28003747.558594, -111.0933
28005273.437500, -117.4504
28006799.316406, -115.5929
28008325.195312, -107.1970
28009851.074219, -105.0380
28011376.953125, -105.5085
28012902.832031, -108.1325
28014428.710938, -114.7306
28015954.589844, -116.3573
28017480.468750, -106.8637
28019006.347656, -102.4613
28020532.226562, -100.1029
28022058.105469, -98.8818
28023583.984375, -98.4225
28025109.863281, -98.6706
28026635.742188, -99.7866
28028161.621094, -101.6884
28029687.500000, -102.9648
28031213.378906, -102.2534
28032739.257812, -101.3448
28034265.136719, -101.2774
28035791.015625, -101.8255
28037316.894531, -102.8636
28038842.773438, -104.7036
28040368.652344, -106.0346
28041894.531250, -103.4127
28043420.410156, -100.5041
28044946.289062, -99.1983
28046472.167969, -99.1704
28047998.046875, -99.8632
28049523.925781, -100.7918
28051049.804688, -101.4259
28052575.683594, -101.2596
28054101.562500, -100.8013
28055627.441406, -100.8868
28057153.320312, -101.5058
28058679.199219, -102.1116
28060205.078125, -102.4111
28061730.957031, -102.5969
28063256.835938, -102.6321
28064782.714844, -101.8256
28066308.593750, -99.9120
28067834.472656, -97.7631
28069360.351562, -96.1871
28070886.230469, -95.1021
28072412.109375, -94.0689
28073937.988281, -93.1712
28075463.867188, -92.8549
28076989.746094, -93.3377
28078515.625000, -94.4268
28080041.503906, -95.6023
28081567.382812, -96.5720
28083093.261719, -97.6721
28084619.140625, -99.3662
28086145.019531, -101.7225
28087670.898438, -104.0575
28089196.777344, -105.6741
28090722.656250, -106.9964
28092248.535156, -107.0606
28093774.414062, -105.9947
28095300.292969, -106.3438
28096826.171875, -108.9455
28098352.050781, -113.1202
28099877.929688, -115.3925
28101403.808594, -115.4790
28102929.687500, -116.1194
28104455.566406, -114.3714
28105981.445312, -111.8846
28107507.324219, -108.3143
28109033.203125, -104.3809
28110559.082031, -102.3952
28112084.960938, -102.8411
28113610.839844, -106.2007
28115136.718750, -116.0122
28116662.597656, -112.6280
28118188.476562, -104.5208
28119714.355469, -100.5542
28121240.234375, -98.4915
28122766.113281, -98.0205
28124291.992188, -98.9441
28125817.871094, -100.5462
28127343.750000, -101.3429
28128869.628906, -100.8198
28130395.507812, -99.9068
28131921.386719, -99.3364
28133447.265625, -99.4847
28134973.144531, -100.3564
28136499.023438, -101.6171
28138024.902344, -102.9541
28139550.781250, -104.3857
28141076.660156, -106.7133
28142602.539062, -111.7592
28144128.417969, -122.5702
28145654.296875, -112.4874
28147180.175781, -108.2871
28148706.054688, -108.3675
28150231.933594, -113.2940
28151757.812500, -116.9422
28153283.691406, -108.8964
28154809.570312, -105.1227
28156335.449219, -102.7122
28157861.328125, -100.8712
28159387.207031, -99.5471
28160913.085938, -98.7150
28162438.964844, -98.2725
28163964.843750, -98.1410
28165490.722656, -98.3010
28167016.601562, -98.6005
28168542.480469, -98.6429
28170068.359375, -98.1979
28171594.238281, -97.5903
28173120.117188, -97.3802
28174645.996094, -97.8379
28176171.875000, -98.6181
28177697.753906, -98.8341
28179223.632812, -98.3079
28180749.511719, -97.8814
28182275.390625, -97.9526
28183801.269531, -98.1939
28185327.148438, -98.0946
28186853.027344, -97.4761
28188378.906250, -96.5576
28189904.785156, -95.7758
28191430.664062, -95.5513
28192956.542969, -96.1100
28194482.421875, -97.4799
28196008.300781, -99.6306
28197534.179688, -102.6746
28199060.058594, -107.0200
28200585.937500, -113.2722
28202111.816406, -114.5532
28203637.695312, -109.7675
28205163.574219, -107.3436
28206689.453125, -106.3684
28208215.332031, -105.6574
28209741.210938, -104.4743
28211267.089844, -102.8869
28212792.968750, -101.6919
28214318.847656, -101.5775
28215844.726562, -102.8340
28217370.605469, -105.4747
28218896.484375, -108.8160
28220422.363281, -109.7041
28221948.242188, -107.6070
28223474.121094, -105.8226
28225000.000000, -104.5762
28226525.878906, -103.2538
28228051.757812, -102.0786
28229577.636719, -101.3156
28231103.515625, -100.7812
28232629.394531, -100.4717
28234155.273438, -100.7424
28235681.152344, -102.0210
28237207.031250, -104.9365
28238732.910156, -111.4872
28240258.789062, -116.9929
28241784.667969, -107.5834
28243310.546875, -104.4429
28244836.425781, -104.0215
28246362.304688, -104.9928
28247888.183594, -105.7119
28249414.062500, -105.8821
28250939.941406, -106.4255
28252465.820312, -107.2815
28253991.699219, -108.1961
28255517.578125, -109.1498
28257043.457031, -109.8840
28258569.335938, -109.0403
28260095.214844, -108.2035
28261621.093750, -109.8859
28263146.972656, -116.3455
28264672.851562, -123.8426
28266198.730469, -111.4979
28267724.609375, -107.7151
28269250.488281, -106.5588
28270776.367188, -106.0006
28272302.246094, -104.8713
28273828.125000, -103.4547
28275354.003906, -102.0209
28276879.882812, -100.9684
28278405.761719, -100.9001
28279931.640625, -102.2928
28281457.519531, -105.2683
28282983.398438, -108.3838
28284509.277344, -108.8925
28286035.156250, -109.6365
28287561.035156, -113.5224
28289086.914062, -115.5388
28290612.792969, -110.3625
28292138.671875, -106.5431
28293664.550781, -104.2874
28295190.429688, -103.4502
28296716.308594, -103.5661
28298242.187500, -104.5568
28299768.066406, -106.8784
28301293.945312, -111.0578
28302819.824219, -114.1560
28304345.703125, -109.8575
28305871.582031, -105.6895
28307397.460938, -102.9001
28308923.339844, -101.4166
28310449.218750, -101.1841
28311975.097656, -102.1681
28313500.976562, -104.1366
28315026.855469, -105.7380
28316552.734375, -105.3642
28318078.613281, -104.5878
28319604.492188, -105.3826
28321130.371094, -108.7029
28322656.250000, -115.8778
28324182.128906, -123.4355
28325708.007812, -111.3294
28327233.886719, -106.3609
28328759.765625, -104.1848
28330285.644531, -103.7599
28331811.523438, -104.2930
28333337.402344, -105.0222
28334863.281250, -105.8857
28336389.160156, -106.9315
28337915.039062, -108.1727
28339440.917969, -110.6321
28340966.796875, -116.0229
28342492.675781, -126.6765
28344018.554688, -114.0452
28345544.433594, -108.7197
28347070.312500, -106.1671
28348596.191406, -104.7714
28350122.070312, -103.3744
28351647.949219, -101.8291
28353173.828125, -100.6502
28354699.707031, -100.4334
28356225.585938, -101.3051
28357751.464844, -102.5828
28359277.343750, -103.2641
28360803.222656, -102.8612
28362329.101562, -102.3931
28363854.980469, -102.8720
28365380.859375, -103.3388
28366906.738281, -102.5594
28368432.617188, -101.4148
28369958.496094, -100.3289
28371484.375000, -99.2843
28373010.253906, -98.6966
28374536.132812, -99.1210
28376062.011719, -100.7671
28377587.890625, -103.1429
28379113.769531, -105.2525
28380639.648438, -106.9982
28382165.527344, -109.0144
28383691.406250, -111.1751
28385217.285156, -111.4377
28386743.164062, -108.9157
28388269.042969, -106.0234
28389794.921875, -103.7218
28391320.800781, -102.0090
28392846.679688, -100.6910
28394372.558594, -99.3533
28395898.437500, -97.7655
28397424.316406, -96.2496
28398950.195312, -95.1391
28400476.074219, -94.6588
28402001.953125, -95.0073
28403527.832031, -96.2412
28405053.710938, -98.3132
28406579.589844, -100.9842
28408105.468750, -103.4181
28409631.347656, -105.1616
28411157.226562, -106.8564
28412683.105469, -107.6135
28414208.984375, -105.8400
28415734.863281, -102.9243
28417260.742188, -100.5322
28418786.621094, -99.3250
28420312.500000, -99.1844
28421838.378906, -99.4007
28423364.257812, -99.2282
28424890.136719, -98.7319
28426416.015625, -98.5185
28427941.894531, -98.6909
28429467.773438, -98.7080
28430993.652344, -98.3790
28432519.531250, -98.0204
28434045.410156, -97.8428
28435571.289062, -97.9142
28437097.167969, -98.4169
28438623.046875, -99.6864
28440148.925781, -102.0246
28441674.804688, -105.9729
28443200.683594, -110.6294
28444726.562500, -107.0946
28446252.441406, -104.1859
28447778.320312, -104.3139
28449304.199219, -106.7989
28450830.078125, -110.4677
28452355.957031, -111.0967
28453881.835938, -106.7475
28455407.714844, -102.5215
28456933.593750, -100.0593
28458459.472656, -99.5263
28459985.351562, -100.7053
28461511.230469, -102.9584
28463037.109375, -105.0779
28464562.988281, -105.8457
28466088.867188, -105.2526
28467614.746094, -104.6131
28469140.625000, -105.2986
28470666.503906, -108.0950
28472192.382812, -113.2228
28473718.261719, -119.0256
28475244.140625, -116.8678
28476770.019531, -111.9769
28478295.898438, -108.0947
28479821.777344, -105.0614
28481347.656250, -102.6761
28482873.535156, -100.8570
28484399.414062, -99.7147
28485925.292969, -99.3092
28487451.171875, -99.4381
28488977.050781, -99.5877
28490502.929688, -99.2636
28492028.808594, -98.5172
28493554.687500, -97.8613
28495080.566406, -97.6741
28496606.445312, -97.8726
28498132.324219, -98.0018
28499658.203125, -97.8238
28501184.082031, -97.8094
28502709.960938, -98.6005
28504235.839844, -100.4837
28505761.718750, -103.2119
28507287.597656, -105.1451
28508813.476562, -104.5367
28510339.355469, -103.1295
28511865.234375, -102.1236
28513391.113281, -101.7945
28514916.992188, -102.3277
28516442.871094, -102.8257
28517968.750000, -101.3648
28519494.628906, -99.5502
28521020.507812, -98.8974
28522546.386719, -98.9580
28524072.265625, -99.0718
28525598.144531, -99.2374
28527124.023438, -99.5124
28528649.902344, -99.8946
28530175.781250, -100.7351
28531701.660156, -102.5289
28533227.539062, -105.2202
28534753.417969, -107.8028
28536279.296875, -108.2254
28537805.175781, -106.9606
28539331.054688, -106.0822
28540856.933594, -105.8509
28542382.812500, -106.2145
28543908.691406, -106.6766
28545434.570312, -105.4207
28546960.449219, -102.9881
28548486.328125, -100.9650
28550012.207031, -99.4424
28551538.085938, -98.3474
28553063.964844, -97.8737
28554589.843750, -98.1346
28556115.722656, -99.0738
28557641.601562, -100.8305
28559167.480469, -103.5050
28560693.359375, -105.4155
28562219.238281, -105.0814
28563745.117188, -104.9673
28565270.996094, -105.9426
28566796.875000, -106.2698
28568322.753906, -104.6349
28569848.632812, -103.2510
28571374.511719, -103.2781
28572900.390625, -104.9119
28574426.269531, -107.0282
28575952.148438, -105.8959
28577478.027344, -103.6944
28579003.906250, -102.7992
28580529.785156, -102.9745
28582055.664062, -103.8634
28583581.542969, -105.6694
28585107.421875, -108.1558
28586633.300781, -108.4338
28588159.179688, -107.3205
28589685.058594, -107.0339
28591210.937500, -106.4305
28592736.816406, -105.2131
28594262.695312, -104.5484
28595788.574219, -105.5147
28597314.453125, -109.6326
28598840.332031, -118.7061
28600366.210938, -108.3883
28601892.089844, -103.0352
28603417.968750, -100.1884
28604943.847656, -98.7737
28606469.726562, -98.4817
28607995.605469, -99.1394
28609521.484375, -100.6816
28611047.363281, -102.9444
28612573.242188, -105.2447
28614099.121094, -106.8965
28615625.000000, -108.7688
28617150.878906, -112.5184
28618676.757812, -120.8012
28620202.636719, -113.5699
28621728.515625, -106.6759
28623254.394531, -103.1309
28624780.273438, -101.1246
28626306.152344, -100.0522
28627832.031250, -99.4558
28629357.910156, -98.7480
28630883.789062, -97.8281
28632409.667969, -97.2631
28633935.546875, -97.5185
28635461.425781, -98.4696
28636987.304688, -99.5848
28638513.183594, -100.6173
28640039.062500, -101.7038
28641564.941406, -102.4038
28643090.820312, -101.9247
28644616.699219, -101.0141
28646142.578125, -100.8224
28647668.457031, -101.7882
28649194.335938, -104.0684
28650720.214844, -107.9660
28652246.093750, -112.3326
28653771.972656, -108.4985
28655297.851562, -104.4709
28656823.730469, -102.4011
28658349.609375, -101.2545
28659875.488281, -100.4072
28661401.367188, -99.8602
28662927.246094, -99.8517
28664453.125000, -100.2980
28665979.003906, -101.0575
28667504.882812, -102.3662
28669030.761719, -104.6796
28670556.640625, -108.0673
28672082.519531, -110.4091
28673608.398438, -110.1676
28675134.277344, -108.9249
28676660.156250, -105.9862
28678186.035156, -103.1083
28679711.914062, -102.0193
28681237.792969, -103.0728
28682763.671875, -106.2539
28684289.550781, -111.7267
28685815.429688, -119.3013
28687341.308594, -115.5792
28688867.187500, -110.6337
28690393.066406, -109.2064
28691918.945312, -112.6253
28693444.824219, -117.0251
28694970.703125, -108.6493
28696496.582031, -105.6457
28698022.460938, -105.1027
28699548.339844, -106.1171
28701074.218750, -110.0509
28702600.097656, -123.8267
28704125.976562, -107.0189
28705651.855469, -101.9457
28707177.734375, -100.0513
28708703.613281, -99.4845
28710229.492188, -99.2906
28711755.371094, -99.2352
28713281.250000, -99.5289
28714807.128906, -100.2486
28716333.007812, -100.9702
28717858.886719, -100.9520
28719384.765625, -100.0769
28720910.644531, -98.7643
28722436.523438, -97.5110
28723962.402344, -96.7634
28725488.281250, -96.6271
28727014.160156, -96.9437
28728540.039062, -97.6856
28730065.917969, -99.0325
28731591.796875, -101.2545
28733117.675781, -104.7821
28734643.554688, -110.0202
28736169.433594, -115.9241
28737695.312500, -116.7620
28739221.191406, -113.8594
28740747.070312, -111.0671
28742272.949219, -108.2060
28743798.828125, -105.1879
28745324.707031, -102.5986
28746850.585938, -100.9125
28748376.464844, -100.3534
28749902.343750, -101.0560
28751428.222656, -103.3729
28752954.101562, -108.8966
28754479.980469, -114.0413
28756005.859375, -103.8599
28757531.738281, -99.3240
28759057.617188, -97.2691
28760583.496094, -96.6706
28762109.375000, -97.0084
28763635.253906, -97.9781
28765161.132812, -99.3681
28766687.011719, -100.8998
28768212.890625, -102.3237
28769738.769531, -103.5892
28771264.648438, -104.6791
28772790.527344, -105.4189
28774316.406250, -105.1029
28775842.285156, -103.3312
28777368.164062, -101.1242
28778894.042969, -99.3165
28780419.921875, -98.1820
28781945.800781, -97.7735
28783471.679688, -97.9608
28784997.558594, -98.3961
28786523.437500, -98.8006
28788049.316406, -99.4097
28789575.195312, -100.6098
28791101.074219, -101.6677
28792626.953125, -101.3164
28794152.832031, -100.8783
28795678.710938, -101.6034
28797204.589844, -103.4920
28798730.468750, -106.1780
28800256.347656, -109.2888
28801782.226562, -110.9675
28803308.105469, -109.2507
28804833.984375, -108.0809
28806359.863281, -109.0590
28807885.742188, -111.0843
28809411.621094, -112.9314
28810937.500000, -118.1166
28812463.378906, -123.6632
28813989.257812, -111.3776
28815515.136719, -105.7887
28817041.015625, -102.0735
28818566.894531, -99.6601
28820092.773438, -98.5154
28821618.652344, -98.5700
28823144.531250, -99.6853
28824670.410156, -101.6685
28826196.289062, -103.5497
28827722.167969, -103.0689
28829248.046875, -100.8088
28830773.925781, -98.4263
28832299.804688, -96.3038
28833825.683594, -94.6895
28835351.562500, -93.8329
28836877.441406, -93.7987
28838403.320312, -94.4464
28839929.199219, -95.5361
28841455.078125, -96.8762
28842980.957031, -98.4285
28844506.835938, -100.1457
28846032.714844, -101.3384
28847558.593750, -100.9741
28849084.472656, -99.7398
28850610.351562, -98.7365
28852136.230469, -98.1940
28853662.109375, -97.7989
28855187.988281, -97.2375
28856713.867188, -96.8260
28858239.746094, -97.2843
28859765.625000, -99.2537
28861291.503906, -103.3129
28862817.382812, -109.8198
28864343.261719, -111.3762
28865869.140625, -106.3713
28867395.019531, -102.2215
28868920.898438, -99.5024
28870446.777344, -97.9225
28871972.656250, -97.1358
28873498.535156, -97.1639
28875024.414062, -97.9667
28876550.292969, -99.3259
28878076.171875, -101.0930
28879602.050781, -103.0692
28881127.929688, -105.7196
28882653.808594, -110.5252
28884179.687500, -110.6595
28885705.566406, -105.3648
28887231.445312, -102.5564
28888757.324219, -101.3219
28890283.203125, -100.8675
28891809.082031, -100.8468
28893334.960938, -101.6736
28894860.839844, -104.5778
28896386.718750, -113.0095
28897912.597656, -116.5852
28899438.476562, -107.9915
28900964.355469, -105.8416
28902490.234375, -104.8819
28904016.113281, -103.7743
28905541.992188, -103.0555
28907067.871094, -103.3981
28908593.750000, -104.5053
28910119.628906, -105.1578
28911645.507812, -105.0432
28913171.386719, -104.8322
28914697.265625, -104.4601
28916223.144531, -103.8146
28917749.023438, -103.3911
28919274.902344, -103.9865
28920800.781250, -106.1155
28922326.660156, -109.5708
28923852.539062, -111.9906
28925378.417969, -109.4882
28926904.296875, -105.1681
28928430.175781, -101.8187
28929956.054688, -100.2291
28931481.933594, -100.6244
28933007.812500, -102.8462
28934533.691406, -106.0351
28936059.570312, -109.1810
28937585.449219, -112.9719
28939111.328125, -120.4781
28940637.207031, -125.0149
28942163.085938, -116.6684
28943688.964844, -115.5553
28945214.843750, -110.5220
28946740.722656, -105.5593
28948266.601562, -103.4772
28949792.480469, -103.7425
28951318.359375, -105.4807
28952844.238281, -107.3348
28954370.117188, -108.3379
28955895.996094, -108.5581
28957421.875000, -108.6220
28958947.753906, -109.7460
28960473.632812, -114.2737
28961999.511719, -133.5243
28963525.390625, -116.0104
28965051.269531, -111.4341
28966577.148438, -108.2510
28968103.027344, -105.5668
28969628.906250, -104.0494
28971154.785156, -103.6436
28972680.664062, -103.5903
28974206.542969, -103.2350
28975732.421875, -102.9143
28977258.300781, -103.4039
28978784.179688, -105.2656
28980310.058594, -108.6879
28981835.937500, -113.0374
28983361.816406, -115.1768
28984887.695312, -113.5792
28986413.574219, -111.5694
28987939.453125, -110.1225
28989465.332031, -109.2265
28990991.210938, -108.6010
28992517.089844, -107.3606
28994042.968750, -105.3548
28995568.847656, -103.3737
28997094.726562, -101.4269
28998620.605469, -99.4467
29000146.484375, -97.7289
29001672.363281, -96.2501
29003198.242188, -94.8217
29004724.121094, -93.6310
29006250.000000, -93.0251
29007775.878906, -93.0351
29009301.757812, -93.3229
29010827.636719, -93.5119
29012353.515625, -93.5849
29013879.394531, -93.8196
29015405.273438, -94.4454
29016931.152344, -95.4720
29018457.031250, -96.7319
29019982.910156, -98.0822
29021508.789062, -99.5851
29023034.667969, -101.3513
29024560.546875, -103.2393
29026086.425781, -104.7371
29027612.304688, -104.6109
29029138.183594, -102.7895
29030664.062500, -101.2935
29032189.941406, -101.0663
29033715.820312, -101.9403
29035241.699219, -103.2051
29036767.578125, -104.7451
29038293.457031, -107.5594
29039819.335938, -112.1330
29041345.214844, -116.9957
29042871.093750, -115.8109
29044396.972656, -112.3599
29045922.851562, -111.3546
29047448.730469, -112.3564
29048974.609375, -114.4902
29050500.488281, -115.7323
29052026.367188, -113.7169
29053552.246094, -109.1054
29055078.125000, -104.9422
29056604.003906, -102.3980
29058129.882812, -101.4048
29059655.761719, -101.3716
29061181.640625, -101.2273
29062707.519531, -100.2797
29064233.398438, -99.1072
29065759.277344, -98.5140
29067285.156250, -98.6189
29068811.035156, -99.1071
29070336.914062, -99.7600
29071862.792969, -100.5721
29073388.671875, -101.5284
29074914.550781, -102.3253
29076440.429688, -102.5830
29077966.308594, -102.5012
29079492.187500, -102.3994
29081018.066406, -102.1123
29082543.945312, -101.5949
29084069.824219, -100.9733
29085595.703125, -100.3912
29087121.582031, -100.5090
29088647.460938, -101.9273
29090173.339844, -104.5483
29091699.218750, -106.7831
29093225.097656, -106.3275
29094750.976562, -106.2749
29096276.855469, -110.1831
29097802.734375, -118.6718
29099328.613281, -109.6872
29100854.492188, -105.9042
29102380.371094, -103.0890
29103906.250000, -100.1542
29105432.128906, -97.8656
29106958.007812, -96.4543
29108483.886719, -95.8277
29110009.765625, -95.9252
29111535.644531, -96.6628
29113061.523438, -97.7257
29114587.402344, -98.5337
29116113.281250, -98.7257
29117639.160156, -98.6000
29119165.039062, -98.5556
29120690.917969, -98.4209
29122216.796875, -97.7956
29123742.675781, -96.8331
29125268.554688, -96.0743
29126794.433594, -95.9002
29128320.312500, -96.3751
29129846.191406, -97.4293
29131372.070312, -99.0715
29132897.949219, -101.0846
29134423.828125, -102.4935
29135949.707031, -102.7853
29137475.585938, -103.5114
29139001.464844, -106.8153
29140527.343750, -116.6648
29142053.222656, -121.0463
29143579.101562, -116.8190
29145104.980469, -120.1568
29146630.859375, -125.6973
29148156.738281, -132.3688
29149682.617188, -120.8291
29151208.496094, -116.1571
29152734.375000, -112.5127
29154260.253906, -110.3229
29155786.132812, -109.1157
29157312.011719, -107.7949
29158837.890625, -106.4019
29160363.769531, -105.2061
29161889.648438, -104.2854
29163415.527344, -104.1954
29164941.406250, -105.8982
29166467.285156, -110.4976
29167993.164062, -116.0088
29169519.042969, -113.4720
29171044.921875, -112.0430
29172570.800781, -111.0708
29174096.679688, -108.1993
29175622.558594, -105.6415
29177148.437500, -104.5233
29178674.316406, -104.0149
29180200.195312, -103.3122
29181726.074219, -102.4031
29183251.953125, -101.4005
29184777.832031, -100.4240
29186303.710938, -99.7030
29187829.589844, -99.5860
29189355.468750, -100.1342
29190881.347656, -101.0494
29192407.226562, -102.3935
29193933.105469, -104.3720
29195458.984375, -106.3725
29196984.863281, -106.7983
29198510.742188, -104.2985
29200036.621094, -100.9571
29201562.500000, -98.6495
29203088.378906, -97.6878
29204614.257812, -97.9846
29206140.136719, -99.5499
29207666.015625, -102.7675
29209191.894531, -109.6755
29210717.773438, -115.7688
29212243.652344, -105.1873
29213769.531250, -101.5184
29215295.410156, -99.8864
29216821.289062, -99.2401
29218347.167969, -99.4308
29219873.046875, -100.3671
29221398.925781, -101.7588
29222924.804688, -103.1775
29224450.683594, -104.5167
29225976.562500, -105.8949
29227502.441406, -107.1678
29229028.320312, -109.4947
29230554.199219, -115.0797
29232080.078125, -118.1761
29233605.957031, -116.4725
29235131.835938, -116.9794
29236657.714844, -113.8285
29238183.593750, -109.2902
29239709.472656, -106.5912
29241235.351562, -106.1655
29242761.230469, -106.5910
29244287.109375, -105.2464
29245812.988281, -101.9973
29247338.867188, -98.9775
29248864.746094, -97.1386
29250390.625000, -96.4344
29251916.503906, -96.5010
29253442.382812, -97.0238
29254968.261719, -97.9940
29256494.140625, -99.4482
29258020.019531, -101.0492
29259545.898438, -102.0106
29261071.777344, -101.6726
29262597.656250, -100.6875
29264123.535156, -100.2247
29265649.414062, -101.0864
29267175.292969, -104.0136
29268701.171875, -110.0446
29270227.050781, -114.3273
29271752.929688, -109.5028
29273278.808594, -105.4638
29274804.687500, -102.1658
29276330.566406, -99.8598
29277856.445312, -98.4488
29279382.324219, -97.6164
29280908.203125, -97.1130
29282434.082031, -96.9412
29283959.960938, -97.3116
29285485.839844, -98.5075
29287011.718750, -100.9199
29288537.597656, -105.3396
29290063.476562, -113.4364
29291589.355469, -111.3041
29293115.234375, -105.8433
29294641.113281, -102.9338
29296166.992188, -100.9103
29297692.871094, -99.2292
29299218.750000, -97.8038
29300744.628906, -96.6812
29302270.507812, -96.0531
29303796.386719, -96.2070
29305322.265625, -97.2929
29306848.144531, -98.9913
29308374.023438, -100.3013
29309899.902344, -100.4745
29311425.781250, -100.3211
29312951.660156, -101.0036
29314477.539062, -102.6632
29316003.417969, -104.0082
29317529.296875, -103.2654
29319055.175781, -101.4191
29320581.054688, -100.5995
29322106.933594, -101.9043
29323632.812500, -106.4452
29325158.691406, -119.1663
29326684.570312, -115.3255
29328210.449219, -110.5736
29329736.328125, -108.0343
29331262.207031, -105.1189
29332788.085938, -102.3332
29334313.964844, -100.1717
29335839.843750, -98.8511
29337365.722656, -98.2701
29338891.601562, -98.0253
29340417.480469, -97.6998
29341943.359375, -97.3460
29343469.238281, -97.2952
29344995.117188, -97.4966
29346520.996094, -97.5031
29348046.875000, -97.2207
29349572.753906, -97.2034
29351098.632812, -97.9302
29352624.511719, -99.1349
29354150.390625, -100.0214
29355676.269531, -100.6651
29357202.148438, -102.1446
29358728.027344, -105.4729
29360253.906250, -110.1022
29361779.785156, -108.4396
29363305.664062, -104.1276
29364831.542969, -101.5377
29366357.421875, -100.5742
29367883.300781, -100.2688
29369409.179688, -99.4953
29370935.058594, -98.2360
29372460.937500, -97.0432
29373986.816406, -96.1571
29375512.695312, -95.7701
29377038.574219, -96.2587
29378564.453125, -97.8563
29380090.332031, -100.2210
29381616.210938, -102.1706
29383142.089844, -102.9373
29384667.968750, -103.7144
29386193.847656, -105.6858
29387719.726562, -108.4307
29389245.605469, -110.7275
29390771.484375, -114.6393
29392297.363281, -117.7218
29393823.242188, -110.0099
29395349.121094, -106.0033
29396875.000000, -103.6546
29398400.878906, -101.7757
29399926.757812, -100.4557
29401452.636719, -100.1699
29402978.515625, -101.1018
29404504.394531, -102.9210
29406030.273438, -104.8838
29407556.152344, -106.3702
29409082.031250, -107.7938
29410607.910156, -110.0754
29412133.789062, -110.0648
29413659.667969, -106.5404
29415185.546875, -104.3956
29416711.425781, -103.1522
29418237.304688, -101.9196
29419763.183594, -100.9488
29421289.062500, -100.4526
29422814.941406, -100.4532
29424340.820312, -100.9963
29425866.699219, -102.5321
29427392.578125, -105.9183
29428918.457031, -111.0598
29430444.335938, -110.0518
29431970.214844, -105.3549
29433496.093750, -101.6514
29435021.972656, -98.9882
29436547.851562, -97.4810
29438073.730469, -97.0423
29439599.609375, -97.1664
29441125.488281, -97.2286
29442651.367188, -96.9842
29444177.246094, -96.6372
29445703.125000, -96.4795
29447229.003906, -96.4780
29448754.882812, -96.4243
29450280.761719, -96.2648
29451806.640625, -96.1841
29453332.519531, -96.4629
29454858.398438, -97.2054
29456384.277344, -98.2998
29457910.156250, -99.5003
29459436.035156, -100.4228
29460961.914062, -100.8302
29462487.792969, -101.1167
29464013.671875, -101.7399
29465539.550781, -102.0148
29467065.429688, -100.9541
29468591.308594, -99.3569
29470117.187500, -98.2043
29471643.066406, -97.8540
29473168.945312, -98.0324
29474694.824219, -98.1366
29476220.703125, -98.0654
29477746.582031, -98.2833
29479272.460938, -99.5489
29480798.339844, -102.8880
29482324.218750, -110.5478
29483850.097656, -110.2896
29485375.976562, -103.7735
29486901.855469, -100.8149
29488427.734375, -98.9901
29489953.613281, -97.6911
29491479.492188, -97.0633
29493005.371094, -97.3253
29494531.250000, -98.3588
29496057.128906, -99.4388
29497583.007812, -99.8680
29499108.886719, -99.9772
29500634.765625, -100.1213
29502160.644531, -99.9183
29503686.523438, -98.9954
29505212.402344, -97.7579
29506738.281250, -96.9983
29508264.160156, -97.2019
29509790.039062, -98.1570
29511315.917969, -99.0145
29512841.796875, -99.2424
29514367.675781, -99.4544
29515893.554688, -100.5083
29517419.433594, -102.5498
29518945.312500, -105.0256
29520471.191406, -106.8085
29521997.070312, -107.0720
29523522.949219, -107.6025
29525048.828125, -109.1062
29526574.707031, -109.8420
29528100.585938, -109.3677
29529626.464844, -107.9686
29531152.343750, -105.7352
29532678.222656, -103.7840
29534204.101562, -102.2196
29535729.980469, -100.6041
29537255.859375, -99.0371
29538781.738281, -98.0826
29540307.617188, -98.0060
29541833.496094, -98.3639
29543359.375000, -98.4014
29544885.253906, -98.1252
29546411.132812, -98.2966
29547937.011719, -99.2762
29549462.890625, -100.5196
29550988.769531, -101.2247
29552514.648438, -101.2143
29554040.527344, -101.1766
29555566.406250, -101.7359
29557092.285156, -101.9819
29558618.164062, -101.0068
29560144.042969, -99.9966
29561669.921875, -100.2130
29563195.800781, -102.3985
29564721.679688, -107.7045
29566247.558594, -120.1996
29567773.437500, -110.1561
29569299.316406, -105.7555
29570825.195312, -103.7279
29572351.074219, -102.1815
29573876.953125, -100.9505
29575402.832031, -100.4070
29576928.710938, -100.4757
29578454.589844, -100.7380
29579980.468750, -101.0653
29581506.347656, -101.6562
29583032.226562, -102.7166
29584558.105469, -103.8986
29586083.984375, -104.4199
29587609.863281, -103.7492
29589135.742188, -102.4854
29590661.621094, -101.6796
29592187.500000, -101.2595
29593713.378906, -100.9975
29595239.257812, -101.3592
29596765.136719, -103.1666
29598291.015625, -106.6000
29599816.894531, -105.5231
29601342.773438, -100.7656
29602868.652344, -97.4546
29604394.531250, -95.4578
29605920.410156, -94.5696
29607446.289062, -94.6954
29608972.167969, -95.5206
29610498.046875, -96.4657
29612023.925781, -97.2559
29613549.804688, -98.4550
29615075.683594, -100.9855
29616601.562500, -104.9705
29618127.441406, -107.6289
29619653.320312, -106.6459
29621179.199219, -105.2217
29622705.078125, -104.7785
29624230.957031, -104.0295
29625756.835938, -102.2549
29627282.714844, -99.8478
29628808.593750, -97.5667
29630334.472656, -96.1580
29631860.351562, -95.6524
29633386.230469, -95.7019
29634912.109375, -96.0236
29636437.988281, -96.6075
29637963.867188, -97.6145
29639489.746094, -99.2057
29641015.625000, -101.4858
29642541.503906, -104.3820
29644067.382812, -106.8103
29645593.261719, -106.4598
29647119.140625, -104.3916
29648645.019531, -102.6397
29650170.898438, -101.4922
29651696.777344, -100.7684
29653222.656250, -100.5186
29654748.535156, -101.0012
29656274.414062, -102.6669
29657800.292969, -106.5898
29659326.171875, -115.3132
29660852.050781, -112.1699
29662377.929688, -107.8181
29663903.808594, -107.0259
29665429.687500, -107.7917
29666955.566406, -109.2631
29668481.445312, -111.1032
29670007.324219, -111.7887
29671533.203125, -107.7752
29673059.082031, -103.9155
29674584.960938, -102.5818
29676110.839844, -103.4367
29677636.718750, -105.0039
29679162.597656, -104.5587
29680688.476562, -102.1201
29682214.355469, -99.5718
29683740.234375, -97.5373
29685266.113281, -95.9844
29686791.992188, -94.8939
29688317.871094, -94.3502
29689843.750000, -94.4171
29691369.628906, -95.1448
29692895.507812, -96.6774
29694421.386719, -99.1511
29695947.265625, -101.3058
29697473.144531, -99.9244
29698999.023438, -97.3333
29700524.902344, -95.5531
29702050.781250, -94.5035
29703576.660156, -93.9376
29705102.539062, -93.8163
29706628.417969, -94.2057
29708154.296875, -95.1023
29709680.175781, -96.4083
29711206.054688, -97.9961
29712731.933594, -99.8280
29714257.812500, -102.0912
29715783.691406, -105.0906
29717309.570312, -107.8497
29718835.449219, -106.9853
29720361.328125, -105.0436
29721887.207031, -104.0234
29723413.085938, -103.2516
29724938.964844, -102.4483
29726464.843750, -101.9520
29727990.722656, -101.9751
29729516.601562, -102.1247
29731042.480469, -101.7587
29732568.359375, -101.4870
29734094.238281, -101.8646
29735620.117188, -102.2708
29737145.996094, -102.1555
29738671.875000, -101.8114
29740197.753906, -101.7862
29741723.632812, -102.9117
29743249.511719, -106.7035
29744775.390625, -121.1879
29746301.269531, -110.2812
29747827.148438, -104.5863
29749353.027344, -102.5013
29750878.906250, -101.3805
29752404.785156, -100.4925
29753930.664062, -100.1345
29755456.542969, -100.8846
29756982.421875, -102.6619
29758508.300781, -103.8018
29760034.179688, -103.4735
29761560.058594, -103.1048
29763085.937500, -103.7587
29764611.816406, -106.0471
29766137.695312, -107.1293
29767663.574219, -104.7370
29769189.453125, -103.1207
29770715.332031, -102.3799
29772241.210938, -101.4021
29773767.089844, -100.0442
29775292.968750, -99.2312
29776818.847656, -99.9000
29778344.726562, -102.6775
29779870.605469, -108.0120
29781396.484375, -113.3856
29782922.363281, -109.7924
29784448.242188, -104.8252
29785974.121094, -100.7859
29787500.000000, -97.8498
29789025.878906, -95.9125
29790551.757812, -94.6753
29792077.636719, -93.8708
29793603.515625, -93.4585
29795129.394531, -93.5590
29796655.273438, -94.3353
29798181.152344, -95.7924
29799707.031250, -97.5288
29801232.910156, -99.0441
29802758.789062, -100.2257
29804284.667969, -100.8481
29805810.546875, -100.6906
29807336.425781, -100.5923
29808862.304688, -101.3555
29810388.183594, -102.6289
29811914.062500, -103.6696
29813439.941406, -104.8644
29814965.820312, -108.0381
29816491.699219, -119.2259
29818017.578125, -113.8143
29819543.457031, -107.3381
29821069.335938, -104.8591
29822595.214844, -103.4488
29824121.093750, -102.7452
29825646.972656, -102.8988
29827172.851562, -103.8919
29828698.730469, -105.1487
29830224.609375, -105.7751
29831750.488281, -105.7929
29833276.367188, -105.4424
29834802.246094, -105.0056
29836328.125000, -105.6733
29837854.003906, -108.5813
29839379.882812, -113.4573
29840905.761719, -112.5626
29842431.640625, -109.0796
29843957.519531, -107.1091
29845483.398438, -106.9237
29847009.277344, -108.9429
29848535.156250, -110.1935
29850061.035156, -105.2305
29851586.914062, -101.2534
29853112.792969, -99.2970
29854638.671875, -98.7139
29856164.550781, -98.7328
29857690.429688, -98.4819
29859216.308594, -97.5453
29860742.187500, -96.4924
29862268.066406, -95.9703
29863793.945312, -96.0563
29865319.824219, -96.5389
29866845.703125, -97.3819
29868371.582031, -98.9607
29869897.460938, -101.9745
29871423.339844, -107.1910
29872949.218750, -112.3468
29874475.097656, -111.3221
29876000.976562, -108.5361
29877526.855469, -105.2411
29879052.734375, -102.6736
29880578.613281, -101.1253
29882104.492188, -100.5754
29883630.371094, -100.6026
29885156.250000, -100.7307
29886682.128906, -101.0165
29888208.007812, -101.6855
29889733.886719, -102.8373
29891259.765625, -103.3343
29892785.644531, -101.5480
29894311.523438, -99.1682
29895837.402344, -97.3001
29897363.281250, -95.8293
29898889.160156, -94.7058
29900415.039062, -94.2050
29901940.917969, -94.6509
29903466.796875, -96.1596
29904992.675781, -98.5316
29906518.554688, -101.3619
29908044.433594, -104.5407
29909570.312500, -108.1281
29911096.191406, -109.4193
29912622.070312, -107.8410
29914147.949219, -106.5259
29915673.828125, -105.0598
29917199.707031, -104.0817
29918725.585938, -104.5021
29920251.464844, -105.9539
29921777.343750, -107.2515
29923303.222656, -107.5981
29924829.101562, -106.7749
29926354.980469, -104.4781
29927880.859375, -101.3920
29929406.738281, -98.5551
29930932.617188, -96.4006
29932458.496094, -95.2266
29933984.375000, -95.1699
29935510.253906, -96.0750
29937036.132812, -97.7298
29938562.011719, -100.4188
29940087.890625, -105.5195
29941613.769531, -114.7094
29943139.648438, -108.8815
29944665.527344, -106.1616
29946191.406250, -106.3899
29947717.285156, -106.6358
29949243.164062, -105.2792
29950769.042969, -104.5210
29952294.921875, -105.4164
29953820.800781, -106.5229
29955346.679688, -105.7215
29956872.558594, -103.8036
29958398.437500, -101.3932
29959924.316406, -98.9994
29961450.195312, -97.5048
29962976.074219, -97.3216
29964501.953125, -98.1528
29966027.832031, -99.1426
29967553.710938, -99.4888
29969079.589844, -99.2262
29970605.468750, -98.8958
29972131.347656, -98.8502
29973657.226562, -99.2725
29975183.105469, -100.1577
29976708.984375, -101.2185
29978234.863281, -102.3354
29979760.742188, -104.0977
29981286.621094, -106.7687
29982812.500000, -106.8868
29984338.378906, -104.6901
29985864.257812, -103.7408
29987390.136719, -103.8404
29988916.015625, -103.9135
29990441.894531, -102.9410
29991967.773438, -100.5054
29993493.652344, -97.1570
29995019.531250, -94.0958
29996545.410156, -92.1064
29998071.289062, -91.2055
29999597.167969, -90.8809
30001123.046875, -90.5407
30002648.925781, -90.1567
30004174.804688, -90.2560
30005700.683594, -91.2308
30007226.562500, -92.9087
30008752.441406, -94.5988
30010278.320312, -95.7783
30011804.199219, -96.7196
30013330.078125, -98.2102
30014855.957031, -100.9840
30016381.835938, -105.6502
30017907.714844, -113.8309
30019433.593750, -127.5553
30020959.472656, -112.8288
30022485.351562, -108.0967
30024011.230469, -106.8909
30025537.109375, -108.5464
30027062.988281, -111.3166
30028588.867188, -112.6627
30030114.746094, -113.2203
30031640.625000, -113.9693
30033166.503906, -116.5387
30034692.382812, -119.6983
30036218.261719, -114.7094
30037744.140625, -108.2718
30039270.019531, -103.9406
30040795.898438, -101.3292
30042321.777344, -99.9822
30043847.656250, -99.4145
30045373.535156, -98.9222
30046899.414062, -97.9456
30048425.292969, -96.6918
30049951.171875, -95.7160
30051477.050781, -95.2820
30053002.929688, -95.2864
30054528.808594, -95.4556
30056054.687500, -95.7092
30057580.566406, -96.4162
30059106.445312, -98.1191
30060632.324219, -101.2477
30062158.203125, -106.6324
30063684.082031, -117.6259
30065209.960938, -112.1514
30066735.839844, -106.4710
30068261.718750, -103.8155
30069787.597656, -102.5597
30071313.476562, -101.7772
30072839.355469, -101.0560
30074365.234375, -100.8829
30075891.113281, -101.6666
30077416.992188, -102.5518
30078942.871094, -101.7555
30080468.750000, -99.4895
30081994.628906, -97.6975
30083520.507812, -97.2565
30085046.386719, -98.0438
30086572.265625, -99.5093
30088098.144531, -101.0657
30089624.023438, -102.5372
30091149.902344, -104.2579
30092675.781250, -106.4639
30094201.660156, -108.1726
30095727.539062, -107.9393
30097253.417969, -106.6206
30098779.296875, -104.9914
30100305.175781, -103.4419
30101831.054688, -102.2335
30103356.933594, -101.8410
30104882.812500, -103.0397
30106408.691406, -105.6403
30107934.570312, -106.5422
30109460.449219, -104.9982
30110986.328125, -103.1457
30112512.207031, -101.7626
30114038.085938, -101.2516
30115563.964844, -101.4407
30117089.843750, -101.7339
30118615.722656, -101.3556
30120141.601562, -100.4193
30121667.480469, -99.7134
30123193.359375, -99.7565
30124719.238281, -100.7618
30126245.117188, -102.2877
30127770.996094, -102.4726
30129296.875000, -100.8623
30130822.753906, -99.5216
30132348.632812, -99.0324
30133874.511719, -98.8338
30135400.390625, -98.5279
30136926.269531, -98.4665
30138452.148438, -98.7740
30139978.027344, -98.9512
30141503.906250, -98.9222
30143029.785156, -99.1036
30144555.664062, -99.6102
30146081.542969, -100.5089
30147607.421875, -102.0397
30149133.300781, -103.1116
30150659.179688, -101.3319
30152185.058594, -98.9153
30153710.937500, -97.2832
30155236.816406, -96.1311
30156762.695312, -95.2364
30158288.574219, -94.7847
30159814.453125, -95.1092
30161340.332031, -96.4176
30162866.210938, -98.6738
30164392.089844, -101.6888
30165917.968750, -105.8917
30167443.847656, -115.3628
30168969.726562, -110.6900
30170495.605469, -103.5452
30172021.484375, -101.0627
30173547.363281, -100.7159
30175073.242188, -101.3997
30176599.121094, -102.3092
30178125.000000, -102.9117
30179650.878906, -103.1772
30181176.757812, -103.5206
30182702.636719, -104.4251
30184228.515625, -105.5394
30185754.394531, -105.3156
30187280.273438, -103.5933
30188806.152344, -101.6605
30190332.031250, -100.4490
30191857.910156, -100.1447
30193383.789062, -100.3599
30194909.667969, -100.7385
30196435.546875, -101.5871
30197961.425781, -103.9352
30199487.304688, -109.8497
30201013.183594, -121.6651
30202539.062500, -110.3837
30204064.941406, -106.1473
30205590.820312, -103.1573
30207116.699219, -101.1055
30208642.578125, -100.1068
30210168.457031, -99.8674
30211694.335938, -100.0851
30213220.214844, -100.5684
30214746.093750, -101.2357
30216271.972656, -102.2021
30217797.851562, -103.9253
30219323.730469, -107.1291
30220849.609375, -110.9471
30222375.488281, -107.8484
30223901.367188, -102.9521
30225427.246094, -99.7298
30226953.125000, -98.0216
30228479.003906, -97.4493
30230004.882812, -97.5394
30231530.761719, -97.9701
30233056.640625, -98.8200
30234582.519531, -100.0649
30236108.398438, -100.1698
30237634.277344, -98.4016
30239160.156250, -96.7828
30240686.035156, -96.1706
30242211.914062, -96.4830
30243737.792969, -97.3885
30245263.671875, -98.7233
30246789.550781, -100.4694
30248315.429688, -102.2343
30249841.308594, -103.6037
30251367.187500, -104.6451
30252893.066406, -105.7295
30254418.945312, -106.4546
30255944.824219, -105.6925
30257470.703125, -104.3579
30258996.582031, -103.9098
30260522.460938, -105.6451
30262048.339844, -111.8355
30263574.218750, -116.1323
30265100.097656, -109.5448
30266625.976562, -107.9654
30268151.855469, -107.1690
30269677.734375, -105.2204
30271203.613281, -103.0587
30272729.492188, -102.1572
30274255.371094, -103.3780
30275781.250000, -107.3074
30277307.128906, -108.4223
30278833.007812, -103.3008
30280358.886719, -99.8221
30281884.765625, -97.5396
30283410.644531, -95.9989
30284936.523438, -95.2336
30286462.402344, -95.3662
30287988.281250, -96.4213
30289514.160156, -98.2921
30291040.039062, -100.4952
30292565.917969, -101.7149
30294091.796875, -101.3663
30295617.675781, -100.6385
30297143.554688, -100.1991
30298669.433594, -100.1830
30300195.312500, -100.7903
30301721.191406, -102.1473
30303247.070312, -104.0156
30304772.949219, -105.1208
30306298.828125, -104.0341
30307824.707031, -102.8747
30309350.585938, -102.5535
30310876.464844, -101.8207
30312402.343750, -100.1215
30313928.222656, -98.5839
30315454.101562, -98.0301
30316979.980469, -98.4822
30318505.859375, -99.4377
30320031.738281, -100.1054
30321557.617188, -100.0939
30323083.496094, -99.8509
30324609.375000, -99.8095
30326135.253906, -99.9884
30327661.132812, -100.3028
30329187.011719, -100.8352
30330712.890625, -101.7199
30332238.769531, -102.6703
30333764.648438, -102.7637
30335290.527344, -101.5580
30336816.406250, -100.0673
30338342.285156, -99.4831
30339868.164062, -100.3533
30341394.042969, -102.7486
30342919.921875, -106.6621
30344445.800781, -112.3547
30345971.679688, -110.2952
30347497.558594, -104.6032
30349023.437500, -101.9403
30350549.316406, -101.8138
30352075.195312, -104.2076
30353601.074219, -109.8739
30355126.953125, -117.9956
30356652.832031, -112.0500
30358178.710938, -109.3366
30359704.589844, -109.0024
30361230.468750, -108.7015
30362756.347656, -107.7353
30364282.226562, -107.5483
30365808.105469, -108.9554
30367333.984375, -112.1499
30368859.863281, -121.4793
30370385.742188, -114.1044
30371911.621094, -105.4295
30373437.500000, -102.0432
30374963.378906, -101.1219
30376489.257812, -101.4560
30378015.136719, -102.2169
30379541.015625, -103.0675
30381066.894531, -103.8956
30382592.773438, -104.4802
30384118.652344, -104.9350
30385644.531250, -105.9657
30387170.410156, -107.3660
30388696.289062, -107.1051
30390222.167969, -105.8917
30391748.046875, -104.7999
30393273.925781, -103.1561
30394799.804688, -101.0345
30396325.683594, -99.2600
30397851.562500, -98.4621
30399377.441406, -98.7312
30400903.320312, -99.6311
30402429.199219, -100.3783
30403955.078125, -100.4700
30405480.957031, -100.3121
30407006.835938, -100.5314
30408532.714844, -101.2329
30410058.593750, -102.0413
30411584.472656, -102.6596
30413110.351562, -103.5336
30414636.230469, -105.4799
30416162.109375, -109.6165
30417687.988281, -120.4457
30419213.867188, -115.5707
30420739.746094, -109.1821
30422265.625000, -105.9263
30423791.503906, -103.3915
30425317.382812, -101.7665
30426843.261719, -101.1056
30428369.140625, -100.9441
30429895.019531, -100.9029
30431420.898438, -101.1667
30432946.777344, -102.2726
30434472.656250, -104.6902
30435998.535156, -108.7642
30437524.414062, -115.7486
30439050.292969, -129.7741
30440576.171875, -112.1604
30442102.050781, -106.8795
30443627.929688, -104.4499
30445153.808594, -103.4929
30446679.687500, -103.4644
30448205.566406, -104.2510
30449731.445312, -105.5477
30451257.324219, -106.1042
30452783.203125, -105.0539
30454309.082031, -103.6182
30455834.960938, -102.9382
30457360.839844, -103.2821
30458886.718750, -104.5189
30460412.597656, -106.3373
30461938.476562, -107.8966
30463464.355469, -108.1232
30464990.234375, -108.5544
30466516.113281, -111.9636
30468041.992188, -116.4593
30469567.871094, -110.9124
30471093.750000, -107.7352
30472619.628906, -105.8185
30474145.507812, -104.2346
30475671.386719, -103.4454
30477197.265625, -103.7328
30478723.144531, -103.7971
30480249.023438, -102.3659
30481774.902344, -100.9192
30483300.781250, -100.3381
30484826.660156, -100.6276
30486352.539062, -101.5946
30487878.417969, -102.9001
30489404.296875, -104.2865
30490930.175781, -105.9373
30492456.054688, -108.0067
30493981.933594, -109.3987
30495507.812500, -109.0476
30497033.691406, -107.6326
30498559.570312, -105.8879
30500085.449219, -104.2782
30501611.328125, -103.0827
30503137.207031, -102.4809
30504663.085938, -102.6473
30506188.964844, -103.5927
30507714.843750, -104.9090
30509240.722656, -105.8738
30510766.601562, -105.9843
30512292.480469, -105.4010
30513818.359375, -104.7324
30515344.238281, -104.2952
30516870.117188, -103.7647
30518395.996094, -102.7223
30519921.875000, -101.4443
30521447.753906, -100.7171
30522973.632812, -101.2458
30524499.511719, -103.6843
30526025.390625, -109.6364
30527551.269531, -129.2607
30529077.148438, -108.6105
30530603.027344, -103.2851
30532128.906250, -100.5744
30533654.785156, -99.4428
30535180.664062, -99.6181
30536706.542969, -101.2211
30538232.421875, -104.6053
30539758.300781, -110.2451
30541284.179688, -116.0048
30542810.058594, -110.8437
30544335.937500, -106.7362
30545861.816406, -104.2378
30547387.695312, -102.4067
30548913.574219, -101.0827
30550439.453125, -100.2058
30551965.332031, -99.4177
30553491.210938, -98.5694
30555017.089844, -98.0538
30556542.968750, -98.1937
30558068.847656, -98.7871
30559594.726562, -99.3556
30561120.605469, -99.8069
30562646.484375, -100.7043
30564172.363281, -102.6452
30565698.242188, -105.1090
30567224.121094, -105.6453
30568750.000000, -104.8255
30570275.878906, -104.7427
30571801.757812, -104.9646
30573327.636719, -104.3035
30574853.515625, -103.0959
30576379.394531, -102.6266
30577905.273438, -103.5251
30579431.152344, -105.3712
30580957.031250, -106.2533
30582482.910156, -105.1825
30584008.789062, -104.5395
30585534.667969, -106.2446
30587060.546875, -111.2806
30588586.425781, -108.5647
30590112.304688, -102.3941
30591638.183594, -98.7958
30593164.062500, -96.6819
30594689.941406, -95.6152
30596215.820312, -95.5467
30597741.699219, -96.6923
30599267.578125, -99.4949
30600793.457031, -104.4573
30602319.335938, -110.3818
30603845.214844, -111.2435
30605371.093750, -109.0686
30606896.972656, -106.9302
30608422.851562, -105.3773
30609948.730469, -104.0167
30611474.609375, -103.0501
30613000.488281, -103.2481
30614526.367188, -104.7960
30616052.246094, -106.3138
30617578.125000, -105.5879
30619104.003906, -103.3707
30620629.882812, -101.2234
30622155.761719, -99.9128
30623681.640625, -99.6712
30625207.519531, -100.2283
30626733.398438, -101.0524
30628259.277344, -101.9251
30629785.156250, -103.0682
30631311.035156, -104.2207
30632836.914062, -103.9747
30634362.792969, -102.2033
30635888.671875, -100.5333
30637414.550781, -100.1215
30638940.429688, -101.0103
30640466.308594, -102.5089
30641992.187500, -104.3780
30643518.066406, -106.8193
30645043.945312, -110.6545
30646569.824219, -115.2894
30648095.703125, -114.4401
30649621.582031, -118.6538
30651147.460938, -113.5605
30652673.339844, -105.8924
30654199.218750, -102.2805
30655725.097656, -100.3368
30657250.976562, -99.0721
30658776.855469, -98.0350
30660302.734375, -97.2211
30661828.613281, -96.9156
30663354.492188, -97.3445
30664880.371094, -98.3236
30666406.250000, -99.1328
30667932.128906, -99.1549
30669458.007812, -98.7805
30670983.886719, -98.8324
30672509.765625, -99.6130
30674035.644531, -100.8559
30675561.523438, -102.2390
30677087.402344, -103.8948
30678613.281250, -106.1656
30680139.160156, -108.3782
30681665.039062, -108.0160
30683190.917969, -105.9939
30684716.796875, -104.6584
30686242.675781, -104.4104
30687768.554688, -105.4227
30689294.433594, -108.7320
30690820.312500, -115.9296
30692346.191406, -109.3076
30693872.070312, -103.5460
30695397.949219, -99.9802
30696923.828125, -97.3598
30698449.707031, -95.7219
30699975.585938, -95.3814
30701501.464844, -96.3761
30703027.343750, -98.2315
30704553.222656, -100.0901
30706079.101562, -101.6365
30707604.980469, -103.5431
30709130.859375, -106.2402
30710656.738281, -108.1483
30712182.617188, -106.4995
30713708.496094, -102.7731
30715234.375000, -99.8172
30716760.253906, -98.2318
30718286.132812, -97.6469
30719812.011719, -97.5049
30721337.890625, -97.4280
30722863.769531, -97.5136
30724389.648438, -98.2339
30725915.527344, -99.9585
30727441.406250, -102.4718
30728967.285156, -104.7956
30730493.164062, -106.1645
30732019.042969, -107.4348
30733544.921875, -110.3264
30735070.800781, -114.8214
30736596.679688, -114.0524
30738122.558594, -111.4708
30739648.437500, -110.9844
30741174.316406, -112.8003
30742700.195312, -114.1144
30744226.074219, -110.8436
30745751.953125, -107.4327
30747277.832031, -104.4000
30748803.710938, -101.2721
30750329.589844, -98.2750
30751855.468750, -95.8541
30753381.347656, -94.1493
30754907.226562, -93.0497
30756433.105469, -92.4085
30757958.984375, -92.1306
30759484.863281, -92.1578
30761010.742188, -92.4482
30762536.621094, -92.9797
30764062.500000, -93.7477
30765588.378906, -94.7527
30767114.257812, -96.0151
30768640.136719, -97.5100
30770166.015625, -99.0241
30771691.894531, -100.1431
30773217.773438, -100.4602
30774743.652344, -100.1088
30776269.531250, -99.9168
30777795.410156, -100.6844
30779321.289062, -102.8849
30780847.167969, -106.6504
30782373.046875, -109.4086
30783898.925781, -107.3436
30785424.804688, -105.2111
30786950.683594, -104.3119
30788476.562500, -104.3147
30790002.441406, -104.9721
30791528.320312, -105.7626
30793054.199219, -106.2297
30794580.078125, -107.3991
30796105.957031, -110.0425
30797631.835938, -112.5054
30799157.714844, -111.2722
30800683.593750, -107.8154
30802209.472656, -105.6663
30803735.351562, -105.1013
30805261.230469, -105.4460
30806787.109375, -106.5593
30808312.988281, -108.6691
30809838.867188, -111.2792
30811364.746094, -113.2032
30812890.625000, -114.2306
30814416.503906, -113.1895
30815942.382812, -109.9595
30817468.261719, -106.9289
30818994.140625, -104.8946
30820520.019531, -103.8584
30822045.898438, -104.5976
30823571.777344, -107.7826
30825097.656250, -106.4216
30826623.535156, -101.9792
30828149.414062, -99.9365
30829675.292969, -99.3137
30831201.171875, -98.8799
30832727.050781, -98.1766
30834252.929688, -97.7132
30835778.808594, -98.0513
30837304.687500, -99.3225
30838830.566406, -100.9774
30840356.445312, -101.5784
30841882.324219, -100.4438
30843408.203125, -99.1830
30844934.082031, -98.8061
30846459.960938, -99.0332
30847985.839844, -99.2224
30849511.718750, -99.2057
30851037.597656, -99.3823
30852563.476562, -100.0818
30854089.355469, -101.2599
30855615.234375, -102.7348
30857141.113281, -104.4249
30858666.992188, -106.0169
30860192.871094, -106.7540
30861718.750000, -106.4827
30863244.628906, -105.6333
30864770.507812, -104.4998
30866296.386719, -103.0602
30867822.265625, -101.6822
30869348.144531, -101.0876
30870874.023438, -101.1674
30872399.902344, -100.4942
30873925.781250, -98.7356
30875451.660156, -97.1978
30876977.539062, -96.3384
30878503.417969, -96.1190
30880029.296875, -96.5828
30881555.175781, -97.9269
30883081.054688, -100.3215
30884606.933594, -103.5028
30886132.812500, -106.7241
30887658.691406, -109.1673
30889184.570312, -109.2002
30890710.449219, -107.1266
30892236.328125, -104.3948
30893762.207031, -102.1485
30895288.085938, -101.3295
30896813.964844, -102.2986
30898339.843750, -104.2655
30899865.722656, -103.7752
30901391.601562, -101.0020
30902917.480469, -98.8885
30904443.359375, -97.9742
30905969.238281, -98.0436
30907495.117188, -98.5468
30909020.996094, -98.9341
30910546.875000, -99.3990
30912072.753906, -100.7502
30913598.632812, -103.8142
30915124.511719, -109.2572
30916650.390625, -114.7931
30918176.269531, -113.3170
30919702.148438, -109.4345
30921228.027344, -104.9840
30922753.906250, -101.4414
30924279.785156, -99.4504
30925805.664062, -98.7205
30927331.542969, -98.3996
30928857.421875, -97.8232
30930383.300781, -97.3143
30931909.179688, -97.7083
30933435.058594, -99.4879
30934960.937500, -102.2065
30936486.816406, -103.6625
30938012.695312, -102.3337
30939538.574219, -99.9339
30941064.453125, -97.8761
30942590.332031, -96.7033
30944116.210938, -96.3896
30945642.089844, -96.5078
30947167.968750, -96.5929
30948693.847656, -96.6422
30950219.726562, -96.9924
30951745.605469, -97.8294
30953271.484375, -99.2482
30954797.363281, -101.6643
30956323.242188, -106.2965
30957849.121094, -117.6622
30959375.000000, -113.1393
30960900.878906, -108.4944
30962426.757812, -108.1543
30963952.636719, -109.2108
30965478.515625, -108.4105
30967004.394531, -105.7149
30968530.273438, -103.4426
30970056.152344, -102.3275
30971582.031250, -102.6952
30973107.910156, -105.2312
30974633.789062, -110.5964
30976159.667969, -106.6859
30977685.546875, -101.7239
30979211.425781, -99.7859
30980737.304688, -99.5958
30982263.183594, -100.1120
30983789.062500, -100.4651
30985314.941406, -100.5522
30986840.820312, -100.9419
30988366.699219, -101.5709
30989892.578125, -100.7986
30991418.457031, -98.6383
30992944.335938, -96.9015
30994470.214844, -96.0724
30995996.093750, -95.9032
30997521.972656, -95.8895
30999047.851562, -95.6784
31000573.730469, -95.6872
31002099.609375, -96.7545
31003625.488281, -99.6540
31005151.367188, -105.2916
31006677.246094, -111.9193
31008203.125000, -109.6430
31009729.003906, -106.3609
31011254.882812, -102.4250
31012780.761719, -99.0966
31014306.640625, -97.1562
31015832.519531, -96.5104
31017358.398438, -96.5750
31018884.277344, -96.6863
31020410.156250, -96.7179
31021936.035156, -97.1434
31023461.914062, -98.5327
31024987.792969, -101.2971
31026513.671875, -106.0465
31028039.550781, -114.9537
31029565.429688, -114.2502
31031091.308594, -106.9063
31032617.187500, -103.0133
31034143.066406, -101.0343
31035668.945312, -100.1946
31037194.824219, -99.3976
31038720.703125, -97.9976
31040246.582031, -96.7725
31041772.460938, -96.6810
31043298.339844, -98.0019
31044824.218750, -100.4896
31046350.097656, -103.7761
31047875.976562, -108.3748
31049401.855469, -116.9695
31050927.734375, -115.0815
31052453.613281, -112.0510
31053979.492188, -111.9658
31055505.371094, -107.3755
31057031.250000, -102.9012
31058557.128906, -99.6205
31060083.007812, -97.0508
31061608.886719, -95.2558
31063134.765625, -94.3626
31064660.644531, -94.2909
31066186.523438, -94.7725
31067712.402344, -95.5811
31069238.281250, -96.7048
31070764.160156, -98.1914
31072290.039062, -100.1258
31073815.917969, -103.0947
31075341.796875, -108.5749
31076867.675781, -113.8007
31078393.554688, -108.0966
31079919.433594, -104.5384
31081445.312500, -102.2748
31082971.191406, -100.5171
31084497.070312, -99.2375
31086022.949219, -98.5983
31087548.828125, -98.5229
31089074.707031, -99.0463
31090600.585938, -100.4719
31092126.464844, -102.8739
31093652.343750, -105.9142
31095178.222656, -109.8484
31096704.101562, -115.3342
31098229.980469, -111.2932
31099755.859375, -106.0649
31101281.738281, -103.7712
31102807.617188, -103.7737
31104333.496094, -106.1297
31105859.375000, -112.4950
31107385.253906, -111.9959
31108911.132812, -105.7045
31110437.011719, -102.9471
31111962.890625, -101.2776
31113488.769531, -99.7414
31115014.648438, -98.3613
31116540.527344, -97.6867
31118066.406250, -98.0079
31119592.285156, -98.8275
31121118.164062, -99.2767
31122644.042969, -99.4061
31124169.921875, -100.3247
31125695.800781, -103.5048
31127221.679688, -109.0695
31128747.558594, -106.0161
31130273.437500, -102.7990
31131799.316406, -101.6244
31133325.195312, -100.7963
31134851.074219, -99.7176
31136376.953125, -98.9485
31137902.832031, -99.1123
31139428.710938, -100.1776
31140954.589844, -101.3369
31142480.468750, -101.8934
31144006.347656, -102.5604
31145532.226562, -104.3418
31147058.105469, -107.2619
31148583.984375, -109.5816
31150109.863281, -109.2094
31151635.742188, -107.9566
31153161.621094, -107.0046
31154687.500000, -104.4297
31156213.378906, -100.8075
31157739.257812, -97.9532
31159265.136719, -96.1268
31160791.015625, -95.0444
31162316.894531, -94.3950
31163842.773438, -94.0830
31165368.652344, -94.2410
31166894.531250, -95.0516
31168420.410156, -96.6298
31169946.289062, -99.1049
31171472.167969, -102.9809
31172998.046875, -110.3169
31174523.925781, -113.1088
31176049.804688, -105.1980
31177575.683594, -102.3030
31179101.562500, -102.0306
31180627.441406, -103.8183
31182153.320312, -107.3802
31183679.199219, -111.1305
31185205.078125, -110.0563
31186730.957031, -107.0197
31188256.835938, -105.6249
31189782.714844, -106.3297
31191308.593750, -108.9627
31192834.472656, -110.9754
31194360.351562, -108.0646
31195886.230469, -104.7204
31197412.109375, -102.6329
31198937.988281, -101.6721
31200463.867188, -101.9048
31201989.746094, -103.4340
31203515.625000, -105.6485
31205041.503906, -106.7460
31206567.382812, -106.6582
31208093.261719, -107.8335
31209619.140625, -110.8071
31211145.019531, -107.0628
31212670.898438, -103.0290
31214196.777344, -101.6983
31215722.656250, -101.8758
31217248.535156, -102.3990
31218774.414062, -102.9043
31220300.292969, -104.2596
31221826.171875, -107.9068
31223352.050781, -110.3083
31224877.929688, -104.4929
31226403.808594, -100.6118
31227929.687500, -98.5279
31229455.566406, -97.4769
31230981.445312, -97.0158
31232507.324219, -96.9622
31234033.203125, -97.4102
31235559.082031, -98.5548
31237084.960938, -100.4677
31238610.839844, -102.9846
31240136.718750, -105.8662
31241662.597656, -109.5931
31243188.476562, -118.2231
31244714.355469, -115.5964
31246240.234375, -107.0987
31247766.113281, -103.6914
31249291.992188, -101.7590
31250817.871094, -100.0290
31252343.750000, -98.5299
31253869.628906, -97.8725
31255395.507812, -98.4026
31256921.386719, -100.0014
31258447.265625, -102.1913
31259973.144531, -104.3494
31261499.023438, -106.1145
31263024.902344, -107.3835
31264550.781250, -108.5852
31266076.660156, -111.7165
31267602.539062, -120.0623
31269128.417969, -121.5957
31270654.296875, -117.8832
31272180.175781, -115.5856
31273706.054688, -112.1431
31275231.933594, -108.1244
31276757.812500, -104.8899
31278283.691406, -103.3382
31279809.570312, -103.1349
31281335.449219, -103.2436
31282861.328125, -102.7701
31284387.207031, -101.9708
31285913.085938, -101.4470
31287438.964844, -101.3165
31288964.843750, -101.1487
31290490.722656, -100.7627
31292016.601562, -100.8390
31293542.480469, -101.8659
31295068.359375, -103.4696
31296594.238281, -104.4598
31298120.117188, -104.0135
31299645.996094, -103.2042
31301171.875000, -102.6400
31302697.753906, -101.8992
31304223.632812, -101.0376
31305749.511719, -100.3301
31307275.390625, -100.2661
31308801.269531, -101.3324
31310327.148438, -103.5785
31311853.027344, -107.5468
31313378.906250, -117.3450
31314904.785156, -114.3478
31316430.664062, -107.4182
31317956.542969, -104.2847
31319482.421875, -102.5268
31321008.300781, -101.7975
31322534.179688, -101.8550
31324060.058594, -102.4409
31325585.937500, -103.5155
31327111.816406, -104.8300
31328637.695312, -104.9545
31330163.574219, -103.5386
31331689.453125, -102.2633
31333215.332031, -101.7076
31334741.210938, -101.3716
31336267.089844, -100.5755
31337792.968750, -99.7442
31339318.847656, -99.7624
31340844.726562, -101.0012
31342370.605469, -103.5251
31343896.484375, -107.6299
31345422.363281, -114.9201
31346948.242188, -135.2581
31348474.121094, -122.9405
31350000.000000, -128.8859
31351525.878906, -116.7048
31353051.757812, -109.5256
31354577.636719, -104.4655
31356103.515625, -100.3685
31357629.394531, -97.5255
31359155.273438, -96.0492
31360681.152344, -95.8336
31362207.031250, -96.6007
31363732.910156, -97.9150
31365258.789062, -99.4197
31366784.667969, -101.0718
31368310.546875, -102.1499
31369836.425781, -100.5806
31371362.304688, -97.8385
31372888.183594, -95.8788
31374414.062500, -94.7868
31375939.941406, -94.2109
31377465.820312, -93.9846
31378991.699219, -94.2687
31380517.578125, -95.4221
31382043.457031, -97.8355
31383569.335938, -101.7568
31385095.214844, -106.9496
31386621.093750, -110.4362
31388146.972656, -106.6112
31389672.851562, -102.1126
31391198.730469, -99.5566
31392724.609375, -98.9292
31394250.488281, -99.6756
31395776.367188, -100.9368
31397302.246094, -102.0975
31398828.125000, -103.0944
31400354.003906, -103.5253
31401879.882812, -102.4175
31403405.761719, -100.8119
31404931.640625, -99.5282
31406457.519531, -98.3200
31407983.398438, -97.2056
31409509.277344, -96.6751
31411035.156250, -97.2215
31412561.035156, -99.1689
31414086.914062, -102.8631
31415612.792969, -109.5423
31417138.671875, -121.6208
31418664.550781, -108.7986
31420190.429688, -103.9438
31421716.308594, -101.9409
31423242.187500, -102.0775
31424768.066406, -104.7275
31426293.945312, -112.3937
31427819.824219, -118.3551
31429345.703125, -108.3431
31430871.582031, -105.4841
31432397.460938, -104.3630
31433923.339844, -103.9889
31435449.218750, -104.4041
31436975.097656, -106.1880
31438500.976562, -107.8737
31440026.855469, -104.8716
31441552.734375, -100.6174
31443078.613281, -97.0263
31444604.492188, -94.6105
31446130.371094, -93.4751
31447656.250000, -93.3078
31449182.128906, -93.6512
31450708.007812, -94.2252
31452233.886719, -95.1749
31453759.765625, -96.9310
31455285.644531, -99.2412
31456811.523438, -99.4239
31458337.402344, -97.3656
31459863.281250, -95.6943
31461389.160156, -94.7682
31462915.039062, -94.3504
31464440.917969, -94.3773
31465966.796875, -94.9518
31467492.675781, -96.0403
31469018.554688, -97.2176
31470544.433594, -98.0002
31472070.312500, -98.5368
31473596.191406, -99.5029
31475122.070312, -101.6517
31476647.949219, -105.9529
31478173.828125, -115.9204
31479699.707031, -115.0571
31481225.585938, -106.8979
31482751.464844, -103.0140
31484277.343750, -100.6145
31485803.222656, -99.2389
31487329.101562, -98.7781
31488854.980469, -99.0799
31490380.859375, -99.7593
31491906.738281, -100.3247
31493432.617188, -100.7010
31494958.496094, -101.3695
31496484.375000, -102.6399
31498010.253906, -103.9421
31499536.132812, -104.3775
31501062.011719, -104.0052
31502587.890625, -103.1457
31504113.769531, -102.0024
31505639.648438, -100.9960
31507165.527344, -100.4879
31508691.406250, -100.5579
31510217.285156, -101.0819
31511743.164062, -101.8302
31513269.042969, -102.6144
31514794.921875, -103.4979
31516320.800781, -104.9201
31517846.679688, -107.6775
31519372.558594, -111.7293
31520898.437500, -110.8194
31522424.316406, -108.1669
31523950.195312, -106.6836
31525476.074219, -104.3329
31527001.953125, -101.9150
31528527.832031, -100.7335
31530053.710938, -100.9146
31531579.589844, -101.8511
31533105.468750, -102.4601
31534631.347656, -102.9967
31536157.226562, -104.8388
31537683.105469, -109.0683
31539208.984375, -118.6177
31540734.863281, -119.2191
31542260.742188, -109.5314
31543786.621094, -104.4314
31545312.500000, -101.2422
31546838.378906, -99.7937
31548364.257812, -100.0019
31549890.136719, -101.6688
31551416.015625, -104.6690
31552941.894531, -109.9559
31554467.773438, -127.5843
31555993.652344, -110.4457
31557519.531250, -104.8923
31559045.410156, -102.5201
31560571.289062, -101.3607
31562097.167969, -100.3596
31563623.046875, -99.2245
31565148.925781, -98.4000
31566674.804688, -98.3540
31568200.683594, -99.2256
31569726.562500, -101.0350
31571252.441406, -103.7903
31572778.320312, -106.9144
31574304.199219, -109.5440
31575830.078125, -112.1495
31577355.957031, -112.8752
31578881.835938, -110.8622
31580407.714844, -108.9000
31581933.593750, -107.8292
31583459.472656, -108.6002
31584985.351562, -112.2176
31586511.230469, -115.3204
31588037.109375, -110.3371
31589562.988281, -106.2623
31591088.867188, -103.2856
31592614.746094, -101.1002
31594140.625000, -99.8238
31595666.503906, -99.4000
31597192.382812, -99.5583
31598718.261719, -100.1954
31600244.140625, -101.4717
31601770.019531, -103.3494
31603295.898438, -104.7308
31604821.777344, -104.9434
31606347.656250, -106.4278
31607873.535156, -111.9683
31609399.414062, -124.6849
31610925.292969, -113.0270
31612451.171875, -108.5676
31613977.050781, -105.0061
31615502.929688, -101.7167
31617028.808594, -99.0505
31618554.687500, -97.2167
31620080.566406, -96.2361
31621606.445312, -95.9721
31623132.324219, -96.1421
31624658.203125, -96.4536
31626184.082031, -96.7791
31627709.960938, -96.9810
31629235.839844, -96.7287
31630761.718750, -95.9865
31632287.597656, -95.3413
31633813.476562, -95.3208
31635339.355469, -95.9629
31636865.234375, -96.9312
31638391.113281, -97.8577
31639916.992188, -98.9017
31641442.871094, -100.7006
31642968.750000, -103.3884
31644494.628906, -105.8877
31646020.507812, -106.7135
31647546.386719, -106.1822
31649072.265625, -105.8993
31650598.144531, -105.5421
31652124.023438, -103.3854
31653649.902344, -100.4060
31655175.781250, -98.5711
31656701.660156, -98.3893
31658227.539062, -99.3662
31659753.417969, -100.4776
31661279.296875, -101.1585
31662805.175781, -101.9489
31664331.054688, -103.8043
31665856.933594, -106.9568
31667382.812500, -110.8683
31668908.691406, -116.4421
31670434.570312, -115.2394
31671960.449219, -108.3347
31673486.328125, -104.3345
31675012.207031, -101.7892
31676538.085938, -100.1360
31678063.964844, -99.2616
31679589.843750, -99.0825
31681115.722656, -99.4171
31682641.601562, -99.8281
31684167.480469, -99.8837
31685693.359375, -99.7790
31687219.238281, -100.1583
31688745.117188, -101.3997
31690270.996094, -103.2515
31691796.875000, -105.1206
31693322.753906, -107.1501
31694848.632812, -110.4972
31696374.511719, -114.8967
31697900.390625, -112.9801
31699426.269531, -108.8032
31700952.148438, -106.5699
31702478.027344, -106.6982
31704003.906250, -108.2700
31705529.785156, -110.0537
31707055.664062, -115.0623
31708581.542969, -116.3590
31710107.421875, -109.2546
31711633.300781, -106.7119
31713159.179688, -106.2759
31714685.058594, -107.5262
31716210.937500, -109.8997
31717736.816406, -112.3408
31719262.695312, -117.8580
31720788.574219, -114.5849
31722314.453125, -107.2696
31723840.332031, -104.3455
31725366.210938, -103.9073
31726892.089844, -105.5768
31728417.968750, -109.7192
31729943.847656, -116.8066
31731469.726562, -118.5910
31732995.605469, -110.0037
31734521.484375, -105.3763
31736047.363281, -103.7349
31737573.242188, -104.2895
31739099.121094, -106.7525
31740625.000000, -111.4279
31742150.878906, -121.4215
31743676.757812, -118.7211
31745202.636719, -108.8039
31746728.515625, -103.4914
31748254.394531, -100.5942
31749780.273438, -99.8047
31751306.152344, -100.6035
31752832.031250, -101.7370
31754357.910156, -102.3285
31755883.789062, -102.3376
31757409.667969, -101.4220
31758935.546875, -100.3168
31760461.425781, -99.7631
31761987.304688, -99.7476
31763513.183594, -99.7321
31765039.062500, -99.1742
31766564.941406, -98.4954
31768090.820312, -98.3795
31769616.699219, -99.2648
31771142.578125, -101.6616
31772668.457031, -106.5078
31774194.335938, -118.6459
31775720.214844, -111.5244
31777246.093750, -104.0736
31778771.972656, -100.2545
31780297.851562, -98.3031
31781823.730469, -97.6978
31783349.609375, -97.9573
31784875.488281, -98.7147
31786401.367188, -99.9045
31787927.246094, -101.5595
31789453.125000, -103.2861
31790979.003906, -103.8246
31792504.882812, -102.5110
31794030.761719, -100.8382
31795556.640625, -100.2669
31797082.519531, -100.7588
31798608.398438, -100.7917
31800134.277344, -99.7232
31801660.156250, -98.5873
31803186.035156, -97.8474
31804711.914062, -97.6047
31806237.792969, -97.9379
31807763.671875, -98.8389
31809289.550781, -100.0300
31810815.429688, -100.9655
31812341.308594, -101.6425
31813867.187500, -102.6017
31815393.066406, -103.4525
31816918.945312, -103.2101
31818444.824219, -102.4879
31819970.703125, -101.8447
31821496.582031, -101.3362
31823022.460938, -101.4690
31824548.339844, -102.4195
31826074.218750, -104.1701
31827600.097656, -106.9226
31829125.976562, -111.2960
31830651.855469, -127.4428
31832177.734375, -112.1753
31833703.613281, -108.7849
31835229.492188, -109.4744
31836755.371094, -107.7425
31838281.250000, -105.4796
31839807.128906, -103.1969
31841333.007812, -100.1014
31842858.886719, -97.9190
31844384.765625, -97.0176
31845910.644531, -96.6965
31847436.523438, -96.3483
31848962.402344, -96.2093
31850488.281250, -96.7941
31852014.160156, -98.1258
31853540.039062, -99.5778
31855065.917969, -100.5502
31856591.796875, -100.9888
31858117.675781, -100.9345
31859643.554688, -100.8124
31861169.433594, -101.5069
31862695.312500, -104.0656
31864221.191406, -110.0314
31865747.070312, -117.2577
31867272.949219, -109.1978
31868798.828125, -104.1811
31870324.707031, -101.2473
31871850.585938, -100.0447
31873376.464844, -100.2611
31874902.343750, -101.2987
31876428.222656, -102.0015
31877954.101562, -101.7655
31879479.980469, -101.9603
31881005.859375, -104.0377
31882531.738281, -108.7638
31884057.617188, -113.4976
31885583.496094, -110.7055
31887109.375000, -107.6777
31888635.253906, -105.1630
31890161.132812, -103.1210
31891687.011719, -102.0586
31893212.890625, -102.1115
31894738.769531, -103.2097
31896264.648438, -105.3679
31897790.527344, -108.0807
31899316.406250, -108.6697
31900842.285156, -107.6548
31902368.164062, -107.1763
31903894.042969, -107.5951
31905419.921875, -109.4007
31906945.800781, -112.2273
31908471.679688, -113.8193
31909997.558594, -113.7200
31911523.437500, -114.1024
31913049.316406, -114.9084
31914575.195312, -114.2836
31916101.074219, -113.0275
31917626.953125, -110.3279
31919152.832031, -107.1295
31920678.710938, -105.6658
31922204.589844, -105.5536
31923730.468750, -105.2825
31925256.347656, -104.7292
31926782.226562, -104.8576
31928308.105469, -105.9876
31929833.984375, -108.3378
31931359.863281, -113.2316
31932885.742188, -113.7595
31934411.621094, -106.6983
31935937.500000, -103.9702
31937463.378906, -104.4091
31938989.257812, -106.8981
31940515.136719, -108.9218
31942041.015625, -107.7455
31943566.894531, -103.9643
31945092.773438, -99.8163
31946618.652344, -97.0299
31948144.531250, -96.0198
31949670.410156, -96.6240
31951196.289062, -98.4583
31952722.167969, -101.0379
31954248.046875, -104.2549
31955773.925781, -109.4188
31957299.804688, -115.9661
31958825.683594, -109.5474
31960351.562500, -107.7711
31961877.441406, -109.8880
31963403.320312, -112.3221
31964929.199219, -111.9115
31966455.078125, -112.3131
31967980.957031, -113.7921
31969506.835938, -113.0346
31971032.714844, -108.6470
31972558.593750, -104.3523
31974084.472656, -101.8316
31975610.351562, -101.0656
31977136.230469, -101.6219
31978662.109375, -102.9168
31980187.988281, -104.2249
31981713.867188, -105.0355
31983239.746094, -105.5629
31984765.625000, -106.1102
31986291.503906, -106.4475
31987817.382812, -106.8770
31989343.261719, -108.3592
31990869.140625, -110.9745
31992395.019531, -111.0000
31993920.898438, -107.0760
31995446.777344, -104.1889
31996972.656250, -103.0199
31998498.535156, -102.9252
32000024.414062, -103.0749
32001550.292969, -103.1484
32003076.171875, -103.3740
32004602.050781, -103.4092
32006127.929688, -102.4578
32007653.808594, -101.2416
32009179.687500, -100.5678
32010705.566406, -100.1299
32012231.445312, -99.4263
32013757.324219, -98.5630
32015283.203125, -97.9404
32016809.082031, -97.6847
32018334.960938, -97.6915
32019860.839844, -98.0222
32021386.718750, -99.1185
32022912.597656, -101.5123
32024438.476562, -105.1620
32025964.355469, -107.3319
32027490.234375, -105.7124
32029016.113281, -104.2571
32030541.992188, -104.5546
32032067.871094, -107.0136
32033593.750000, -111.7779
32035119.628906, -114.6684
32036645.507812, -112.6828
32038171.386719, -112.0475
32039697.265625, -112.5145
32041223.144531, -108.6308
32042749.023438, -102.6455
32044274.902344, -98.4064
32045800.781250, -95.9629
32047326.660156, -94.9827
32048852.539062, -95.1344
32050378.417969, -96.0958
32051904.296875, -97.5279
32053430.175781, -99.2363
32054956.054688, -101.5157
32056481.933594, -104.2264
32058007.812500, -105.0986
32059533.691406, -104.8722
32061059.570312, -105.0462
32062585.449219, -103.9214
32064111.328125, -102.5354
32065637.207031, -101.9057
32067163.085938, -101.1949
32068688.964844, -100.0742
32070214.843750, -98.9203
32071740.722656, -98.0828
32073266.601562, -97.8761
32074792.480469, -98.5089
32076318.359375, -100.2732
32077844.238281, -103.6013
32079370.117188, -106.0710
32080895.996094, -103.2938
32082421.875000, -100.8170
32083947.753906, -99.4574
32085473.632812, -98.5821
32086999.511719, -98.0841
32088525.390625, -98.1028
32090051.269531, -98.9461
32091577.148438, -100.6376
32093103.027344, -101.4735
32094628.906250, -100.4645
32096154.785156, -99.6959
32097680.664062, -99.5760
32099206.542969, -99.3909
32100732.421875, -99.0552
32102258.300781, -99.1912
32103784.179688, -100.0798
32105310.058594, -101.0405
32106835.937500, -101.3085
32108361.816406, -101.6438
32109887.695312, -102.9765
32111413.574219, -105.4399
32112939.453125, -107.7720
32114465.332031, -108.1569
32115991.210938, -107.5176
32117517.089844, -105.5854
32119042.968750, -102.1864
32120568.847656, -99.0264
32122094.726562, -96.9743
32123620.605469, -96.1054
32125146.484375, -96.2568
32126672.363281, -97.0968
32128198.242188, -98.0989
32129724.121094, -98.8964
32131250.000000, -99.8807
32132775.878906, -102.0748
32134301.757812, -106.3149
32135827.636719, -109.2745
32137353.515625, -107.3493
32138879.394531, -106.7123
32140405.273438, -108.5431
32141931.152344, -114.8626
32143457.031250, -114.4579
32144982.910156, -106.7433
32146508.789062, -102.5945
32148034.667969, -99.4667
32149560.546875, -97.0036
32151086.425781, -95.3926
32152612.304688, -94.7562
32154138.183594, -95.0940
32155664.062500, -96.2787
32157189.941406, -98.0647
32158715.820312, -100.1277
32160241.699219, -101.6924
32161767.578125, -101.7728
32163293.457031, -101.1426
32164819.335938, -100.4493
32166345.214844, -99.4641
32167871.093750, -98.4423
32169396.972656, -97.8970
32170922.851562, -98.1109
32172448.730469, -98.9088
32173974.609375, -99.6691
32175500.488281, -100.1135
32177026.367188, -100.6000
32178552.246094, -101.4106
32180078.125000, -102.3327
32181604.003906, -102.8199
32183129.882812, -102.7431
32184655.761719, -102.4264
32186181.640625, -101.8258
32187707.519531, -100.4622
32189233.398438, -98.6988
32190759.277344, -97.2825
32192285.156250, -96.3060
32193811.035156, -95.4438
32195336.914062, -94.7383
32196862.792969, -94.6729
32198388.671875, -95.5043
32199914.550781, -96.9971
32201440.429688, -98.6602
32202966.308594, -100.2523
32204492.187500, -101.8312
32206018.066406, -103.3146
32207543.945312, -104.3656
32209069.824219, -104.7230
32210595.703125, -104.0881
32212121.582031, -102.4370
32213647.460938, -101.0808
32215173.339844, -101.2020
32216699.218750, -103.2059
32218225.097656, -106.8825
32219750.976562, -108.4487
32221276.855469, -104.3485
32222802.734375, -100.5934
32224328.613281, -98.3483
32225854.492188, -97.3098
32227380.371094, -97.1025
32228906.250000, -97.4693
32230432.128906, -98.4377
32231958.007812, -100.2873
32233483.886719, -103.2128
32235009.765625, -107.3490
32236535.644531, -113.1548
32238061.523438, -116.1430
32239587.402344, -112.5649
32241113.281250, -110.3784
32242639.160156, -109.6915
32244165.039062, -107.6808
32245690.917969, -105.7657
32247216.796875, -105.6709
32248742.675781, -106.1183
32250268.554688, -106.0418
32251794.433594, -105.9367
32253320.312500, -105.7013
32254846.191406, -106.2352
32256372.070312, -108.5279
32257897.949219, -112.7916
32259423.828125, -118.5839
32260949.707031, -114.1260
32262475.585938, -109.8412
32264001.464844, -108.7501
32265527.343750, -109.8836
32267053.222656, -112.0429
32268579.101562, -111.9088
32270104.980469, -109.0024
32271630.859375, -105.7775
32273156.738281, -102.9631
32274682.617188, -101.2514
32276208.496094, -101.0400
32277734.375000, -102.3216
32279260.253906, -104.9770
32280786.132812, -108.8252
32282312.011719, -112.1323
32283837.890625, -109.9773
32285363.769531, -105.6139
32286889.648438, -102.4702
32288415.527344, -100.7447
32289941.406250, -100.3193
32291467.285156, -101.2503
32292993.164062, -103.7693
32294519.042969, -107.7514
32296044.921875, -110.4967
32297570.800781, -110.4153
32299096.679688, -110.0485
32300622.558594, -108.9807
32302148.437500, -106.8937
32303674.316406, -104.6377
32305200.195312, -102.6649
32306726.074219, -101.4015
32308251.953125, -101.0801
32309777.832031, -101.3834
32311303.710938, -101.9908
32312829.589844, -103.3165
32314355.468750, -107.2483
32315881.347656, -129.9760
32317407.226562, -105.5855
32318933.105469, -99.9512
32320458.984375, -97.4601
32321984.863281, -96.3987
32323510.742188, -96.2316
32325036.621094, -96.9575
32326562.500000, -99.0034
32328088.378906, -103.1901
32329614.257812, -111.6176
32331140.136719, -118.7806
32332666.015625, -110.0232
32334191.894531, -106.1155
32335717.773438, -103.4804
32337243.652344, -101.5158
32338769.531250, -100.3504
32340295.410156, -100.2325
32341821.289062, -100.4010
32343347.167969, -100.1036
32344873.046875, -99.8352
32346398.925781, -99.7014
32347924.804688, -99.7234
32349450.683594, -100.0926
32350976.562500, -100.8336
32352502.441406, -102.0189
32354028.320312, -103.2396
32355554.199219, -103.0471
32357080.078125, -101.1054
32358605.957031, -99.1388
32360131.835938, -98.1396
32361657.714844, -98.1062
32363183.593750, -98.6045
32364709.472656, -99.0557
32366235.351562, -99.5299
32367761.230469, -101.1053
32369287.109375, -104.7040
32370812.988281, -109.8073
32372338.867188, -110.3788
32373864.746094, -107.7462
32375390.625000, -105.7459
32376916.503906, -103.9491
32378442.382812, -102.3720
32379968.261719, -101.4288
32381494.140625, -101.3679
32383020.019531, -102.2015
32384545.898438, -103.9476
32386071.777344, -106.7846
32387597.656250, -108.9486
32389123.535156, -105.5605
32390649.414062, -101.3202
32392175.292969, -98.5817
32393701.171875, -97.2441
32395227.050781, -97.0382
32396752.929688, -97.7277
32398278.808594, -99.2008
32399804.687500, -101.5628
32401330.566406, -104.9769
32402856.445312, -108.3814
32404382.324219, -109.0606
32405908.203125, -109.0345
32407434.082031, -109.6078
32408959.960938, -109.1553
32410485.839844, -107.3531
32412011.718750, -105.7926
32413537.597656, -105.6115
32415063.476562, -106.5493
32416589.355469, -106.6398
32418115.234375, -106.1743
32419641.113281, -107.7503
32421166.992188, -114.2674
32422692.871094, -121.6160
32424218.750000, -109.5826
32425744.628906, -105.7434
32427270.507812, -103.5533
32428796.386719, -101.7169
32430322.265625, -100.5648
32431848.144531, -100.5084
32433374.023438, -101.3161
32434899.902344, -102.4189
32436425.781250, -103.2706
32437951.660156, -103.2878
32439477.539062, -102.2374
32441003.417969, -100.7680
32442529.296875, -99.5024
32444055.175781, -98.6044
32445581.054688, -98.0811
32447106.933594, -98.0860
32448632.812500, -98.8172
32450158.691406, -99.8007
32451684.570312, -100.0587
32453210.449219, -100.0852
32454736.328125, -100.6406
32456262.207031, -101.2820
32457788.085938, -101.3083
32459313.964844, -101.5767
32460839.843750, -103.6819
32462365.722656, -107.2856
32463891.601562, -106.3907
32465417.480469, -104.6635
32466943.359375, -105.1118
32468469.238281, -107.2194
32469995.117188, -110.9149
32471520.996094, -117.4040
32473046.875000, -118.6805
32474572.753906, -110.5397
32476098.632812, -106.2014
32477624.511719, -104.2924
32479150.390625, -104.2312
32480676.269531, -105.5758
32482202.148438, -107.9126
32483728.027344, -111.4072
32485253.906250, -117.5515
32486779.785156, -120.4969
32488305.664062, -114.5324
32489831.542969, -111.2358
32491357.421875, -108.9469
32492883.300781, -106.8462
32494409.179688, -104.8281
32495935.058594, -103.3380
32497460.937500, -102.9339
32498986.816406, -104.0518
32500512.695312, -106.9505
32502038.574219, -110.8065
32503564.453125, -111.8795
32505090.332031, -109.0670
32506616.210938, -106.5692
32508142.089844, -105.4347
32509667.968750, -104.4139
32511193.847656, -102.6225
32512719.726562, -100.9405
32514245.605469, -100.3630
32515771.484375, -100.4739
32517297.363281, -99.7284
32518823.242188, -98.2534
32520349.121094, -97.0819
32521875.000000, -96.3160
32523400.878906, -95.7542
32524926.757812, -95.5609
32526452.636719, -96.3121
32527978.515625, -98.6554
32529504.394531, -103.4409
32531030.273438, -113.9591
32532556.152344, -111.7775
32534082.031250, -104.0998
32535607.910156, -99.8634
32537133.789062, -96.8668
32538659.667969, -94.7817
32540185.546875, -93.6008
32541711.425781, -93.3018
32543237.304688, -93.7114
32544763.183594, -94.5582
32546289.062500, -95.7130
32547814.941406, -97.4717
32549340.820312, -100.3909
32550866.699219, -104.0868
32552392.578125, -104.5212
32553918.457031, -102.2227
32555444.335938, -100.4987
32556970.214844, -99.6098
32558496.093750, -99.5210
32560021.972656, -100.2125
32561547.851562, -101.3738
32563073.730469, -102.4342
32564599.609375, -103.2844
32566125.488281, -104.6800
32567651.367188, -107.0078
32569177.246094, -109.1687
32570703.125000, -110.7563
32572229.003906, -112.0404
32573754.882812, -112.8674
32575280.761719, -111.9332
32576806.640625, -108.8593
32578332.519531, -107.0887
32579858.398438, -106.5721
32581384.277344, -106.1260
32582910.156250, -105.7064
32584436.035156, -106.6046
32585961.914062, -109.8807
32587487.792969, -113.7997
32589013.671875, -111.3001
32590539.550781, -108.9292
32592065.429688, -108.9688
32593591.308594, -109.1769
32595117.187500, -106.8732
32596643.066406, -103.8327
32598168.945312, -101.4656
32599694.824219, -100.3238
32601220.703125, -100.4431
32602746.582031, -101.2441
32604272.460938, -101.9628
32605798.339844, -102.7204
32607324.218750, -103.6888
32608850.097656, -104.1959
32610375.976562, -103.8707
32611901.855469, -103.4085
32613427.734375, -103.5672
32614953.613281, -104.5965
32616479.492188, -106.0991
32618005.371094, -107.1987
32619531.250000, -108.0081
32621057.128906, -109.1613
32622583.007812, -110.3605
32624108.886719, -111.0785
32625634.765625, -109.5335
32627160.644531, -106.0072
32628686.523438, -103.0168
32630212.402344, -100.9589
32631738.281250, -99.6608
32633264.160156, -99.1737
32634790.039062, -99.6712
32636315.917969, -101.0302
32637841.796875, -102.4269
32639367.675781, -103.1281
32640893.554688, -103.3326
32642419.433594, -102.6073
32643945.312500, -100.7554
32645471.191406, -98.8453
32646997.070312, -97.4955
32648522.949219, -96.6155
32650048.828125, -95.9524
32651574.707031, -95.6190
32653100.585938, -95.9430
32654626.464844, -96.9367
32656152.343750, -98.2595
32657678.222656, -99.7609
32659204.101562, -101.9102
32660729.980469, -105.3785
32662255.859375, -109.9880
32663781.738281, -113.1632
32665307.617188, -112.6505
32666833.496094, -110.1859
32668359.375000, -106.8739
32669885.253906, -103.3617
32671411.132812, -100.4789
32672937.011719, -98.5935
32674462.890625, -97.4719
32675988.769531, -96.6495
32677514.648438, -96.0091
32679040.527344, -95.9093
32680566.406250, -96.9208
32682092.285156, -99.5998
32683618.164062, -104.6626
32685144.042969, -114.8818
32686669.921875, -118.7497
32688195.800781, -111.6123
32689721.679688, -108.7605
32691247.558594, -106.6445
32692773.437500, -106.4177
32694299.316406, -109.2021
32695825.195312, -114.9217
32697351.074219, -112.1810
32698876.953125, -108.8024
32700402.832031, -107.5594
32701928.710938, -106.6370
32703454.589844, -105.2206
32704980.468750, -103.8215
32706506.347656, -103.0500
32708032.226562, -102.9513
32709558.105469, -103.2720
32711083.984375, -103.7403
32712609.863281, -104.2079
32714135.742188, -104.9288
32715661.621094, -105.8605
32717187.500000, -105.7012
32718713.378906, -104.3543
32720239.257812, -103.5834
32721765.136719, -104.4492
32723291.015625, -107.2219
32724816.894531, -111.3312
32726342.773438, -115.3555
32727868.652344, -120.0602
32729394.531250, -131.3599
32730920.410156, -115.1999
32732446.289062, -111.7459
32733972.167969, -114.4353
32735498.046875, -114.0693
32737023.925781, -105.7412
32738549.804688, -101.6535
32740075.683594, -99.7265
32741601.562500, -98.8511
32743127.441406, -98.4395
32744653.320312, -98.5284
32746179.199219, -99.7085
32747705.078125, -102.8531
32749230.957031, -106.4195
32750756.835938, -103.0204
32752282.714844, -99.6204
32753808.593750, -97.5182
32755334.472656, -96.0521
32756860.351562, -95.2772
32758386.230469, -95.5800
32759912.109375, -97.5012
32761437.988281, -101.8365
32762963.867188, -110.8772
32764489.746094, -110.8210
32766015.625000, -103.4128
32767541.503906, -99.9007
32769067.382812, -98.2700
32770593.261719, -97.8518
32772119.140625, -98.1986
32773645.019531, -98.9517
32775170.898438, -99.7249
32776696.777344, -100.3739
32778222.656250, -101.1461
32779748.535156, -101.8681
32781274.414062, -101.8700
32782800.292969, -101.0390
32784326.171875, -100.0830
32785852.050781, -99.8257
32787377.929688, -100.7756
32788903.808594, -103.2412
32790429.687500, -107.4244
32791955.566406, -112.6874
32793481.445312, -115.0768
32795007.324219, -114.2414
32796533.203125, -114.2172
32798059.082031, -112.9946
32799584.960938, -108.6985
32801110.839844, -106.5093
32802636.718750, -107.1796
32804162.597656, -108.4633
32805688.476562, -106.2025
32807214.355469, -102.4453
32808740.234375, -99.5583
32810266.113281, -98.1817
32811791.992188, -98.0728
32813317.871094, -98.5527
32814843.750000, -98.9628
32816369.628906, -99.3310
32817895.507812, -100.6277
32819421.386719, -104.3324
32820947.265625, -112.8131
32822473.144531, -110.5779
32823999.023438, -105.8362
32825524.902344, -103.6492
32827050.781250, -102.0407
32828576.660156, -100.5335
32830102.539062, -99.3738
32831628.417969, -98.9041
32833154.296875, -98.8862
32834680.175781, -98.7862
32836206.054688, -98.5339
32837731.933594, -98.3706
32839257.812500, -98.5340
32840783.691406, -99.3956
32842309.570312, -101.3631
32843835.449219, -104.7632
32845361.328125, -109.4046
32846887.207031, -109.3948
32848413.085938, -104.7884
32849938.964844, -101.2948
32851464.843750, -98.9512
32852990.722656, -97.5334
32854516.601562, -96.9955
32856042.480469, -97.3022
32857568.359375, -98.3690
32859094.238281, -100.1547
32860620.117188, -102.8394
32862145.996094, -106.9736
32863671.875000, -112.4631
32865197.753906, -113.0031
32866723.632812, -111.8925
32868249.511719, -111.2195
32869775.390625, -107.5135
32871301.269531, -103.8825
32872827.148438, -101.7376
32874353.027344, -100.9538
32875878.906250, -101.1856
32877404.785156, -102.1374
32878930.664062, -103.8708
32880456.542969, -106.6716
32881982.421875, -110.8302
32883508.300781, -116.0949
32885034.179688, -113.7763
32886560.058594, -108.5200
32888085.937500, -105.0449
32889611.816406, -102.8813
32891137.695312, -102.0783
32892663.574219, -102.8797
32894189.453125, -105.4427
32895715.332031, -109.4804
32897241.210938, -112.0510
32898767.089844, -110.3646
32900292.968750, -108.5720
32901818.847656, -108.4255
32903344.726562, -110.4090
32904870.605469, -113.1008
32906396.484375, -110.7019
32907922.363281, -107.7819
32909448.242188, -107.2586
32910974.121094, -109.4691
32912500.000000, -114.6405
32914025.878906, -115.1763
32915551.757812, -110.1699
32917077.636719, -107.1996
32918603.515625, -105.7479
32920129.394531, -104.9460
32921655.273438, -103.8013
32923181.152344, -101.8531
32924707.031250, -99.7111
32926232.910156, -98.1234
32927758.789062, -97.2279
32929284.667969, -96.6765
32930810.546875, -96.1777
32932336.425781, -95.9227
32933862.304688, -96.2246
32935388.183594, -97.1539
32936914.062500, -98.6386
32938439.941406, -100.6918
32939965.820312, -103.6610
32941491.699219, -108.4969
32943017.578125, -117.1597
32944543.457031, -121.4458
32946069.335938, -123.0647
32947595.214844, -116.0918
32949121.093750, -108.1322
32950646.972656, -104.7298
32952172.851562, -104.1175
32953698.730469, -105.0897
32955224.609375, -104.9544
32956750.488281, -103.3881
32958276.367188, -102.4216
32959802.246094, -102.0015
32961328.125000, -101.7609
32962854.003906, -102.3776
32964379.882812, -104.7784
32965905.761719, -109.8800
32967431.640625, -119.1426
32968957.519531, -113.5494
32970483.398438, -108.2205
32972009.277344, -105.7606
32973535.156250, -105.2941
32975061.035156, -106.7202
32976586.914062, -109.2447
32978112.792969, -108.8507
32979638.671875, -106.2909
32981164.550781, -104.8826
32982690.429688, -104.8818
32984216.308594, -105.9396
32985742.187500, -107.1725
32987268.066406, -107.8304
32988793.945312, -109.2635
32990319.824219, -112.5973
32991845.703125, -114.7374
32993371.582031, -114.3393
32994897.460938, -113.4004
32996423.339844, -110.0711
32997949.218750, -106.2043
32999475.097656, -103.8990
33001000.976562, -103.2902
33002526.855469, -103.6698
33004052.734375, -104.5591
33005578.613281, -106.1938
33007104.492188, -107.8860
33008630.371094, -105.8402
33010156.250000, -102.3366
33011682.128906, -100.2083
33013208.007812, -99.3258
33014733.886719, -99.1629
33016259.765625, -99.3909
33017785.644531, -100.0796
33019311.523438, -101.3340
33020837.402344, -102.8357
33022363.281250, -104.2440
33023889.160156, -105.2147
33025415.039062, -105.3869
33026940.917969, -105.5996
33028466.796875, -106.5123
33029992.675781, -107.7982
33031518.554688, -108.5857
33033044.433594, -107.9945
33034570.312500, -106.1855
33036096.191406, -104.0418
33037622.070312, -102.1269
33039147.949219, -100.7219
33040673.828125, -100.0281
33042199.707031, -100.2097
33043725.585938, -101.3999
33045251.464844, -103.7093
33046777.343750, -107.2238
33048303.222656, -111.2285
33049829.101562, -112.4107
33051354.980469, -110.7231
33052880.859375, -109.1780
33054406.738281, -109.3820
33055932.617188, -113.5732
33057458.496094, -116.9658
33058984.375000, -105.9066
33060510.253906, -101.2968
33062036.132812, -99.2888
33063562.011719, -98.6728
33065087.890625, -98.8052
33066613.769531, -99.3849
33068139.648438, -100.2841
33069665.527344, -100.7667
33071191.406250, -99.6302
33072717.285156, -97.8392
33074243.164062, -96.7392
33075769.042969, -96.4147
33077294.921875, -96.3858
33078820.800781, -96.3754
33080346.679688, -96.5362
33081872.558594, -96.9445
33083398.437500, -97.3738
33084924.316406, -97.6363
33086450.195312, -97.9849
33087976.074219, -98.9451
33089501.953125, -100.8788
33091027.832031, -103.8839
33092553.710938, -108.2725
33094079.589844, -115.2521
33095605.468750, -120.3740
33097131.347656, -113.2146
33098657.226562, -108.3078
33100183.105469, -106.2500
33101708.984375, -105.8908
33103234.863281, -105.3863
33104760.742188, -103.8326
33106286.621094, -102.2497
33107812.500000, -101.4731
33109338.378906, -101.3219
33110864.257812, -101.4129
33112390.136719, -102.0367
33113916.015625, -103.8930
33115441.894531, -106.9578
33116967.773438, -106.7185
33118493.652344, -103.7085
33120019.531250, -101.5759
33121545.410156, -99.8496
33123071.289062, -98.3106
33124597.167969, -97.4633
33126123.046875, -97.8305
33127648.925781, -99.5967
33129174.804688, -102.5632
33130700.683594, -105.8943
33132226.562500, -106.7635
33133752.441406, -103.8238
33135278.320312, -100.6726
33136804.199219, -98.7191
33138330.078125, -97.8321
33139855.957031, -97.5382
33141381.835938, -97.5450
33142907.714844, -97.9844
33144433.593750, -99.1237
33145959.472656, -100.7684
33147485.351562, -101.7135
33149011.230469, -101.0393
33150537.109375, -99.7996
33152062.988281, -99.0942
33153588.867188, -99.2267
33155114.746094, -99.9101
33156640.625000, -100.4233
33158166.503906, -100.5482
33159692.382812, -100.9955
33161218.261719, -101.8250
33162744.140625, -102.0781
33164270.019531, -101.8592
33165795.898438, -102.0762
33167321.777344, -103.4918
33168847.656250, -107.4255
33170373.535156, -118.0025
33171899.414062, -116.8750
33173425.292969, -111.0579
33174951.171875, -108.7356
33176477.050781, -107.0591
33178002.929688, -106.3342
33179528.808594, -105.1666
33181054.687500, -102.6164
33182580.566406, -100.0683
33184106.445312, -97.9726
33185632.324219, -96.3789
33187158.203125, -95.5447
33188684.082031, -95.7011
33190209.960938, -96.9217
33191735.839844, -99.1836
33193261.718750, -102.4391
33194787.597656, -106.7903
33196313.476562, -111.5189
33197839.355469, -107.6568
33199365.234375, -102.4282
33200891.113281, -99.6307
33202416.992188, -98.7084
33203942.871094, -99.0678
33205468.750000, -100.1464
33206994.628906, -101.5288
33208520.507812, -102.6928
33210046.386719, -102.2309
33211572.265625, -100.1867
33213098.144531, -98.5039
33214624.023438, -97.6385
33216149.902344, -97.1978
33217675.781250, -96.9422
33219201.660156, -96.9155
33220727.539062, -97.1176
33222253.417969, -97.5061
33223779.296875, -98.1986
33225305.175781, -99.2727
33226831.054688, -100.6293
33228356.933594, -102.3739
33229882.812500, -104.8897
33231408.691406, -107.7483
33232934.570312, -108.7997
33234460.449219, -109.3047
33235986.328125, -112.4199
33237512.207031, -120.2655
33239038.085938, -114.7439
33240563.964844, -109.5212
33242089.843750, -107.0368
33243615.722656, -105.0609
33245141.601562, -103.4610
33246667.480469, -103.4238
33248193.359375, -105.8096
33249719.238281, -108.3041
33251245.117188, -105.0196
33252770.996094, -102.3488
33254296.875000, -101.1357
33255822.753906, -100.2008
33257348.632812, -99.0721
33258874.511719, -98.2358
33260400.390625, -98.2819
33261926.269531, -99.3064
33263452.148438, -101.1445
33264978.027344, -104.0286
33266503.906250, -107.8217
33268029.785156, -109.7596
33269555.664062, -109.9600
33271081.542969, -108.6817
33272607.421875, -103.9635
33274133.300781, -100.2315
33275659.179688, -98.6750
33277185.058594, -98.9148
33278710.937500, -100.3535
33280236.816406, -102.0751
33281762.695312, -102.7921
33283288.574219, -102.0395
33284814.453125, -101.0911
33286340.332031, -101.1240
33287866.210938, -102.1901
33289392.089844, -103.5455
33290917.968750, -104.9791
33292443.847656, -108.2204
33293969.726562, -120.6957
33295495.605469, -111.2945
33297021.484375, -104.1208
33298547.363281, -100.7886
33300073.242188, -99.0153
33301599.121094, -98.3052
33303125.000000, -98.5720
33304650.878906, -100.0641
33306176.757812, -103.6208
33307702.636719, -108.8126
33309228.515625, -104.8552
33310754.394531, -101.0511
33312280.273438, -99.3038
33313806.152344, -98.4784
33315332.031250, -98.2880
33316857.910156, -99.1887
33318383.789062, -101.8484
33319909.667969, -105.3824
33321435.546875, -104.2853
33322961.425781, -102.0165
33324487.304688, -100.9864
33326013.183594, -99.9870
33327539.062500, -98.4842
33329064.941406, -97.3423
33330590.820312, -97.0396
33332116.699219, -97.1149
33333642.578125, -96.8106
33335168.457031, -96.3913
33336694.335938, -96.7432
33338220.214844, -98.2233
33339746.093750, -100.1566
33341271.972656, -100.5177
33342797.851562, -99.6101
33344323.730469, -99.5194
33345849.609375, -100.4328
33347375.488281, -101.2412
33348901.367188, -101.5161
33350427.246094, -101.7228
33351953.125000, -101.0124
33353479.003906, -98.7232
33355004.882812, -96.2877
33356530.761719, -94.5928
33358056.640625, -93.7230
33359582.519531, -93.6422
33361108.398438, -94.3182
33362634.277344, -95.7182
33364160.156250, -97.9976
33365686.035156, -101.7610
33367211.914062, -107.8335
33368737.792969, -106.5300
33370263.671875, -101.3615
33371789.550781, -98.6621
33373315.429688, -97.4344
33374841.308594, -97.1750
33376367.187500, -97.6809
33377893.066406, -98.7377
33379418.945312, -99.9047
33380944.824219, -100.7557
33382470.703125, -101.7075
33383996.582031, -103.8078
33385522.460938, -108.0245
33387048.339844, -115.4634
33388574.218750, -115.5166
33390100.097656, -110.0094
33391625.976562, -106.1320
33393151.855469, -102.7531
33394677.734375, -100.0541
33396203.613281, -98.0373
33397729.492188, -96.4991
33399255.371094, -95.3920
33400781.250000, -94.8644
33402307.128906, -95.0988
33403833.007812, -96.1719
33405358.886719, -97.9681
33406884.765625, -100.1950
33408410.644531, -102.4421
33409936.523438, -103.9227
33411462.402344, -104.2645
33412988.281250, -104.4865
33414514.160156, -104.7746
33416040.039062, -104.5280
33417565.917969, -104.5684
33419091.796875, -106.0341
33420617.675781, -109.6116
33422143.554688, -117.9313
33423669.433594, -117.7107
33425195.312500, -107.6229
33426721.191406, -102.9997
33428247.070312, -100.8521
33429772.949219, -100.3210
33431298.828125, -100.3070
33432824.707031, -99.5658
33434350.585938, -97.9790
33435876.464844, -96.1391
33437402.343750, -94.5715
33438928.222656, -93.6725
33440454.101562, -93.5694
33441979.980469, -94.0204
33443505.859375, -94.6630
33445031.738281, -95.5398
33446557.617188, -97.1969
33448083.496094, -100.2507
33449609.375000, -103.7371
33451135.253906, -103.4467
33452661.132812, -101.5195
33454187.011719, -100.0814
33455712.890625, -99.3251
33457238.769531, -99.5070
33458764.648438, -100.8236
33460290.527344, -103.2373
33461816.406250, -106.1780
33463342.285156, -109.3666
33464868.164062, -115.4328
33466394.042969, -117.6993
33467919.921875, -108.0858
33469445.800781, -104.2120
33470971.679688, -103.2564
33472497.558594, -104.7573
33474023.437500, -108.8496
33475549.316406, -111.0437
33477075.195312, -106.3510
33478601.074219, -102.8881
33480126.953125, -100.6314
33481652.832031, -99.1388
33483178.710938, -98.3007
33484704.589844, -98.0099
33486230.468750, -98.2199
33487756.347656, -98.8784
33489282.226562, -99.6267
33490808.105469, -99.8716
33492333.984375, -99.5694
33493859.863281, -99.4336
33495385.742188, -100.0694
33496911.621094, -101.5579
33498437.500000, -103.5770
33499963.378906, -105.5718
33501489.257812, -106.7488
33503015.136719, -105.9765
33504541.015625, -103.4972
33506066.894531, -101.1298
33507592.773438, -99.5521
33509118.652344, -98.3887
33510644.531250, -97.3283
33512170.410156, -96.7257
33513696.289062, -97.0526
33515222.167969, -98.4106
33516748.046875, -100.5925
33518273.925781, -103.3587
33519799.804688, -105.2656
33521325.683594, -102.7895
33522851.562500, -99.4823
33524377.441406, -97.4773
33525903.320312, -96.4889
33527429.199219, -96.1008
33528955.078125, -96.1326
33530480.957031, -96.5715
33532006.835938, -97.4430
33533532.714844, -98.7208
33535058.593750, -100.0733
33536584.472656, -100.8374
33538110.351562, -100.9509
33539636.230469, -101.3117
33541162.109375, -102.8183
33542687.988281, -105.6127
33544213.867188, -108.2789
33545739.746094, -109.1565
33547265.625000, -108.5623
33548791.503906, -107.4368
33550317.382812, -105.4555
33551843.261719, -103.5519
33553369.140625, -103.1555
33554895.019531, -103.9758
33556420.898438, -106.3507
33557946.777344, -113.6356
33559472.656250, -114.0710
33560998.535156, -106.0555
33562524.414062, -102.1783
33564050.292969, -99.7336
33565576.171875, -98.4833
33567102.050781, -98.5844
33568627.929688, -100.1303
33570153.808594, -103.0019
33571679.687500, -106.9791
33573205.566406, -111.9493
33574731.445312, -110.4539
33576257.324219, -105.3035
33577783.203125, -102.9026
33579309.082031, -102.7410
33580834.960938, -103.6267
33582360.839844, -103.6723
33583886.718750, -102.5097
33585412.597656, -101.0177
33586938.476562, -99.8847
33588464.355469, -99.6030
33589990.234375, -100.2772
33591516.113281, -101.6880
33593041.992188, -103.5919
33594567.871094, -106.2608
33596093.750000, -111.1699
33597619.628906, -129.6798
33599145.507812, -112.9456
33600671.386719, -107.3806
33602197.265625, -105.3757
33603723.144531, -105.0169
33605249.023438, -105.6345
33606774.902344, -107.1462
33608300.781250, -109.6233
33609826.660156, -112.1524
33611352.539062, -112.9725
33612878.417969, -112.5529
33614404.296875, -111.1021
33615930.175781, -108.3687
33617456.054688, -105.3883
33618981.933594, -102.7808
33620507.812500, -100.7777
33622033.691406, -99.5321
33623559.570312, -98.9596
33625085.449219, -98.7854
33626611.328125, -98.5971
33628137.207031, -98.0047
33629663.085938, -97.0642
33631188.964844, -96.3173
33632714.843750, -96.1529
33634240.722656, -96.4565
33635766.601562, -96.8593
33637292.480469, -97.2966
33638818.359375, -98.2538
33640344.238281, -100.3659
33641870.117188, -103.7470
33643395.996094, -106.3360
33644921.875000, -104.6374
33646447.753906, -101.3697
33647973.632812, -98.8691
33649499.511719, -97.4701
33651025.390625, -97.0017
33652551.269531, -97.0914
33654077.148438, -97.4149
33655603.027344, -97.9550
33657128.906250, -98.8740
33658654.785156, -100.1023
33660180.664062, -100.9937
33661706.542969, -101.0729
33663232.421875, -101.0133
33664758.300781, -101.4212
33666284.179688, -102.2705
33667810.058594, -103.3145
33669335.937500, -103.8572
33670861.816406, -102.4303
33672387.695312, -99.6936
33673913.574219, -97.5500
33675439.453125, -96.3929
33676965.332031, -95.8603
33678491.210938, -95.6246
33680017.089844, -95.7177
33681542.968750, -96.3663
33683068.847656, -97.6993
33684594.726562, -99.6811
33686120.605469, -102.1551
33687646.484375, -105.0075
33689172.363281, -108.5971
33690698.242188, -112.5605
33692224.121094, -109.7424
33693750.000000, -104.8245
33695275.878906, -102.0530
33696801.757812, -101.0606
33698327.636719, -101.1725
33699853.515625, -101.8087
33701379.394531, -102.4879
33702905.273438, -102.5406
33704431.152344, -102.3637
33705957.031250, -102.8581
33707482.910156, -103.3498
33709008.789062, -102.3134
33710534.667969, -100.3179
33712060.546875, -98.7363
33713586.425781, -97.9528
33715112.304688, -97.5378
33716638.183594, -96.8977
33718164.062500, -95.9991
33719689.941406, -95.2035
33721215.820312, -94.7339
33722741.699219, -94.6683
33724267.578125, -95.1031
33725793.457031, -95.9528
33727319.335938, -96.7941
33728845.214844, -97.4614
33730371.093750, -98.1597
33731896.972656, -98.5979
33733422.851562, -98.0430
33734948.730469, -97.0705
33736474.609375, -97.0769
33738000.488281, -98.4090
33739526.367188, -100.1847
33741052.246094, -101.0342
33742578.125000, -101.1777
33744104.003906, -102.0382
33745629.882812, -104.3012
33747155.761719, -106.6322
33748681.640625, -106.8059
33750207.519531, -105.8904
33751733.398438, -104.4855
33753259.277344, -103.6858
33754785.156250, -104.2561
33756311.035156, -106.9769
33757836.914062, -114.0541
33759362.792969, -114.6379
33760888.671875, -109.6182
33762414.550781, -107.4960
33763940.429688, -105.8508
33765466.308594, -103.8413
33766992.187500, -101.6276
33768518.066406, -100.3748
33770043.945312, -100.5620
33771569.824219, -101.9291
33773095.703125, -104.0160
33774621.582031, -106.5297
33776147.460938, -107.6734
33777673.339844, -106.0286
33779199.218750, -104.7217
33780725.097656, -105.0103
33782250.976562, -106.6649
33783776.855469, -108.9270
33785302.734375, -110.8587
33786828.613281, -111.2398
33788354.492188, -108.8773
33789880.371094, -106.4823
33791406.250000, -105.8037
33792932.128906, -106.1932
33794458.007812, -105.9634
33795983.886719, -104.7707
33797509.765625, -104.1079
33799035.644531, -105.4287
33800561.523438, -110.3223
33802087.402344, -122.1484
33803613.281250, -118.8990
33805139.160156, -122.5649
33806665.039062, -134.7634
33808190.917969, -125.8998
33809716.796875, -121.8212
33811242.675781, -115.3823
33812768.554688, -111.0296
33814294.433594, -109.3155
33815820.312500, -110.8883
33817346.191406, -115.3660
33818872.070312, -113.6964
33820397.949219, -110.2999
33821923.828125, -108.8024
33823449.707031, -108.7214
33824975.585938, -111.3106
33826501.464844, -125.3478
33828027.343750, -110.9311
33829553.222656, -105.4755
33831079.101562, -104.5456
33832604.980469, -106.2749
33834130.859375, -108.8571
33835656.738281, -107.2391
33837182.617188, -103.6154
33838708.496094, -101.3944
33840234.375000, -100.5362
33841760.253906, -100.7525
33843286.132812, -101.8341
33844812.011719, -103.7393
33846337.890625, -106.8235
33847863.769531, -112.3721
33849389.648438, -115.3637
33850915.527344, -107.1509
33852441.406250, -102.5798
33853967.285156, -100.0059
33855493.164062, -98.5994
33857019.042969, -97.8661
33858544.921875, -97.6698
33860070.800781, -98.1033
33861596.679688, -99.1689
33863122.558594, -100.9007
33864648.437500, -103.7164
33866174.316406, -108.6058
33867700.195312, -112.6941
33869226.074219, -107.4078
33870751.953125, -103.6301
33872277.832031, -101.5720
33873803.710938, -100.7545
33875329.589844, -101.1883
33876855.468750, -102.9299
33878381.347656, -105.5904
33879907.226562, -107.9822
33881433.105469, -109.3453
33882958.984375, -110.7842
33884484.863281, -114.4005
33886010.742188, -119.8036
33887536.621094, -111.5055
33889062.500000, -105.1709
33890588.378906, -101.0835
33892114.257812, -98.4536
33893640.136719, -96.9318
33895166.015625, -96.2614
33896691.894531, -96.1739
33898217.773438, -96.4451
33899743.652344, -96.9150
33901269.531250, -97.2821
33902795.410156, -97.0792
33904321.289062, -96.3544
33905847.167969, -95.7029
33907373.046875, -95.4280
33908898.925781, -95.3263
33910424.804688, -95.0714
33911950.683594, -94.6961
33913476.562500, -94.5589
33915002.441406, -94.9428
33916528.320312, -95.8708
33918054.199219, -97.1430
33919580.078125, -98.4394
33921105.957031, -99.5939
33922631.835938, -100.9532
33924157.714844, -103.0912
33925683.593750, -104.7135
33927209.472656, -102.6220
33928735.351562, -99.5923
33930261.230469, -97.5833
33931787.109375, -96.9795
33933312.988281, -97.6805
33934838.867188, -99.0545
33936364.746094, -100.3812
33937890.625000, -101.5720
33939416.503906, -103.0727
33940942.382812, -105.3006
33942468.261719, -108.4278
33943994.140625, -110.0814
33945520.019531, -104.5208
33947045.898438, -99.8819
33948571.777344, -97.5110
33950097.656250, -96.6050
33951623.535156, -96.4599
33953149.414062, -96.8267
33954675.292969, -98.0822
33956201.171875, -100.8874
33957727.050781, -104.7141
33959252.929688, -107.0545
33960778.808594, -109.9761
33962304.687500, -110.0297
33963830.566406, -106.8739
33965356.445312, -105.8041
33966882.324219, -104.6783
33968408.203125, -101.9388
33969934.082031, -99.8497
33971459.960938, -99.5550
33972985.839844, -100.7119
33974511.718750, -102.8239
33976037.597656, -106.4734
33977563.476562, -107.3900
33979089.355469, -102.0570
33980615.234375, -98.3125
33982141.113281, -95.9878
33983666.992188, -94.6979
33985192.871094, -94.4642
33986718.750000, -95.3525
33988244.628906, -97.2755
33989770.507812, -100.0388
33991296.386719, -103.8927
33992822.265625, -109.7315
33994348.144531, -107.0769
33995874.023438, -101.9049
33997399.902344, -99.8616
33998925.781250, -100.0690
34000451.660156, -102.1474
34001977.539062, -106.0565
34003503.417969, -113.1375
34005029.296875, -115.9561
34006555.175781, -106.7685
34008081.054688, -102.5855
34009606.933594, -100.4867
34011132.812500, -99.6292
34012658.691406, -99.6978
34014184.570312, -100.4275
34015710.449219, -101.5756
34017236.328125, -103.0227
34018762.207031, -104.3521
34020288.085938, -104.6175
34021813.964844, -103.5853
34023339.843750, -102.3086
34024865.722656, -101.6247
34026391.601562, -101.4850
34027917.480469, -101.4815
34029443.359375, -101.4376
34030969.238281, -101.4854
34032495.117188, -101.8821
34034020.996094, -103.2119
34035546.875000, -106.0816
34037072.753906, -109.9014
34038598.632812, -112.0574
34040124.511719, -111.7912
34041650.390625, -110.6106
34043176.269531, -110.8064
34044702.148438, -115.4112
34046228.027344, -115.1761
34047753.906250, -108.8783
34049279.785156, -106.7896
34050805.664062, -106.0500
34052331.542969, -105.1039
34053857.421875, -103.8131
34055383.300781, -102.7523
34056909.179688, -102.0747
34058435.058594, -101.3312
34059960.937500, -100.2164
34061486.816406, -99.1267
34063012.695312, -98.7400
34064538.574219, -99.2923
34066064.453125, -100.3366
34067590.332031, -101.4211
34069116.210938, -102.7028
34070642.089844, -104.2521
34072167.968750, -105.7820
34073693.847656, -107.7137
34075219.726562, -111.8103
34076745.605469, -112.0289
34078271.484375, -107.6200
34079797.363281, -106.0366
34081323.242188, -105.7116
34082849.121094, -105.0664
34084375.000000, -103.5991
34085900.878906, -102.3749
34087426.757812, -102.1116
34088952.636719, -102.0810
34090478.515625, -101.5243
34092004.394531, -100.7940
34093530.273438, -99.8859
34095056.152344, -98.4308
34096582.031250, -96.7010
34098107.910156, -95.4053
34099633.789062, -95.0170
34101159.667969, -95.6075
34102685.546875, -97.0935
34104211.425781, -99.4290
34105737.304688, -102.2147
34107263.183594, -104.7707
34108789.062500, -107.9690
34110314.941406, -115.8667
34111840.820312, -112.8437
34113366.699219, -105.5066
34114892.578125, -103.3940
34116418.457031, -103.5802
34117944.335938, -103.7818
34119470.214844, -102.6866
34120996.093750, -101.6538
34122521.972656, -101.6732
34124047.851562, -102.5786
34125573.730469, -104.0469
34127099.609375, -106.1131
34128625.488281, -107.2457
34130151.367188, -104.6828
34131677.246094, -101.2582
34133203.125000, -98.6917
34134729.003906, -96.9315
34136254.882812, -95.8674
34137780.761719, -95.5925
34139306.640625, -96.2106
34140832.519531, -97.6703
34142358.398438, -99.7923
34143884.277344, -102.3461
34145410.156250, -104.2960
34146936.035156, -103.7655
34148461.914062, -102.7635
34149987.792969, -103.7387
34151513.671875, -107.7487
34153039.550781, -110.2897
34154565.429688, -105.5351
34156091.308594, -103.1985
34157617.187500, -102.4568
34159143.066406, -101.1775
34160668.945312, -99.3390
34162194.824219, -98.4798
34163720.703125, -99.2055
34165246.582031, -101.1779
34166772.460938, -102.5541
34168298.339844, -101.8692
34169824.218750, -101.1364
34171350.097656, -101.5281
34172875.976562, -102.3569
34174401.855469, -102.2303
34175927.734375, -101.3930
34177453.613281, -101.0026
34178979.492188, -101.4601
34180505.371094, -102.8436
34182031.250000, -105.0233
34183557.128906, -106.8603
34185083.007812, -106.9002
34186608.886719, -105.9133
34188134.765625, -105.5062
34189660.644531, -105.0039
34191186.523438, -102.8639
34192712.402344, -100.0610
34194238.281250, -97.6246
34195764.160156, -95.8895
34197290.039062, -94.8616
34198815.917969, -94.4497
34200341.796875, -94.6632
34201867.675781, -95.5638
34203393.554688, -97.0911
34204919.433594, -98.9804
34206445.312500, -100.8826
34207971.191406, -102.5847
34209497.070312, -103.9641
34211022.949219, -104.9643
34212548.828125, -106.1025
34214074.707031, -107.8796
34215600.585938, -108.6230
34217126.464844, -107.0278
34218652.343750, -105.1194
34220178.222656, -103.2646
34221704.101562, -101.2131
34223229.980469, -99.1125
34224755.859375, -97.4845
34226281.738281, -96.6177
34227807.617188, -96.3398
34229333.496094, -96.3453
34230859.375000, -96.5834
34232385.253906, -97.2837
34233911.132812, -98.6287
34235437.011719, -100.4008
34236962.890625, -101.8363
34238488.769531, -102.1850
34240014.648438, -101.5579
34241540.527344, -100.3764
34243066.406250, -98.9052
34244592.285156, -97.5682
34246118.164062, -96.8981
34247644.042969, -97.2159
34249169.921875, -98.4855
34250695.800781, -100.4141
34252221.679688, -102.9634
34253747.558594, -106.1001
34255273.437500, -106.7201
34256799.316406, -105.1053
34258325.195312, -104.7800
34259851.074219, -106.0813
34261376.953125, -109.9397
34262902.832031, -121.1212
34264428.710938, -107.5497
34265954.589844, -101.7347
34267480.468750, -99.2754
34269006.347656, -98.5616
34270532.226562, -98.8153
34272058.105469, -99.6796
34273583.984375, -101.3187
34275109.863281, -104.5517
34276635.742188, -110.9118
34278161.621094, -118.2147
34279687.500000, -116.4691
34281213.378906, -119.7170
34282739.257812, -121.1860
34284265.136719, -115.0110
34285791.015625, -108.5737
34287316.894531, -103.9811
34288842.773438, -101.8197
34290368.652344, -101.5274
34291894.531250, -102.0029
34293420.410156, -102.3305
34294946.289062, -102.6507
34296472.167969, -103.2450
34297998.046875, -103.7502
34299523.925781, -103.4047
34301049.804688, -102.8895
34302575.683594, -103.5318
34304101.562500, -106.2892
34305627.441406, -112.6294
34307153.320312, -125.2321
34308679.199219, -122.8303
34310205.078125, -115.3197
34311730.957031, -110.2411
34313256.835938, -107.7075
34314782.714844, -107.6069
34316308.593750, -110.2209
34317834.472656, -108.2350
34319360.351562, -103.1011
34320886.230469, -100.0562
34322412.109375, -98.1312
34323937.988281, -96.6698
34325463.867188, -95.7269
34326989.746094, -95.6096
34328515.625000, -96.3608
34330041.503906, -97.6110
34331567.382812, -99.0490
34333093.261719, -100.8876
34334619.140625, -102.9642
34336145.019531, -104.0381
34337670.898438, -104.3544
34339196.777344, -105.8336
34340722.656250, -109.0351
34342248.535156, -110.3005
34343774.414062, -107.3700
34345300.292969, -103.3531
34346826.171875, -100.7108
34348352.050781, -99.8880
34349877.929688, -100.2976
34351403.808594, -101.2650
34352929.687500, -102.4128
34354455.566406, -104.2968
34355981.445312, -107.3884
34357507.324219, -109.3977
34359033.203125, -109.9202
34360559.082031, -110.5480
34362084.960938, -110.0367
34363610.839844, -108.5431
34365136.718750, -107.7308
34366662.597656, -108.3598
34368188.476562, -109.4105
34369714.355469, -108.7206
34371240.234375, -107.5073
34372766.113281, -107.4925
34374291.992188, -108.0240
34375817.871094, -107.0331
34377343.750000, -105.5875
34378869.628906, -106.0244
34380395.507812, -108.9431
34381921.386719, -110.0550
34383447.265625, -105.6721
34384973.144531, -102.2855
34386499.023438, -100.7143
34388024.902344, -100.2197
34389550.781250, -99.7758
34391076.660156, -99.3765
34392602.539062, -99.8638
34394128.417969, -101.8560
34395654.296875, -104.5182
34397180.175781, -105.4228
34398706.054688, -106.3924
34400231.933594, -109.8602
34401757.812500, -115.1474
34403283.691406, -109.0848
34404809.570312, -105.8483
34406335.449219, -106.1965
34407861.328125, -108.8087
34409387.207031, -110.9345
34410913.085938, -108.7300
34412438.964844, -106.4474
34413964.843750, -106.0284
34415490.722656, -106.1943
34417016.601562, -104.9948
34418542.480469, -102.7609
34420068.359375, -100.8067
34421594.238281, -99.6793
34423120.117188, -99.4596
34424645.996094, -100.0803
34426171.875000, -101.2444
34427697.753906, -102.3073
34429223.632812, -102.7470
34430749.511719, -102.8614
34432275.390625, -102.8973
34433801.269531, -102.2872
34435327.148438, -100.8775
34436853.027344, -99.5517
34438378.906250, -98.9851
34439904.785156, -98.9276
34441430.664062, -98.6491
34442956.542969, -97.9492
34444482.421875, -97.3897
34446008.300781, -97.7106
34447534.179688, -99.4595
34449060.058594, -102.9994
34450585.937500, -108.7299
34452111.816406, -119.1507
34453637.695312, -121.4589
34455163.574219, -113.3877
34456689.453125, -110.9022
34458215.332031, -110.1191
34459741.210938, -107.8970
34461267.089844, -104.9407
34462792.968750, -103.6033
34464318.847656, -103.7899
34465844.726562, -104.2552
34467370.605469, -104.2105
34468896.484375, -104.3035
34470422.363281, -104.9907
34471948.242188, -105.2958
34473474.121094, -103.8301
34475000.000000, -101.9671
34476525.878906, -100.8594
34478051.757812, -100.5470
34479577.636719, -101.1674
34481103.515625, -103.3196
34482629.394531, -107.5357
34484155.273438, -109.9777
34485681.152344, -107.3782
34487207.031250, -105.3388
34488732.910156, -103.6124
34490258.789062, -102.5001
34491784.667969, -103.1665
34493310.546875, -106.1548
34494836.425781, -108.6388
34496362.304688, -106.1980
34497888.183594, -104.2210
34499414.062500, -103.5362
34500939.941406, -103.2117
34502465.820312, -102.7482
34503991.699219, -102.4439
34505517.578125, -102.5733
34507043.457031, -102.6684
34508569.335938, -102.1362
34510095.214844, -101.1271
34511621.093750, -99.9257
34513146.972656, -98.6116
34514672.851562, -97.3284
34516198.730469, -96.3166
34517724.609375, -95.8515
34519250.488281, -96.0361
34520776.367188, -96.5256
34522302.246094, -96.6628
34523828.125000, -96.3485
34525354.003906, -96.2514
34526879.882812, -96.7278
34528405.761719, -97.2483
34529931.640625, -97.0576
34531457.519531, -96.4896
34532983.398438, -96.2946
34534509.277344, -96.5958
34536035.156250, -97.0932
34537561.035156, -97.6252
34539086.914062, -98.1307
34540612.792969, -98.5921
34542138.671875, -99.1032
34543664.550781, -99.4184
34545190.429688, -99.1571
34546716.308594, -98.5674
34548242.187500, -98.2199
34549768.066406, -98.3268
34551293.945312, -98.6875
34552819.824219, -99.0190
34554345.703125, -99.3021
34555871.582031, -99.8471
34557397.460938, -100.9221
34558923.339844, -102.2203
34560449.218750, -102.8325
34561975.097656, -102.2841
34563500.976562, -101.0461
34565026.855469, -100.0291
34566552.734375, -100.0156
34568078.613281, -101.3076
34569604.492188, -103.5974
34571130.371094, -105.6846
34572656.250000, -106.8151
34574182.128906, -106.4453
34575708.007812, -104.2216
34577233.886719, -102.0929
34578759.765625, -100.3812
34580285.644531, -99.1997
34581811.523438, -98.8880
34583337.402344, -99.3351
34584863.281250, -100.0846
34586389.160156, -100.7326
34587915.039062, -101.3155
34589440.917969, -102.2713
34590966.796875, -103.7548
34592492.675781, -105.4503
34594018.554688, -106.9006
34595544.433594, -106.5004
34597070.312500, -104.2953
34598596.191406, -102.4746
34600122.070312, -101.2362
34601647.949219, -99.9967
34603173.828125, -98.7639
34604699.707031, -98.0787
34606225.585938, -98.2835
34607751.464844, -99.2159
34609277.343750, -100.2725
34610803.222656, -100.9622
34612329.101562, -101.2962
34613854.980469, -101.2197
34615380.859375, -100.7265
34616906.738281, -100.3672
34618432.617188, -100.8224
34619958.496094, -102.1683
34621484.375000, -103.3188
34623010.253906, -103.8668
34624536.132812, -105.2850
34626062.011719, -108.7351
34627587.890625, -113.5287
34629113.769531, -111.7361
34630639.648438, -108.6832
34632165.527344, -106.1617
34633691.406250, -103.7390
34635217.285156, -101.9722
34636743.164062, -101.0357
34638269.042969, -100.9074
34639794.921875, -101.4148
34641320.800781, -101.9996
34642846.679688, -102.1932
34644372.558594, -102.3779
34645898.437500, -103.0607
34647424.316406, -104.6679
34648950.195312, -108.2644
34650476.074219, -114.5992
34652001.953125, -115.3933
34653527.832031, -113.2938
34655053.710938, -111.2839
34656579.589844, -109.1541
34658105.468750, -107.1412
34659631.347656, -105.1403
34661157.226562, -103.8163
34662683.105469, -103.3828
34664208.984375, -102.9743
34665734.863281, -101.8204
34667260.742188, -100.2718
34668786.621094, -99.0600
34670312.500000, -98.6845
34671838.378906, -98.8402
34673364.257812, -98.6183
34674890.136719, -97.8329
34676416.015625, -97.5641
34677941.894531, -98.9718
34679467.773438, -102.9104
34680993.652344, -109.5427
34682519.531250, -108.4970
34684045.410156, -103.7492
34685571.289062, -100.2412
34687097.167969, -97.7130
34688623.046875, -96.3146
34690148.925781, -96.0546
34691674.804688, -96.6159
34693200.683594, -97.4308
34694726.562500, -98.1987
34696252.441406, -99.1314
34697778.320312, -100.2993
34699304.199219, -101.2624
34700830.078125, -101.6625
34702355.957031, -101.9814
34703881.835938, -103.0355
34705407.714844, -105.1556
34706933.593750, -107.5413
34708459.472656, -108.2652
34709985.351562, -107.0657
34711511.230469, -105.5839
34713037.109375, -104.5805
34714562.988281, -103.6776
34716088.867188, -102.4875
34717614.746094, -101.3472
34719140.625000, -100.8959
34720666.503906, -101.4657
34722192.382812, -102.8787
34723718.261719, -104.2266
34725244.140625, -104.1957
34726770.019531, -102.8500
34728295.898438, -101.5160
34729821.777344, -100.7425
34731347.656250, -100.0847
34732873.535156, -99.3374
34734399.414062, -98.8217
34735925.292969, -98.5715
34737451.171875, -98.2566
34738977.050781, -97.6289
34740502.929688, -97.2043
34742028.808594, -97.8674
34743554.687500, -99.9859
34745080.566406, -102.8288
34746606.445312, -104.1298
34748132.324219, -103.2455
34749658.203125, -102.2948
34751184.082031, -102.0263
34752709.960938, -101.6880
34754235.839844, -100.9754
34755761.718750, -100.1344
34757287.597656, -99.6423
34758813.476562, -100.0144
34760339.355469, -100.9516
34761865.234375, -101.5269
34763391.113281, -101.5964
34764916.992188, -102.1698
34766442.871094, -103.7897
34767968.750000, -105.4709
34769494.628906, -106.3780
34771020.507812, -107.5851
34772546.386719, -108.9410
34774072.265625, -109.5608
34775598.144531, -110.9768
34777124.023438, -108.6111
34778649.902344, -103.1194
34780175.781250, -99.9522
34781701.660156, -98.6688
34783227.539062, -98.5254
34784753.417969, -99.1055
34786279.296875, -100.4573
34787805.175781, -102.1450
34789331.054688, -101.7498
34790856.933594, -99.9984
34792382.812500, -99.1978
34793908.691406, -99.2654
34795434.570312, -99.4634
34796960.449219, -99.7277
34798486.328125, -100.1980
34800012.207031, -99.7750
34801538.085938, -97.9079
34803063.964844, -96.2653
34804589.843750, -95.6964
34806115.722656, -96.0211
34807641.601562, -96.7461
34809167.480469, -97.5980
34810693.359375, -98.7558
34812219.238281, -100.4606
34813745.117188, -102.6182
34815270.996094, -104.7381
34816796.875000, -106.1989
34818322.753906, -107.5304
34819848.632812, -109.4982
34821374.511719, -110.9345
34822900.390625, -111.8046
34824426.269531, -114.4046
34825952.148438, -125.6249
34827478.027344, -110.6875
34829003.906250, -104.0348
34830529.785156, -100.6146
34832055.664062, -98.5736
34833581.542969, -97.4123
34835107.421875, -96.9735
34836633.300781, -97.1719
34838159.179688, -98.0930
34839685.058594, -99.9636
34841210.937500, -102.6847
34842736.816406, -103.2682
34844262.695312, -100.6024
34845788.574219, -98.8594
34847314.453125, -98.7454
34848840.332031, -99.7773
34850366.210938, -101.4975
34851892.089844, -104.2164
34853417.968750, -109.6444
34854943.847656, -113.9082
34856469.726562, -107.8196
34857995.605469, -105.5521
34859521.484375, -105.3350
34861047.363281, -106.0487
34862573.242188, -107.6988
34864099.121094, -110.7079
34865625.000000, -112.0295
34867150.878906, -109.2405
34868676.757812, -107.0442
34870202.636719, -105.4499
34871728.515625, -103.6615
34873254.394531, -101.6137
34874780.273438, -99.5121
34876306.152344, -97.6081
34877832.031250, -96.1852
34879357.910156, -95.4912
34880883.789062, -95.6756
34882409.667969, -96.7131
34883935.546875, -98.3525
34885461.425781, -100.2203
34886987.304688, -102.0779
34888513.183594, -103.8798
34890039.062500, -105.3844
34891564.941406, -105.8480
34893090.820312, -105.4494
34894616.699219, -104.5409
34896142.578125, -101.7929
34897668.457031, -98.7854
34899194.335938, -97.1373
34900720.214844, -96.6516
34902246.093750, -96.5871
34903771.972656, -96.5430
34905297.851562, -96.8549
34906823.730469, -98.0762
34908349.609375, -100.2475
34909875.488281, -101.9893
34911401.367188, -101.5014
34912927.246094, -100.2964
34914453.125000, -99.9748
34915979.003906, -100.7613
34917504.882812, -102.1826
34919030.761719, -103.6048
34920556.640625, -105.0765
34922082.519531, -107.2629
34923608.398438, -110.8066
34925134.277344, -116.9260
34926660.156250, -127.6856
34928186.035156, -112.2053
34929711.914062, -106.5111
34931237.792969, -103.7767
34932763.671875, -102.5790
34934289.550781, -101.9475
34935815.429688, -101.0516
34937341.308594, -99.6250
34938867.187500, -98.0266
34940393.066406, -96.6697
34941918.945312, -95.7015
34943444.824219, -95.1483
34944970.703125, -95.1425
34946496.582031, -95.9687
34948022.460938, -97.9553
34949548.339844, -101.2338
34951074.218750, -104.2320
34952600.097656, -103.2493
34954125.976562, -101.3184
34955651.855469, -100.6570
34957177.734375, -101.1763
34958703.613281, -102.3792
34960229.492188, -103.5969
34961755.371094, -104.2658
34963281.250000, -104.3441
34964807.128906, -104.0944
34966333.007812, -103.5708
34967858.886719, -102.7323
34969384.765625, -101.8187
34970910.644531, -101.1946
34972436.523438, -100.9582
34973962.402344, -101.0094
34975488.281250, -101.4331
34977014.160156, -102.4069
34978540.039062, -103.5816
34980065.917969, -103.6601
34981591.796875, -102.0900
34983117.675781, -100.0414
34984643.554688, -98.3823
34986169.433594, -97.4045
34987695.312500, -97.1330
34989221.191406, -97.4054
34990747.070312, -97.9103
34992272.949219, -98.3143
34993798.828125, -98.4816
34995324.707031, -98.5653
34996850.585938, -98.8275
34998376.464844, -99.4126
34999902.343750, -100.2916
35001428.222656, -101.3746
35002954.101562, -102.4927
35004479.980469, -102.8693
35006005.859375, -101.7880
35007531.738281, -100.3313
35009057.617188, -99.4172
35010583.496094, -99.1504
35012109.375000, -99.5517
35013635.253906, -100.5499
35015161.132812, -101.6878
35016687.011719, -102.3113
35018212.890625, -102.5587
35019738.769531, -103.3875
35021264.648438, -105.0811
35022790.527344, -106.3152
35024316.406250, -105.9784
35025842.285156, -105.1487
35027368.164062, -104.7460
35028894.042969, -105.4098
35030419.921875, -108.1134
35031945.800781, -116.6304
35033471.679688, -112.0826
35034997.558594, -103.3676
35036523.437500, -98.9200
35038049.316406, -96.2870
35039575.195312, -94.8077
35041101.074219, -94.1693
35042626.953125, -94.2330
35044152.832031, -94.9786
35045678.710938, -96.3539
35047204.589844, -98.0983
35048730.468750, -99.6984
35050256.347656, -100.7387
35051782.226562, -101.3746
35053308.105469, -102.1221
35054833.984375, -103.4447
35056359.863281, -105.6862
35057885.742188, -109.0799
35059411.621094, -113.8444
35060937.500000, -121.0446
35062463.378906, -116.5018
35063989.257812, -107.3885
35065515.136719, -102.2303
35067041.015625, -99.7453
35068566.894531, -99.1669
35070092.773438, -99.6274
35071618.652344, -100.1583
35073144.531250, -100.1745
35074670.410156, -99.5259
35076196.289062, -98.2879
35077722.167969, -96.9724
35079248.046875, -96.1973
35080773.925781, -96.2060
35082299.804688, -96.8659
35083825.683594, -97.8394
35085351.562500, -98.7750
35086877.441406, -99.4531
35088403.320312, -100.1703
35089929.199219, -101.7500
35091455.078125, -104.8005
35092980.957031, -109.6319
35094506.835938, -118.3106
35096032.714844, -117.7112
35097558.593750, -107.2372
35099084.472656, -102.2390
35100610.351562, -99.7329
35102136.230469, -99.0026
35103662.109375, -99.6740
35105187.988281, -101.2913
35106713.867188, -103.3486
35108239.746094, -105.5799
35109765.625000, -106.3439
35111291.503906, -103.8498
35112817.382812, -102.0065
35114343.261719, -102.8988
35115869.140625, -105.9486
35117395.019531, -104.8224
35118920.898438, -101.5957
35120446.777344, -99.4653
35121972.656250, -98.0259
35123498.535156, -97.3266
35125024.414062, -97.5200
35126550.292969, -98.4825
35128076.171875, -99.8834
35129602.050781, -101.6657
35131127.929688, -104.6334
35132653.808594, -110.5323
35134179.687500, -112.6636
35135705.566406, -106.6045
35137231.445312, -103.7423
35138757.324219, -102.5734
35140283.203125, -102.0578
35141809.082031, -101.4790
35143334.960938, -100.8270
35144860.839844, -100.7756
35146386.718750, -101.8036
35147912.597656, -103.8352
35149438.476562, -106.3293
35150964.355469, -108.5802
35152490.234375, -109.7832
35154016.113281, -108.7627
35155541.992188, -106.0298
35157067.871094, -103.2371
35158593.750000, -100.8678
35160119.628906, -99.2580
35161645.507812, -98.8196
35163171.386719, -99.5644
35164697.265625, -100.9946
35166223.144531, -102.3056
35167749.023438, -102.9657
35169274.902344, -103.0409
35170800.781250, -102.5355
35172326.660156, -101.0204
35173852.539062, -98.7228
35175378.417969, -96.5520
35176904.296875, -95.0842
35178430.175781, -94.4168
35179956.054688, -94.2906
35181481.933594, -94.2764
35183007.812500, -94.2330
35184533.691406, -94.3998
35186059.570312, -94.7965
35187585.449219, -95.0406
35189111.328125, -95.0331
35190637.207031, -95.1745
35192163.085938, -95.7249
35193688.964844, -96.6110
35195214.843750, -97.3985
35196740.722656, -97.7339
35198266.601562, -97.8843
35199792.480469, -98.0011
35201318.359375, -97.8486
35202844.238281, -97.3516
35204370.117188, -96.9436
35205895.996094, -97.2085
35207421.875000, -98.4182
35208947.753906, -100.3389
35210473.632812, -101.8638
35211999.511719, -101.7889
35213525.390625, -100.7568
35215051.269531, -99.6521
35216577.148438, -98.8608
35218103.027344, -98.7914
35219628.906250, -99.9162
35221154.785156, -102.5514
35222680.664062, -105.8598
35224206.542969, -106.9646
35225732.421875, -106.7318
35227258.300781, -106.7448
35228784.179688, -106.1945
35230310.058594, -104.4001
35231835.937500, -102.4799
35233361.816406, -101.1828
35234887.695312, -100.2607
35236413.574219, -99.5199
35237939.453125, -99.0211
35239465.332031, -98.8139
35240991.210938, -99.0283
35242517.089844, -99.7432
35244042.968750, -100.8117
35245568.847656, -102.2027
35247094.726562, -104.0289
35248620.605469, -105.7054
35250146.484375, -105.8686
35251672.363281, -104.3666
35253198.242188, -102.3966
35254724.121094, -100.4755
35256250.000000, -98.5330
35257775.878906, -96.7412
35259301.757812, -95.5198
35260827.636719, -95.1397
35262353.515625, -95.5632
35263879.394531, -96.4859
35265405.273438, -97.5235
35266931.152344, -98.6263
35268457.031250, -100.3002
35269982.910156, -102.9390
35271508.789062, -105.2424
35273034.667969, -104.9730
35274560.546875, -103.7420
35276086.425781, -102.6984
35277612.304688, -101.5215
35279138.183594, -99.8484
35280664.062500, -97.9268
35282189.941406, -96.3770
35283715.820312, -95.6774
35285241.699219, -95.9385
35286767.578125, -96.9787
35288293.457031, -98.6250
35289819.335938, -101.0934
35291345.214844, -104.9848
35292871.093750, -108.1653
35294396.972656, -104.6773
35295922.851562, -101.4510
35297448.730469, -99.6288
35298974.609375, -98.3862
35300500.488281, -97.3690
35302026.367188, -96.7574
35303552.246094, -96.6926
35305078.125000, -96.9329
35306604.003906, -97.1917
35308129.882812, -97.8145
35309655.761719, -99.7944
35311181.640625, -104.2909
35312707.519531, -111.2281
35314233.398438, -111.5515
35315759.277344, -109.6559
35317285.156250, -107.4250
35318811.035156, -104.9443
35320336.914062, -104.1263
35321862.792969, -105.9136
35323388.671875, -109.9200
35324914.550781, -111.8681
35326440.429688, -111.1388
35327966.308594, -110.5709
35329492.187500, -108.8653
35331018.066406, -107.6556
35332543.945312, -109.1307
35334069.824219, -115.4722
35335595.703125, -125.9845
35337121.582031, -114.0413
35338647.460938, -114.2997
35340173.339844, -121.3504
35341699.218750, -114.3751
35343225.097656, -110.7304
35344750.976562, -110.2687
35346276.855469, -110.1786
35347802.734375, -108.3440
35349328.613281, -105.3088
35350854.492188, -102.3789
35352380.371094, -100.2282
35353906.250000, -99.1381
35355432.128906, -99.2257
35356958.007812, -100.4661
35358483.886719, -102.4963
35360009.765625, -104.2150
35361535.644531, -104.9576
35363061.523438, -106.3060
35364587.402344, -107.6468
35366113.281250, -104.3612
35367639.160156, -101.3029
35369165.039062, -100.2620
35370690.917969, -100.5785
35372216.796875, -101.3977
35373742.675781, -102.2321
35375268.554688, -103.5955
35376794.433594, -106.4637
35378320.312500, -111.6715
35379846.191406, -115.6041
35381372.070312, -112.4241
35382897.949219, -111.2353
35384423.828125, -111.8128
35385949.707031, -112.2623
35387475.585938, -112.8909
35389001.464844, -112.4860
35390527.343750, -111.0977
35392053.222656, -109.8410
35393579.101562, -107.6564
35395104.980469, -106.6877
35396630.859375, -107.7060
35398156.738281, -109.7809
35399682.617188, -111.9311
35401208.496094, -114.4770
35402734.375000, -117.0454
35404260.253906, -114.4937
35405786.132812, -109.1989
35407312.011719, -104.7506
35408837.890625, -101.4649
35410363.769531, -99.3802
35411889.648438, -98.5480
35413415.527344, -98.9695
35414941.406250, -100.5128
35416467.285156, -102.8342
35417993.164062, -105.1586
35419519.042969, -105.4298
35421044.921875, -102.9828
35422570.800781, -100.5734
35424096.679688, -99.2345
35425622.558594, -98.9526
35427148.437500, -99.5097
35428674.316406, -100.3615
35430200.195312, -100.8093
35431726.074219, -100.5738
35433251.953125, -99.8464
35434777.832031, -99.1085
35436303.710938, -98.8119
35437829.589844, -98.9919
35439355.468750, -99.1307
35440881.347656, -98.8099
35442407.226562, -98.4684
35443933.105469, -98.5210
35445458.984375, -98.7194
35446984.863281, -98.7094
35448510.742188, -98.6044
35450036.621094, -98.5600
35451562.500000, -98.4820
35453088.378906, -98.4753
35454614.257812, -98.9704
35456140.136719, -100.1632
35457666.015625, -101.4890
35459191.894531, -102.0284
35460717.773438, -102.0519
35462243.652344, -102.4335
35463769.531250, -103.2489
35465295.410156, -103.9713
35466821.289062, -104.8500
35468347.167969, -107.2972
35469873.046875, -114.3162
35471398.925781, -121.8906
35472924.804688, -110.4439
35474450.683594, -106.5412
35475976.562500, -103.8023
35477502.441406, -101.4520
35479028.320312, -99.5115
35480554.199219, -98.0201
35482080.078125, -97.0077
35483605.957031, -96.3905
35485131.835938, -95.9543
35486657.714844, -95.6474
35488183.593750, -95.5962
35489709.472656, -95.7951
35491235.351562, -96.1264
35492761.230469, -96.7353
35494287.109375, -98.1042
35495812.988281, -100.4055
35497338.867188, -102.2364
35498864.746094, -102.0080
35500390.625000, -101.2516
35501916.503906, -100.8018
35503442.382812, -100.6284
35504968.261719, -101.1097
35506494.140625, -102.6404
35508020.019531, -104.3075
35509545.898438, -103.7613
35511071.777344, -102.0661
35512597.656250, -101.4554
35514123.535156, -102.7661
35515649.414062, -106.6111
35517175.292969, -114.8665
35518701.171875, -112.1989
35520227.050781, -105.1545
35521752.929688, -101.5694
35523278.808594, -99.6144
35524804.687500, -98.8772
35526330.566406, -99.4122
35527856.445312, -101.1264
35529382.324219, -102.9362
35530908.203125, -102.2869
35532434.082031, -99.7757
35533959.960938, -98.0167
35535485.839844, -97.7341
35537011.718750, -98.4545
35538537.597656, -99.0398
35540063.476562, -98.8024
35541589.355469, -98.0316
35543115.234375, -97.3609
35544641.113281, -97.1699
35546166.992188, -97.4232
35547692.871094, -98.0216
35549218.750000, -99.0622
35550744.628906, -100.5702
35552270.507812, -101.8397
35553796.386719, -101.9135
35555322.265625, -100.9550
35556848.144531, -99.4852
35558374.023438, -98.0545
35559899.902344, -97.0752
35561425.781250, -96.5847
35562951.660156, -96.3891
35564477.539062, -96.5058
35566003.417969, -97.3580
35567529.296875, -99.4427
35569055.175781, -102.9552
35570581.054688, -107.4224
35572106.933594, -111.8109
35573632.812500, -116.0073
35575158.691406, -113.7514
35576684.570312, -108.2241
35578210.449219, -105.0677
35579736.328125, -102.6012
35581262.207031, -100.9157
35582788.085938, -100.6971
35584313.964844, -101.2048
35585839.843750, -101.0552
35587365.722656, -100.5086
35588891.601562, -100.6399
35590417.480469, -101.5851
35591943.359375, -102.1046
35593469.238281, -100.7595
35594995.117188, -98.2747
35596520.996094, -96.1144
35598046.875000, -94.8811
35599572.753906, -94.6814
35601098.632812, -95.3918
35602624.511719, -96.7750
35604150.390625, -98.6629
35605676.269531, -101.1804
35607202.148438, -105.2573
35608728.027344, -113.4815
35610253.906250, -110.1187
35611779.785156, -104.6405
35613305.664062, -102.3863
35614831.542969, -101.6895
35616357.421875, -102.0407
35617883.300781, -103.2761
35619409.179688, -105.8641
35620935.058594, -112.0204
35622460.937500, -117.9845
35623986.816406, -106.3505
35625512.695312, -102.4175
35627038.574219, -101.4550
35628564.453125, -102.0584
35630090.332031, -102.9241
35631616.210938, -103.8540
35633142.089844, -106.2307
35634667.968750, -112.0349
35636193.847656, -112.0123
35637719.726562, -106.5198
35639245.605469, -104.5329
35640771.484375, -104.1665
35642297.363281, -104.0798
35643823.242188, -103.6236
35645349.121094, -102.5023
35646875.000000, -100.5055
35648400.878906, -98.3742
35649926.757812, -96.9666
35651452.636719, -96.5810
35652978.515625, -97.0990
35654504.394531, -98.1428
35656030.273438, -99.3069
35657556.152344, -100.3225
35659082.031250, -101.0153
35660607.910156, -101.3079
35662133.789062, -101.7913
35663659.667969, -103.5830
35665185.546875, -107.6675
35666711.425781, -115.7891
35668237.304688, -114.3111
35669763.183594, -107.4474
35671289.062500, -103.8941
35672814.941406, -101.8320
35674340.820312, -100.9422
35675866.699219, -100.8807
35677392.578125, -100.9890
35678918.457031, -101.2602
35680444.335938, -101.8772
35681970.214844, -102.5517
35683496.093750, -103.5993
35685021.972656, -105.9968
35686547.851562, -109.8664
35688073.730469, -108.7035
35689599.609375, -103.8742
35691125.488281, -100.2225
35692651.367188, -97.6602
35694177.246094, -96.0641
35695703.125000, -95.4178
35697229.003906, -95.6168
35698754.882812, -96.4459
35700280.761719, -97.7894
35701806.640625, -99.8428
35703332.519531, -103.0514
35704858.398438, -107.5907
35706384.277344, -109.8588
35707910.156250, -107.3409
35709436.035156, -104.8382
35710961.914062, -102.9067
35712487.792969, -101.5395
35714013.671875, -100.7680
35715539.550781, -100.5096
35717065.429688, -100.6598
35718591.308594, -101.3482
35720117.187500, -102.9544
35721643.066406, -105.9302
35723168.945312, -111.7097
35724694.824219, -129.0007
35726220.703125, -109.0022
35727746.582031, -103.8936
35729272.460938, -102.3806
35730798.339844, -102.8504
35732324.218750, -102.9305
35733850.097656, -101.8913
35735375.976562, -101.5189
35736901.855469, -102.5221
35738427.734375, -105.1466
35739953.613281, -109.7226
35741479.492188, -117.1612
35743005.371094, -115.0260
35744531.250000, -107.3778
35746057.128906, -103.1563
35747583.007812, -100.9663
35749108.886719, -99.9438
35750634.765625, -99.1735
35752160.644531, -98.0538
35753686.523438, -96.8235
35755212.402344, -96.0223
35756738.281250, -95.9254
35758264.160156, -96.6026
35759790.039062, -98.0350
35761315.917969, -99.9856
35762841.796875, -101.7292
35764367.675781, -102.3165
35765893.554688, -101.7790
35767419.433594, -100.9631
35768945.312500, -99.9943
35770471.191406, -98.5986
35771997.070312, -97.1357
35773522.949219, -96.1510
35775048.828125, -96.0145
35776574.707031, -96.9170
35778100.585938, -98.7766
35779626.464844, -101.2256
35781152.343750, -103.2948
35782678.222656, -103.8817
35784204.101562, -104.3482
35785729.980469, -105.9751
35787255.859375, -108.0740
35788781.738281, -108.8101
35790307.617188, -110.1302
35791833.496094, -116.6749
35793359.375000, -111.9572
35794885.253906, -106.5316
35796411.132812, -105.2104
35797937.011719, -105.8517
35799462.890625, -106.6651
35800988.769531, -105.4937
35802514.648438, -103.5576
35804040.527344, -102.8301
35805566.406250, -103.9282
35807092.285156, -107.3428
35808618.164062, -112.4573
35810144.042969, -108.8793
35811669.921875, -103.9921
35813195.800781, -100.9539
35814721.679688, -99.1829
35816247.558594, -98.3580
35817773.437500, -98.1130
35819299.316406, -97.9846
35820825.195312, -97.7128
35822351.074219, -97.4910
35823876.953125, -97.7518
35825402.832031, -98.7019
35826928.710938, -100.1121
35828454.589844, -101.7349
35829980.468750, -104.2103
35831506.347656, -109.4559
35833032.226562, -112.9035
35834558.105469, -106.9482
35836083.984375, -104.9704
35837609.863281, -105.2356
35839135.742188, -106.1103
35840661.621094, -106.8597
35842187.500000, -108.4612
35843713.378906, -113.8518
35845239.257812, -121.1491
35846765.136719, -109.3460
35848291.015625, -105.8132
35849816.894531, -104.7118
35851342.773438, -104.2025
35852868.652344, -103.0724
35854394.531250, -101.4200
35855920.410156, -100.3012
35857446.289062, -100.1597
35858972.167969, -100.6735
35860498.046875, -101.2088
35862023.925781, -101.5247
35863549.804688, -102.0028
35865075.683594, -103.1241
35866601.562500, -105.1436
35868127.441406, -107.9688
35869653.320312, -110.7203
35871179.199219, -111.0625
35872705.078125, -109.0503
35874230.957031, -107.5623
35875756.835938, -107.7784
35877282.714844, -109.1477
35878808.593750, -109.1129
35880334.472656, -107.1929
35881860.351562, -104.8758
35883386.230469, -102.6197
35884912.109375, -100.6976
35886437.988281, -99.5851
35887963.867188, -99.4732
35889489.746094, -100.0336
35891015.625000, -100.9470
35892541.503906, -102.1557
35894067.382812, -103.1867
35895593.261719, -103.6271
35897119.140625, -103.9059
35898645.019531, -103.8046
35900170.898438, -103.0585
35901696.777344, -103.0088
35903222.656250, -104.9569
35904748.535156, -109.7925
35906274.414062, -115.2839
35907800.292969, -111.4931
35909326.171875, -108.6442
35910852.050781, -106.8966
35912377.929688, -105.5828
35913903.808594, -105.1551
35915429.687500, -107.0214
35916955.566406, -113.1991
35918481.445312, -107.0086
35920007.324219, -101.0488
35921533.203125, -97.9445
35923059.082031, -96.0142
35924584.960938, -94.6009
35926110.839844, -93.5974
35927636.718750, -93.1152
35929162.597656, -93.2282
35930688.476562, -93.9448
35932214.355469, -95.2126
35933740.234375, -96.8320
35935266.113281, -98.3979
35936791.992188, -99.4523
35938317.871094, -99.9043
35939843.750000, -100.0280
35941369.628906, -99.8828
35942895.507812, -99.4397
35944421.386719, -98.9712
35945947.265625, -98.6464
35947473.144531, -98.4452
35948999.023438, -98.6184
35950524.902344, -99.5715
35952050.781250, -101.6465
35953576.660156, -104.6441
35955102.539062, -107.2454
35956628.417969, -109.4061
35958154.296875, -108.9066
35959680.175781, -104.2412
35961206.054688, -100.5857
35962731.933594, -98.6155
35964257.812500, -97.9475
35965783.691406, -98.1185
35967309.570312, -98.7591
35968835.449219, -99.7945
35970361.328125, -101.3456
35971887.207031, -103.3520
35973413.085938, -105.3651
35974938.964844, -107.0106
35976464.843750, -108.1552
35977990.722656, -107.6861
35979516.601562, -105.8981
35981042.480469, -104.2668
35982568.359375, -103.0065
35984094.238281, -102.3367
35985620.117188, -102.6514
35987145.996094, -103.6700
35988671.875000, -104.3865
35990197.753906, -104.3187
35991723.632812, -104.0983
35993249.511719, -104.1578
35994775.390625, -103.8319
35996301.269531, -103.2144
35997827.148438, -102.2183
35999353.027344, -100.8123
36000878.906250, -100.4876
36002404.785156, -101.7206
36003930.664062, -103.8082
36005456.542969, -106.0637
36006982.421875, -108.2404
36008508.300781, -107.5535
36010034.179688, -103.4103
36011560.058594, -100.5941
36013085.937500, -99.8190
36014611.816406, -100.6621
36016137.695312, -102.6627
36017663.574219, -105.3922
36019189.453125, -108.0822
36020715.332031, -109.2495
36022241.210938, -107.6047
36023767.089844, -104.6643
36025292.968750, -102.3985
36026818.847656, -101.1153
36028344.726562, -100.6591
36029870.605469, -101.0910
36031396.484375, -102.8577
36032922.363281, -106.5505
36034448.242188, -110.3233
36035974.121094, -107.8554
36037500.000000, -105.2251
36039025.878906, -104.6847
36040551.757812, -106.3577
36042077.636719, -110.2945
36043603.515625, -115.7116
36045129.394531, -116.2933
36046655.273438, -111.6763
36048181.152344, -108.1628
36049707.031250, -106.6444
36051232.910156, -108.2919
36052758.789062, -117.7832
36054284.667969, -109.3050
36055810.546875, -102.3064
36057336.425781, -99.0111
36058862.304688, -97.1680
36060388.183594, -95.8812
36061914.062500, -94.8297
36063439.941406, -94.1906
36064965.820312, -94.2825
36066491.699219, -95.2172
36068017.578125, -96.7273
36069543.457031, -98.4363
36071069.335938, -100.4502
36072595.214844, -103.0260
36074121.093750, -106.0230
36075646.972656, -109.2218
36077172.851562, -110.6244
36078698.730469, -109.0560
36080224.609375, -107.6563
36081750.488281, -105.7517
36083276.367188, -102.7671
36084802.246094, -100.3352
36086328.125000, -99.3473
36087854.003906, -100.1350
36089379.882812, -102.7280
36090905.761719, -106.0756
36092431.640625, -108.4021
36093957.519531, -110.4007
36095483.398438, -110.5655
36097009.277344, -108.4578
36098535.156250, -107.4728
36100061.035156, -108.5267
36101586.914062, -111.5286
36103112.792969, -115.4651
36104638.671875, -117.2616
36106164.550781, -116.0978
36107690.429688, -114.2626
36109216.308594, -113.0662
36110742.187500, -113.1421
36112268.066406, -114.1093
36113793.945312, -113.6067
36115319.824219, -110.1404
36116845.703125, -106.2622
36118371.582031, -103.5616
36119897.460938, -101.9549
36121423.339844, -100.9252
36122949.218750, -100.1850
36124475.097656, -99.8808
36126000.976562, -100.2142
36127526.855469, -100.9965
36129052.734375, -101.8204
36130578.613281, -102.6670
36132104.492188, -104.0094
36133630.371094, -106.1883
36135156.250000, -108.7749
36136682.128906, -111.8231
36138208.007812, -117.1551
36139733.886719, -124.7444
36141259.765625, -118.9114
36142785.644531, -112.2529
36144311.523438, -108.7188
36145837.402344, -107.5091
36147363.281250, -107.4149
36148889.160156, -106.6553
36150415.039062, -105.3517
36151940.917969, -104.1366
36153466.796875, -102.6204
36154992.675781, -101.1793
36156518.554688, -100.5271
36158044.433594, -101.0992
36159570.312500, -103.4430
36161096.191406, -108.7085
36162622.070312, -113.7815
36164147.949219, -108.2064
36165673.828125, -105.3647
36167199.707031, -104.3757
36168725.585938, -104.0732
36170251.464844, -103.8134
36171777.343750, -103.6070
36173303.222656, -103.9102
36174829.101562, -105.2704
36176354.980469, -108.7329
36177880.859375, -119.2930
36179406.738281, -112.8081
36180932.617188, -105.2214
36182458.496094, -101.6443
36183984.375000, -99.6822
36185510.253906, -98.6180
36187036.132812, -97.9297
36188562.011719, -97.4560
36190087.890625, -97.5047
36191613.769531, -98.2100
36193139.648438, -99.4738
36194665.527344, -101.6916
36196191.406250, -106.7670
36197717.285156, -122.9439
36199243.164062, -106.3400
36200769.042969, -102.0466
36202294.921875, -100.2336
36203820.800781, -98.7382
36205346.679688, -97.0829
36206872.558594, -95.8042
36208398.437500, -95.4962
36209924.316406, -96.2519
36211450.195312, -97.7297
36212976.074219, -99.7084
36214501.953125, -102.5103
36216027.832031, -106.5454
36217553.710938, -108.1694
36219079.589844, -104.5847
36220605.468750, -101.8146
36222131.347656, -100.3659
36223657.226562, -99.6530
36225183.105469, -99.2835
36226708.984375, -99.1381
36228234.863281, -99.2337
36229760.742188, -99.5917
36231286.621094, -100.2442
36232812.500000, -101.8732
36234338.378906, -105.6882
36235864.257812, -110.8680
36237390.136719, -109.0701
36238916.015625, -106.7886
36240441.894531, -106.0883
36241967.773438, -106.3478
36243493.652344, -107.3037
36245019.531250, -108.4428
36246545.410156, -106.8882
36248071.289062, -103.8559
36249597.167969, -102.3225
36251123.046875, -101.9891
36252648.925781, -101.8830
36254174.804688, -101.8401
36255700.683594, -102.0960
36257226.562500, -102.4997
36258752.441406, -102.5185
36260278.320312, -101.9150
36261804.199219, -101.5892
36263330.078125, -102.4685
36264855.957031, -104.6997
36266381.835938, -107.4834
36267907.714844, -109.0343
36269433.593750, -109.3907
36270959.472656, -110.8933
36272485.351562, -112.8888
36274011.230469, -109.9696
36275537.109375, -107.2092
36277062.988281, -106.7781
36278588.867188, -108.2185
36280114.746094, -110.6437
36281640.625000, -113.1783
36283166.503906, -118.8966
36284692.382812, -117.2720
36286218.261719, -106.4495
36287744.140625, -101.7902
36289270.019531, -99.2850
36290795.898438, -97.6280
36292321.777344, -96.6577
36293847.656250, -96.9448
36295373.535156, -99.2684
36296899.414062, -103.8310
36298425.292969, -103.5687
36299951.171875, -99.5960
36301477.050781, -97.0444
36303002.929688, -95.4828
36304528.808594, -94.8901
36306054.687500, -95.4363
36307580.566406, -96.9861
36309106.445312, -99.2402
36310632.324219, -102.7912
36312158.203125, -110.2367
36313684.082031, -117.3734
36315209.960938, -108.8163
36316735.839844, -105.2760
36318261.718750, -102.2137
36319787.597656, -99.7540
36321313.476562, -98.8323
36322839.355469, -99.8738
36324365.234375, -102.8861
36325891.113281, -107.4496
36327416.992188, -113.4226
36328942.871094, -123.1612
36330468.750000, -109.1950
36331994.628906, -102.9884
36333520.507812, -99.7059
36335046.386719, -97.8671
36336572.265625, -96.8299
36338098.144531, -96.3563
36339624.023438, -96.5318
36341149.902344, -97.5836
36342675.781250, -99.5274
36344201.660156, -101.8068
36345727.539062, -103.1004
36347253.417969, -102.6624
36348779.296875, -101.4118
36350305.175781, -100.3155
36351831.054688, -99.6779
36353356.933594, -99.3904
36354882.812500, -99.2985
36356408.691406, -99.4410
36357934.570312, -100.0590
36359460.449219, -101.3466
36360986.328125, -103.3826
36362512.207031, -106.2784
36364038.085938, -107.2770
36365563.964844, -103.3435
36367089.843750, -100.3576
36368615.722656, -99.2854
36370141.601562, -99.4683
36371667.480469, -100.1413
36373193.359375, -100.7788
36374719.238281, -101.4809
36376245.117188, -102.7690
36377770.996094, -104.8408
36379296.875000, -106.6785
36380822.753906, -106.6927
36382348.632812, -106.2886
36383874.511719, -107.2526
36385400.390625, -110.4892
36386926.269531, -116.4182
36388452.148438, -113.8531
36389978.027344, -108.4618
36391503.906250, -104.8532
36393029.785156, -102.0790
36394555.664062, -100.0644
36396081.542969, -98.8877
36397607.421875, -98.3559
36399133.300781, -98.2201
36400659.179688, -98.6032
36402185.058594, -100.1086
36403710.937500, -103.7404
36405236.816406, -110.2475
36406762.695312, -108.1252
36408288.574219, -103.4120
36409814.453125, -100.9664
36411340.332031, -99.8992
36412866.210938, -99.4621
36414392.089844, -99.3508
36415917.968750, -99.6430
36417443.847656, -100.0837
36418969.726562, -100.0405
36420495.605469, -99.2362
36422021.484375, -98.6552
36423547.363281, -98.8142
36425073.242188, -99.3873
36426599.121094, -100.1930
36428125.000000, -101.1892
36429650.878906, -102.2446
36431176.757812, -102.9734
36432702.636719, -102.9306
36434228.515625, -102.4553
36435754.394531, -102.1533
36437280.273438, -101.7485
36438806.152344, -100.6907
36440332.031250, -99.2480
36441857.910156, -98.2182
36443383.789062, -98.1070
36444909.667969, -98.3546
36446435.546875, -98.0203
36447961.425781, -97.2050
36449487.304688, -96.7320
36451013.183594, -97.3652
36452539.062500, -99.2687
36454064.941406, -101.4928
36455590.820312, -101.6339
36457116.699219, -99.2667
36458642.578125, -96.6017
36460168.457031, -94.7433
36461694.335938, -93.8652
36463220.214844, -93.7835
36464746.093750, -94.1884
36466271.972656, -94.9613
36467797.851562, -96.4542
36469323.730469, -99.4305
36470849.609375, -105.2206
36472375.488281, -110.1096
36473901.367188, -104.0756
36475427.246094, -100.3641
36476953.125000, -97.9380
36478479.003906, -96.5085
36480004.882812, -96.0809
36481530.761719, -96.4024
36483056.640625, -96.9376
36484582.519531, -97.1981
36486108.398438, -97.2777
36487634.277344, -97.4224
36489160.156250, -97.5832
36490686.035156, -97.3724
36492211.914062, -96.3714
36493737.792969, -94.9175
36495263.671875, -93.8220
36496789.550781, -93.5107
36498315.429688, -93.8734
36499841.308594, -94.5529
36501367.187500, -95.3841
36502893.066406, -96.6587
36504418.945312, -99.0312
36505944.824219, -103.5966
36507470.703125, -111.5943
36508996.582031, -107.9369
36510522.460938, -104.1037
36512048.339844, -102.8655
36513574.218750, -102.5043
36515100.097656, -102.4862
36516625.976562, -103.4172
36518151.855469, -106.2421
36519677.734375, -107.6109
36521203.613281, -102.7451
36522729.492188, -99.2470
36524255.371094, -97.7164
36525781.250000, -97.6304
36527307.128906, -98.5510
36528833.007812, -100.0626
36530358.886719, -101.7123
36531884.765625, -103.3077
36533410.644531, -105.6277
36534936.523438, -108.4373
36536462.402344, -106.5598
36537988.281250, -103.3381
36539514.160156, -101.1257
36541040.039062, -99.4774
36542565.917969, -98.7773
36544091.796875, -99.1743
36545617.675781, -100.0605
36547143.554688, -100.7252
36548669.433594, -101.3316
36550195.312500, -102.6216
36551721.191406, -104.6274
36553247.070312, -106.1864
36554772.949219, -106.7750
36556298.828125, -107.0764
36557824.707031, -107.6440
36559350.585938, -108.4692
36560876.464844, -109.1183
36562402.343750, -107.2016
36563928.222656, -104.1378
36565454.101562, -102.7353
36566979.980469, -102.7382
36568505.859375, -102.9931
36570031.738281, -102.7487
36571557.617188, -102.6276
36573083.496094, -103.7364
36574609.375000, -105.9466
36576135.253906, -106.6432
36577661.132812, -105.5011
36579187.011719, -104.3772
36580712.890625, -103.3773
36582238.769531, -103.0645
36583764.648438, -104.2691
36585290.527344, -107.1776
36586816.406250, -110.5051
36588342.285156, -112.0261
36589868.164062, -113.3469
36591394.042969, -111.9791
36592919.921875, -106.0988
36594445.800781, -103.5511
36595971.679688, -104.2347
36597497.558594, -106.5719
36599023.437500, -106.5147
36600549.316406, -104.0323
36602075.195312, -102.1959
36603601.074219, -101.8757
36605126.953125, -103.3748
36606652.832031, -107.3876
36608178.710938, -109.6729
36609704.589844, -103.3582
36611230.468750, -99.5008
36612756.347656, -97.9538
36614282.226562, -98.0416
36615808.105469, -99.1746
36617333.984375, -100.8882
36618859.863281, -102.9861
36620385.742188, -105.2920
36621911.621094, -107.8517
36623437.500000, -109.9035
36624963.378906, -111.3802
36626489.257812, -113.6379
36628015.136719, -112.7696
36629541.015625, -111.0359
36631066.894531, -110.3937
36632592.773438, -108.7207
36634118.652344, -105.7439
36635644.531250, -102.6392
36637170.410156, -100.4025
36638696.289062, -99.3805
36640222.167969, -99.3873
36641748.046875, -99.9505
36643273.925781, -100.6515
36644799.804688, -101.5081
36646325.683594, -102.6589
36647851.562500, -103.1858
36649377.441406, -101.9840
36650903.320312, -100.7518
36652429.199219, -100.8391
36653955.078125, -102.2362
36655480.957031, -104.2283
36657006.835938, -105.8735
36658532.714844, -106.7953
36660058.593750, -106.9123
36661584.472656, -105.7173
36663110.351562, -103.7465
36664636.230469, -102.3252
36666162.109375, -101.9892
36667687.988281, -102.6460
36669213.867188, -103.6879
36670739.746094, -104.4170
36672265.625000, -105.0544
36673791.503906, -106.0379
36675317.382812, -107.6471
36676843.261719, -110.5005
36678369.140625, -114.1096
36679895.019531, -112.1193
36681420.898438, -106.2521
36682946.777344, -102.2164
36684472.656250, -100.1082
36685998.535156, -99.2411
36687524.414062, -98.8714
36689050.292969, -98.7067
36690576.171875, -99.0213
36692102.050781, -100.0832
36693627.929688, -102.0263
36695153.808594, -104.9765
36696679.687500, -108.8158
36698205.566406, -113.9239
36699731.445312, -113.2051
36701257.324219, -107.0173
36702783.203125, -104.4543
36704309.082031, -104.3469
36705834.960938, -105.6527
36707360.839844, -107.5208
36708886.718750, -109.4914
36710412.597656, -111.9566
36711938.476562, -115.4066
36713464.355469, -116.5904
36714990.234375, -112.3299
36716516.113281, -108.1474
36718041.992188, -105.3194
36719567.871094, -103.1461
36721093.750000, -101.2989
36722619.628906, -100.3893
36724145.507812, -100.4804
36725671.386719, -100.5148
36727197.265625, -99.4338
36728723.144531, -98.0568
36730249.023438, -97.7014
36731774.902344, -98.5826
36733300.781250, -99.7826
36734826.660156, -100.1590
36736352.539062, -99.8891
36737878.417969, -99.6709
36739404.296875, -99.7543
36740930.175781, -100.1231
36742456.054688, -100.8161
36743981.933594, -101.8408
36745507.812500, -103.5977
36747033.691406, -108.0468
36748559.570312, -129.3521
36750085.449219, -111.3614
36751611.328125, -108.3538
36753137.207031, -109.1549
36754663.085938, -109.7957
36756188.964844, -108.5611
36757714.843750, -107.9089
36759240.722656, -109.1475
36760766.601562, -108.3556
36762292.480469, -105.1356
36763818.359375, -102.9867
36765344.238281, -101.9011
36766870.117188, -101.8322
36768395.996094, -102.9962
36769921.875000, -105.7025
36771447.753906, -110.7425
36772973.632812, -121.5243
36774499.511719, -121.7123
36776025.390625, -111.7978
36777551.269531, -106.1547
36779077.148438, -102.7726
36780603.027344, -101.4122
36782128.906250, -101.7743
36783654.785156, -103.0235
36785180.664062, -103.9103
36786706.542969, -104.0821
36788232.421875, -103.7845
36789758.300781, -102.9556
36791284.179688, -101.7433
36792810.058594, -100.9993
36794335.937500, -101.2035
36795861.816406, -101.8315
36797387.695312, -101.8366
36798913.574219, -101.0825
36800439.453125, -100.4970
36801965.332031, -100.6238
36803491.210938, -101.1920
36805017.089844, -101.8170
36806542.968750, -102.5142
36808068.847656, -103.2671
36809594.726562, -103.8953
36811120.605469, -104.5344
36812646.484375, -105.3847
36814172.363281, -105.2634
36815698.242188, -103.1965
36817224.121094, -100.8091
36818750.000000, -99.1002
36820275.878906, -98.2428
36821801.757812, -98.2037
36823327.636719, -98.8128
36824853.515625, -99.9188
36826379.394531, -101.7264
36827905.273438, -105.0084
36829431.152344, -109.4371
36830957.031250, -105.9238
36832482.910156, -101.3101
36834008.789062, -98.4991
36835534.667969, -96.7644
36837060.546875, -95.8368
36838586.425781, -95.7036
36840112.304688, -96.3751
36841638.183594, -97.6923
36843164.062500, -99.1688
36844689.941406, -100.2561
36846215.820312, -100.7095
36847741.699219, -100.3745
36849267.578125, -99.4569
36850793.457031, -98.5951
36852319.335938, -98.2157
36853845.214844, -98.2920
36855371.093750, -98.5991
36856896.972656, -99.0337
36858422.851562, -99.6722
36859948.730469, -100.5947
36861474.609375, -101.5304
36863000.488281, -102.0155
36864526.367188, -102.2112
36866052.246094, -102.5917
36867578.125000, -103.7782
36869104.003906, -106.1229
36870629.882812, -107.2179
36872155.761719, -105.2221
36873681.640625, -103.2424
36875207.519531, -102.0208
36876733.398438, -101.6055
36878259.277344, -102.6330
36879785.156250, -106.0127
36881311.035156, -108.1952
36882836.914062, -103.5347
36884362.792969, -100.0952
36885888.671875, -98.1881
36887414.550781, -97.1794
36888940.429688, -96.6740
36890466.308594, -96.4712
36891992.187500, -96.5675
36893518.066406, -96.9960
36895043.945312, -97.7085
36896569.824219, -98.6924
36898095.703125, -100.0710
36899621.582031, -101.8765
36901147.460938, -103.6631
36902673.339844, -105.0298
36904199.218750, -105.3525
36905725.097656, -104.5143
36907250.976562, -104.0228
36908776.855469, -104.1165
36910302.734375, -104.1090
36911828.613281, -103.8146
36913354.492188, -103.6429
36914880.371094, -103.4232
36916406.250000, -102.5255
36917932.128906, -101.3821
36919458.007812, -100.6737
36920983.886719, -100.2632
36922509.765625, -99.5027
36924035.644531, -98.2075
36925561.523438, -97.0378
36927087.402344, -96.5409
36928613.281250, -96.6476
36930139.160156, -97.0581
36931665.039062, -97.7933
36933190.917969, -98.8126
36934716.796875, -99.5663
36936242.675781, -99.5813
36937768.554688, -99.3036
36939294.433594, -99.8221
36940820.312500, -101.4659
36942346.191406, -103.1517
36943872.070312, -103.4082
36945397.949219, -102.5923
36946923.828125, -101.8635
36948449.707031, -101.6164
36949975.585938, -102.0776
36951501.464844, -103.7827
36953027.343750, -106.3792
36954553.222656, -106.4109
36956079.101562, -104.1291
36957604.980469, -102.9810
36959130.859375, -103.2251
36960656.738281, -103.8793
36962182.617188, -104.4754
36963708.496094, -105.5157
36965234.375000, -107.6055
36966760.253906, -111.8530
36968286.132812, -119.6164
36969812.011719, -119.8775
36971337.890625, -117.2520
36972863.769531, -112.2650
36974389.648438, -107.5276
36975915.527344, -105.0540
36977441.406250, -104.6744
36978967.285156, -106.6595
36980493.164062, -110.8585
36982019.042969, -109.3008
36983544.921875, -105.3719
36985070.800781, -102.5810
36986596.679688, -100.3454
36988122.558594, -99.0287
36989648.437500, -98.7505
36991174.316406, -99.1796
36992700.195312, -99.8031
36994226.074219, -100.5336
36995751.953125, -101.9277
36997277.832031, -104.4243
36998803.710938, -108.2212
37000329.589844, -114.5592
37001855.468750, -116.5874
37003381.347656, -108.5371
37004907.226562, -105.0744
37006433.105469, -104.7691
37007958.984375, -106.4441
37009484.863281, -107.2547
37011010.742188, -107.4415
37012536.621094, -109.9723
37014062.500000, -116.9714
37015588.378906, -117.2118
37017114.257812, -119.3229
37018640.136719, -114.8900
37020166.015625, -105.4909
37021691.894531, -102.2949
37023217.773438, -101.6979
37024743.652344, -102.3610
37026269.531250, -103.5030
37027795.410156, -104.5908
37029321.289062, -106.2780
37030847.167969, -109.5243
37032373.046875, -112.2608
37033898.925781, -111.0049
37035424.804688, -108.7157
37036950.683594, -106.6304
37038476.562500, -105.2204
37040002.441406, -104.9809
37041528.320312, -105.8702
37043054.199219, -107.2533
37044580.078125, -108.2887
37046105.957031, -108.4023
37047631.835938, -107.7061
37049157.714844, -106.9015
37050683.593750, -105.8145
37052209.472656, -103.7501
37053735.351562, -101.4721
37055261.230469, -99.8624
37056787.109375, -99.3205
37058312.988281, -100.1632
37059838.867188, -102.3661
37061364.746094, -105.5350
37062890.625000, -108.4061
37064416.503906, -104.8024
37065942.382812, -100.2093
37067468.261719, -97.6120
37068994.140625, -96.5091
37070520.019531, -96.2740
37072045.898438, -96.3927
37073571.777344, -96.6802
37075097.656250, -97.2043
37076623.535156, -97.9275
37078149.414062, -98.5814
37079675.292969, -98.9932
37081201.171875, -99.4251
37082727.050781, -100.2729
37084252.929688, -101.3375
37085778.808594, -101.7471
37087304.687500, -101.2112
37088830.566406, -100.4459
37090356.445312, -100.0065
37091882.324219, -99.5433
37093408.203125, -98.5421
37094934.082031, -97.3654
37096459.960938, -96.8354
37097985.839844, -97.4556
37099511.718750, -99.2767
37101037.597656, -102.1251
37102563.476562, -105.4977
37104089.355469, -107.7747
37105615.234375, -109.1802
37107141.113281, -111.3401
37108666.992188, -111.5523
37110192.871094, -109.2219
37111718.750000, -106.2318
37113244.628906, -103.4424
37114770.507812, -101.5653
37116296.386719, -100.4267
37117822.265625, -99.4980
37119348.144531, -98.5828
37120874.023438, -97.7706
37122399.902344, -97.3221
37123925.781250, -97.5984
37125451.660156, -98.6300
37126977.539062, -99.9182
37128503.417969, -101.1292
37130029.296875, -102.5094
37131555.175781, -104.1329
37133081.054688, -105.5622
37134606.933594, -104.8150
37136132.812500, -102.4753
37137658.691406, -101.5399
37139184.570312, -102.7480
37140710.449219, -105.4892
37142236.328125, -107.3152
37143762.207031, -106.0047
37145288.085938, -104.3671
37146813.964844, -105.3228
37148339.843750, -111.4663
37149865.722656, -116.7994
37151391.601562, -107.8012
37152917.480469, -105.0774
37154443.359375, -103.6950
37155969.238281, -102.2224
37157495.117188, -100.6922
37159020.996094, -99.6850
37160546.875000, -99.6251
37162072.753906, -100.6618
37163598.632812, -102.7247
37165124.511719, -105.1284
37166650.390625, -105.4439
37168176.269531, -103.3361
37169702.148438, -101.5872
37171228.027344, -101.0872
37172753.906250, -101.5078
37174279.785156, -101.9804
37175805.664062, -101.9580
37177331.542969, -101.5931
37178857.421875, -100.8342
37180383.300781, -99.6215
37181909.179688, -98.5723
37183435.058594, -98.3727
37184960.937500, -99.2414
37186486.816406, -100.7896
37188012.695312, -101.9196
37189538.574219, -101.6956
37191064.453125, -100.2560
37192590.332031, -98.3332
37194116.210938, -96.8680
37195642.089844, -96.4665
37197167.968750, -97.3152
37198693.847656, -99.4132
37200219.726562, -102.7619
37201745.605469, -107.5560
37203271.484375, -114.3249
37204797.363281, -114.0905
37206323.242188, -107.7851
37207849.121094, -104.2155
37209375.000000, -102.6843
37210900.878906, -102.0833
37212426.757812, -100.9575
37213952.636719, -98.8573
37215478.515625, -96.6014
37217004.394531, -95.1077
37218530.273438, -94.6677
37220056.152344, -95.0257
37221582.031250, -95.7831
37223107.910156, -96.8420
37224633.789062, -98.4944
37226159.667969, -101.0580
37227685.546875, -104.2345
37229211.425781, -106.1593
37230737.304688, -106.0117
37232263.183594, -104.9135
37233789.062500, -102.3421
37235314.941406, -99.2555
37236840.820312, -97.2607
37238366.699219, -96.7789
37239892.578125, -97.4758
37241418.457031, -98.5040
37242944.335938, -99.0099
37244470.214844, -99.1889
37245996.093750, -99.8814
37247521.972656, -101.3226
37249047.851562, -102.6831
37250573.730469, -101.6001
37252099.609375, -98.8456
37253625.488281, -96.9264
37255151.367188, -96.0616
37256677.246094, -95.8772
37258203.125000, -96.2673
37259729.003906, -97.5113
37261254.882812, -99.9632
37262780.761719, -102.7451
37264306.640625, -102.1516
37265832.519531, -99.6953
37267358.398438, -97.9947
37268884.277344, -97.1536
37270410.156250, -96.8100
37271936.035156, -96.7734
37273461.914062, -97.1504
37274987.792969, -97.8983
37276513.671875, -98.6733
37278039.550781, -99.1645
37279565.429688, -99.2476
37281091.308594, -98.7178
37282617.187500, -97.6437
37284143.066406, -96.6049
37285668.945312, -96.1908
37287194.824219, -96.7558
37288720.703125, -98.4115
37290246.582031, -101.0177
37291772.460938, -104.1161
37293298.339844, -107.0788
37294824.218750, -110.1645
37296350.097656, -112.0460
37297875.976562, -108.8521
37299401.855469, -106.8326
37300927.734375, -107.8469
37302453.613281, -110.4603
37303979.492188, -108.4988
37305505.371094, -105.8517
37307031.250000, -104.5823
37308557.128906, -103.7741
37310083.007812, -103.1883
37311608.886719, -102.9234
37313134.765625, -103.3151
37314660.644531, -104.7083
37316186.523438, -106.8682
37317712.402344, -109.0506
37319238.281250, -111.4142
37320764.160156, -114.8697
37322290.039062, -115.1821
37323815.917969, -111.0338
37325341.796875, -109.0764
37326867.675781, -110.1870
37328393.554688, -115.4409
37329919.433594, -133.6811
37331445.312500, -119.6597
37332971.191406, -116.9705
37334497.070312, -116.2176
37336022.949219, -114.7138
37337548.828125, -113.3567
37339074.707031, -113.1495
37340600.585938, -113.0800
37342126.464844, -112.4483
37343652.343750, -113.3792
37345178.222656, -116.2724
37346704.101562, -119.3647
37348229.980469, -123.0019
37349755.859375, -113.7809
37351281.738281, -110.5845
37352807.617188, -112.1975
37354333.496094, -111.7579
37355859.375000, -106.5623
37357385.253906, -102.9799
37358911.132812, -100.2794
37360437.011719, -97.9299
37361962.890625, -95.8884
37363488.769531, -94.3872
37365014.648438, -93.6041
37366540.527344, -93.4616
37368066.406250, -93.7349
37369592.285156, -94.2031
37371118.164062, -94.7725
37372644.042969, -95.4283
37374169.921875, -96.0574
37375695.800781, -96.6811
37377221.679688, -97.7262
37378747.558594, -99.8534
37380273.437500, -103.9528
37381799.316406, -111.3967
37383325.195312, -112.6226
37384851.074219, -107.6455
37386376.953125, -104.3335
37387902.832031, -101.2594
37389428.710938, -98.6176
37390954.589844, -97.0175
37392480.468750, -96.4538
37394006.347656, -96.3620
37395532.226562, -96.1824
37397058.105469, -95.8975
37398583.984375, -95.8372
37400109.863281, -96.2942
37401635.742188, -97.3968
37403161.621094, -98.9648
37404687.500000, -100.4763
37406213.378906, -101.5245
37407739.257812, -101.9290
37409265.136719, -101.8995
37410791.015625, -101.8532
37412316.894531, -101.6198
37413842.773438, -101.1397
37415368.652344, -101.0210
37416894.531250, -101.8551
37418420.410156, -103.6355
37419946.289062, -105.6366
37421472.167969, -106.8493
37422998.046875, -106.6648
37424523.925781, -105.2581
37426049.804688, -103.7765
37427575.683594, -103.1361
37429101.562500, -103.5278
37430627.441406, -104.7345
37432153.320312, -106.4868
37433679.199219, -109.0875
37435205.078125, -113.8650
37436730.957031, -113.2847
37438256.835938, -107.3140
37439782.714844, -104.5620
37441308.593750, -103.5679
37442834.472656, -102.8764
37444360.351562, -102.1053
37445886.230469, -102.1544
37447412.109375, -104.2444
37448937.988281, -109.8167
37450463.867188, -110.3143
37451989.746094, -104.8516
37453515.625000, -102.1399
37455041.503906, -100.5424
37456567.382812, -99.4606
37458093.261719, -98.9521
37459619.140625, -99.1660
37461145.019531, -100.1854
37462670.898438, -101.8097
37464196.777344, -102.9844
37465722.656250, -102.2574
37467248.535156, -100.1098
37468774.414062, -97.7495
37470300.292969, -95.8103
37471826.171875, -94.5036
37473352.050781, -93.7828
37474877.929688, -93.5611
37476403.808594, -93.9030
37477929.687500, -95.0898
37479455.566406, -97.6216
37480981.445312, -102.1939
37482507.324219, -106.2268
37484033.203125, -102.7481
37485559.082031, -100.0578
37487084.960938, -98.9803
37488610.839844, -98.7096
37490136.718750, -98.5380
37491662.597656, -97.9183
37493188.476562, -97.0432
37494714.355469, -96.7397
37496240.234375, -97.4902
37497766.113281, -98.8355
37499291.992188, -99.5839
37500817.871094, -99.3655
37502343.750000, -98.8634
37503869.628906, -98.7882
37505395.507812, -99.3715
37506921.386719, -100.4610
37508447.265625, -101.6432
37509973.144531, -102.0665
37511499.023438, -101.8342
37513024.902344, -102.1644
37514550.781250, -103.5551
37516076.660156, -105.4092
37517602.539062, -106.7181
37519128.417969, -108.2504
37520654.296875, -112.5924
37522180.175781, -119.9472
37523706.054688, -111.0690
37525231.933594, -108.0415
37526757.812500, -108.1277
37528283.691406, -107.6759
37529809.570312, -105.3309
37531335.449219, -104.3832
37532861.328125, -105.2338
37534387.207031, -103.6105
37535913.085938, -99.2067
37537438.964844, -95.9442
37538964.843750, -94.0113
37540490.722656, -92.9068
37542016.601562, -92.3894
37543542.480469, -92.5134
37545068.359375, -93.2885
37546594.238281, -94.6136
37548120.117188, -96.3904
37549645.996094, -98.4723
37551171.875000, -100.5206
37552697.753906, -102.0015
37554223.632812, -102.8192
37555749.511719, -103.6312
37557275.390625, -104.8863
37558801.269531, -106.2561
37560327.148438, -106.8377
37561853.027344, -106.1787
37563378.906250, -104.5614
37564904.785156, -103.3184
37566430.664062, -103.5013
37567956.542969, -104.9146
37569482.421875, -105.6225
37571008.300781, -103.9782
37572534.179688, -101.6996
37574060.058594, -100.0305
37575585.937500, -99.0340
37577111.816406, -98.4918
37578637.695312, -98.5122
37580163.574219, -99.3239
37581689.453125, -100.7049
37583215.332031, -102.0858
37584741.210938, -103.0258
37586267.089844, -103.6165
37587792.968750, -104.4585
37589318.847656, -105.2702
37590844.726562, -104.8849
37592370.605469, -103.4086
37593896.484375, -102.1226
37595422.363281, -101.5281
37596948.242188, -101.3683
37598474.121094, -101.8814
37600000.000000, -103.8573
37601525.878906, -107.8980
37603051.757812, -112.4520
37604577.636719, -109.5807
37606103.515625, -106.5088
37607629.394531, -104.2255
37609155.273438, -102.4701
37610681.152344, -101.9308
37612207.031250, -102.2576
37613732.910156, -102.9635
37615258.789062, -104.3943
37616784.667969, -105.0688
37618310.546875, -101.7072
37619836.425781, -98.8076
37621362.304688, -97.5317
37622888.183594, -96.9880
37624414.062500, -96.5613
37625939.941406, -96.5036
37627465.820312, -97.3520
37628991.699219, -99.1414
37630517.578125, -101.1353
37632043.457031, -102.2439
37633569.335938, -102.3145
37635095.214844, -102.4041
37636621.093750, -103.5083
37638146.972656, -105.0289
37639672.851562, -104.9782
37641198.730469, -104.7640
37642724.609375, -105.6888
37644250.488281, -106.5991
37645776.367188, -106.4430
37647302.246094, -106.8628
37648828.125000, -109.3409
37650354.003906, -111.1638
37651879.882812, -108.1605
37653405.761719, -105.3810
37654931.640625, -103.2419
37656457.519531, -101.5092
37657983.398438, -100.5403
37659509.277344, -100.4709
37661035.156250, -101.0551
37662561.035156, -101.7772
37664086.914062, -101.9637
37665612.792969, -101.2278
37667138.671875, -99.8159
37668664.550781, -98.3482
37670190.429688, -97.3171
37671716.308594, -96.7571
37673242.187500, -96.3929
37674768.066406, -96.0176
37676293.945312, -95.7389
37677819.824219, -95.8764
37679345.703125, -96.6862
37680871.582031, -98.0963
37682397.460938, -99.5853
37683923.339844, -100.7609
37685449.218750, -101.8122
37686975.097656, -102.7867
37688500.976562, -103.6963
37690026.855469, -104.9255
37691552.734375, -105.4856
37693078.613281, -103.2227
37694604.492188, -101.0125
37696130.371094, -100.0936
37697656.250000, -99.3529
37699182.128906, -97.9002
37700708.007812, -96.4132
37702233.886719, -95.6525
37703759.765625, -95.6027
37705285.644531, -95.9137
37706811.523438, -96.5768
37708337.402344, -97.9023
37709863.281250, -100.0995
37711389.160156, -102.9466
37712915.039062, -105.8937
37714440.917969, -109.8378
37715966.796875, -114.0493
37717492.675781, -107.9968
37719018.554688, -103.1833
37720544.433594, -100.4773
37722070.312500, -99.2092
37723596.191406, -99.1239
37725122.070312, -100.0028
37726647.949219, -101.4833
37728173.828125, -102.9364
37729699.707031, -103.3815
37731225.585938, -102.4739
37732751.464844, -101.0027
37734277.343750, -99.7713
37735803.222656, -99.2112
37737329.101562, -99.0928
37738854.980469, -98.5274
37740380.859375, -97.3912
37741906.738281, -96.5064
37743432.617188, -96.2804
37744958.496094, -96.7180
37746484.375000, -97.7990
37748010.253906, -99.7014
37749536.132812, -102.7370
37751062.011719, -107.0732
37752587.890625, -113.1085
37754113.769531, -127.6015
37755639.648438, -116.8308
37757165.527344, -109.4343
37758691.406250, -106.2807
37760217.285156, -104.9700
37761743.164062, -103.9833
37763269.042969, -102.6065
37764794.921875, -101.1242
37766320.800781, -99.6560
37767846.679688, -98.3450
37769372.558594, -97.6278
37770898.437500, -97.9140
37772424.316406, -99.3701
37773950.195312, -101.7017
37775476.074219, -103.7960
37777001.953125, -104.2951
37778527.832031, -103.5144
37780053.710938, -102.6514
37781579.589844, -102.3020
37783105.468750, -102.6112
37784631.347656, -103.2211
37786157.226562, -102.7684
37787683.105469, -100.9688
37789208.984375, -99.3173
37790734.863281, -98.3334
37792260.742188, -97.7869
37793786.621094, -97.5013
37795312.500000, -97.5784
37796838.378906, -98.2527
37798364.257812, -99.7582
37799890.136719, -102.3797
37801416.015625, -106.9256
37802941.894531, -116.8138
37804467.773438, -114.9623
37805993.652344, -108.2871
37807519.531250, -105.2813
37809045.410156, -103.2648
37810571.289062, -101.3786
37812097.167969, -99.6421
37813623.046875, -98.4980
37815148.925781, -98.0781
37816674.804688, -98.0999
37818200.683594, -98.4260
37819726.562500, -99.5486
37821252.441406, -102.3007
37822778.320312, -107.1793
37824304.199219, -109.0928
37825830.078125, -106.6908
37827355.957031, -106.6000
37828881.835938, -109.6732
37830407.714844, -120.0686
37831933.593750, -114.1337
37833459.472656, -107.5145
37834985.351562, -104.8742
37836511.230469, -103.5589
37838037.109375, -102.8345
37839562.988281, -102.9453
37841088.867188, -104.3970
37842614.746094, -105.4249
37844140.625000, -102.6317
37845666.503906, -99.6822
37847192.382812, -97.9243
37848718.261719, -96.9643
37850244.140625, -96.4820
37851770.019531, -96.3492
37853295.898438, -96.5908
37854821.777344, -97.3332
37856347.656250, -98.5061
37857873.535156, -99.4144
37859399.414062, -99.3274
37860925.292969, -98.9107
37862451.171875, -99.4285
37863977.050781, -101.8077
37865502.929688, -105.8516
37867028.808594, -104.5377
37868554.687500, -100.2513
37870080.566406, -97.5027
37871606.445312, -96.0374
37873132.324219, -95.4737
37874658.203125, -95.6161
37876184.082031, -96.5798
37877709.960938, -98.6463
37879235.839844, -102.2313
37880761.718750, -108.3045
37882287.597656, -117.0352
37883813.476562, -113.6535
37885339.355469, -109.4967
37886865.234375, -106.5960
37888391.113281, -105.0396
37889916.992188, -105.0498
37891442.871094, -106.4569
37892968.750000, -107.8558
37894494.628906, -106.8765
37896020.507812, -103.8558
37897546.386719, -101.0662
37899072.265625, -99.4482
37900598.144531, -98.8892
37902124.023438, -98.8788
37903649.902344, -98.9008
37905175.781250, -98.9728
37906701.660156, -99.7987
37908227.539062, -102.2230
37909753.417969, -106.2125
37911279.296875, -107.6676
37912805.175781, -106.1365
37914331.054688, -105.1573
37915856.933594, -104.7127
37917382.812500, -104.9560
37918908.691406, -106.4960
37920434.570312, -108.9481
37921960.449219, -108.5729
37923486.328125, -105.0028
37925012.207031, -101.6105
37926538.085938, -99.1968
37928063.964844, -97.9338
37929589.843750, -97.6991
37931115.722656, -97.9428
37932641.601562, -98.0137
37934167.480469, -97.7445
37935693.359375, -97.4280
37937219.238281, -97.3708
37938745.117188, -97.7017
37940270.996094, -98.4666
37941796.875000, -99.8071
37943322.753906, -102.0443
37944848.632812, -105.4501
37946374.511719, -110.8462
37947900.390625, -119.1194
37949426.269531, -107.1220
37950952.148438, -101.7781
37952478.027344, -99.6782
37954003.906250, -99.7965
37955529.785156, -101.5033
37957055.664062, -103.6097
37958581.542969, -104.4357
37960107.421875, -103.8488
37961633.300781, -103.2477
37963159.179688, -103.1304
37964685.058594, -103.0525
37966210.937500, -102.7133
37967736.816406, -102.0780
37969262.695312, -101.6209
37970788.574219, -101.7715
37972314.453125, -101.9397
37973840.332031, -101.4188
37975366.210938, -100.6773
37976892.089844, -100.2911
37978417.968750, -100.1847
37979943.847656, -99.7012
37981469.726562, -98.3343
37982995.605469, -96.6334
37984521.484375, -95.6022
37986047.363281, -95.7307
37987573.242188, -96.7958
37989099.121094, -98.0815
37990625.000000, -99.0985
37992150.878906, -100.4052
37993676.757812, -103.4805
37995202.636719, -110.4615
37996728.515625, -108.5860
37998254.394531, -103.4238
37999780.273438, -101.8390
38001306.152344, -101.8046
38002832.031250, -101.6496
38004357.910156, -101.1178
38005883.789062, -100.9838
38007409.667969, -101.1165
38008935.546875, -100.6237
38010461.425781, -99.5215
38011987.304688, -98.8838
38013513.183594, -99.1815
38015039.062500, -100.0713
38016564.941406, -100.9839
38018090.820312, -101.7659
38019616.699219, -102.6467
38021142.578125, -103.4916
38022668.457031, -103.3048
38024194.335938, -102.2521
38025720.214844, -101.5923
38027246.093750, -101.4235
38028771.972656, -101.1106
38030297.851562, -100.5896
38031823.730469, -100.2361
38033349.609375, -100.2222
38034875.488281, -100.5556
38036401.367188, -101.6603
38037927.246094, -104.4935
38039453.125000, -108.1416
38040979.003906, -106.8437
38042504.882812, -103.8548
38044030.761719, -101.0543
38045556.640625, -98.5789
38047082.519531, -96.7361
38048608.398438, -95.5135
38050134.277344, -94.6960
38051660.156250, -94.1807
38053186.035156, -94.1257
38054711.914062, -94.7448
38056237.792969, -96.1122
38057763.671875, -98.1240
38059289.550781, -100.4909
38060815.429688, -102.5818
38062341.308594, -103.2920
38063867.187500, -102.6224
38065393.066406, -102.0664
38066918.945312, -102.4036
38068444.824219, -103.5911
38069970.703125, -105.4678
38071496.582031, -108.0890
38073022.460938, -109.8943
38074548.339844, -106.1109
38076074.218750, -101.8640
38077600.097656, -99.4821
38079125.976562, -98.5809
38080651.855469, -98.4757
38082177.734375, -98.4369
38083703.613281, -98.2774
38085229.492188, -98.6845
38086755.371094, -100.5706
38088281.250000, -104.7209
38089807.128906, -112.6612
38091333.007812, -121.1386
38092858.886719, -111.4043
38094384.765625, -107.7468
38095910.644531, -106.0344
38097436.523438, -104.7612
38098962.402344, -103.1331
38100488.281250, -101.4404
38102014.160156, -100.3639
38103540.039062, -99.9320
38105065.917969, -99.5206
38106591.796875, -98.5138
38108117.675781, -97.0677
38109643.554688, -95.8851
38111169.433594, -95.4762
38112695.312500, -95.8336
38114221.191406, -96.4636
38115747.070312, -96.9645
38117272.949219, -97.7372
38118798.828125, -99.6972
38120324.707031, -103.7109
38121850.585938, -108.1612
38123376.464844, -106.6548
38124902.343750, -105.5253
38126428.222656, -107.0657
38127954.101562, -111.0308
38129479.980469, -109.9454
38131005.859375, -104.6009
38132531.738281, -101.2917
38134057.617188, -99.6801
38135583.496094, -99.4237
38137109.375000, -100.4974
38138635.253906, -102.9837
38140161.132812, -105.8458
38141687.011719, -105.3472
38143212.890625, -103.4253
38144738.769531, -102.8970
38146264.648438, -103.7455
38147790.527344, -106.1047
38149316.406250, -113.0388
38150842.285156, -115.0273
38152368.164062, -104.5418
38153894.042969, -100.0692
38155419.921875, -97.6999
38156945.800781, -96.8136
38158471.679688, -97.0736
38159997.558594, -98.0546
38161523.437500, -99.5104
38163049.316406, -101.7808
38164575.195312, -105.7253
38166101.074219, -111.3165
38167626.953125, -109.2816
38169152.832031, -104.6170
38170678.710938, -101.7390
38172204.589844, -100.4663
38173730.468750, -100.4885
38175256.347656, -101.1298
38176782.226562, -101.5941
38178308.105469, -101.8204
38179833.984375, -102.4335
38181359.863281, -103.8027
38182885.742188, -105.5199
38184411.621094, -106.8207
38185937.500000, -108.0358
38187463.378906, -110.1667
38188989.257812, -112.0867
38190515.136719, -109.3279
38192041.015625, -105.8737
38193566.894531, -104.1489
38195092.773438, -103.8075
38196618.652344, -104.1929
38198144.531250, -105.0312
38199670.410156, -105.8448
38201196.289062, -105.4533
38202722.167969, -104.1502
38204248.046875, -103.0371
38205773.925781, -102.8606
38207299.804688, -104.2534
38208825.683594, -108.0823
38210351.562500, -117.1815
38211877.441406, -116.2480
38213403.320312, -109.2284
38214929.199219, -106.1176
38216455.078125, -104.5573
38217980.957031, -103.8815
38219506.835938, -103.7410
38221032.714844, -103.7849
38222558.593750, -103.7226
38224084.472656, -103.4697
38225610.351562, -102.9307
38227136.230469, -102.0681
38228662.109375, -100.8666
38230187.988281, -99.2092
38231713.867188, -97.4358
38233239.746094, -96.1382
38234765.625000, -95.5437
38236291.503906, -95.4961
38237817.382812, -95.7035
38239343.261719, -96.1078
38240869.140625, -96.8044
38242395.019531, -97.7536
38243920.898438, -98.8249
38245446.777344, -99.4917
38246972.656250, -99.0838
38248498.535156, -98.1353
38250024.414062, -97.9950
38251550.292969, -99.4943
38253076.171875, -102.4160
38254602.050781, -105.6097
38256127.929688, -109.9371
38257653.808594, -124.7062
38259179.687500, -108.2077
38260705.566406, -101.8104
38262231.445312, -98.9098
38263757.324219, -97.7394
38265283.203125, -97.5024
38266809.082031, -97.8020
38268334.960938, -98.6667
38269860.839844, -100.5231
38271386.718750, -103.8369
38272912.597656, -106.6200
38274438.476562, -103.9787
38275964.355469, -101.0226
38277490.234375, -99.4940
38279016.113281, -99.0417
38280541.992188, -99.3397
38282067.871094, -100.3374
38283593.750000, -102.3892
38285119.628906, -106.1671
38286645.507812, -112.9317
38288171.386719, -122.7583
38289697.265625, -114.2057
38291223.144531, -110.1067
38292749.023438, -108.5783
38294274.902344, -107.7502
38295800.781250, -105.4236
38297326.660156, -102.3765
38298852.539062, -99.8597
38300378.417969, -97.9435
38301904.296875, -96.7607
38303430.175781, -96.6316
38304956.054688, -97.6979
38306481.933594, -99.7301
38308007.812500, -102.0576
38309533.691406, -104.5648
38311059.570312, -109.7879
38312585.449219, -109.5505
38314111.328125, -101.3192
38315637.207031, -97.5240
38317163.085938, -95.8590
38318688.964844, -95.1125
38320214.843750, -94.5313
38321740.722656, -94.0168
38323266.601562, -93.9666
38324792.480469, -94.6607
38326318.359375, -95.8437
38327844.238281, -96.7841
38329370.117188, -97.1520
38330895.996094, -97.4905
38332421.875000, -98.3334
38333947.753906, -99.7377
38335473.632812, -101.4871
38336999.511719, -103.5689
38338525.390625, -106.5251
38340051.269531, -111.1762
38341577.148438, -116.6492
38343103.027344, -113.7418
38344628.906250, -108.3427
38346154.785156, -104.7195
38347680.664062, -102.5663
38349206.542969, -101.1712
38350732.421875, -100.0533
38352258.300781, -99.2829
38353784.179688, -99.2852
38355310.058594, -100.3961
38356835.937500, -102.6752
38358361.816406, -106.1242
38359887.695312, -110.1731
38361413.574219, -109.0811
38362939.453125, -104.7904
38364465.332031, -101.8295
38365991.210938, -100.1359
38367517.089844, -99.2371
38369042.968750, -98.6702
38370568.847656, -98.1661
38372094.726562, -97.8604
38373620.605469, -98.0133
38375146.484375, -98.3520
38376672.363281, -98.0320
38378198.242188, -97.2030
38379724.121094, -96.8593
38381250.000000, -97.3795
38382775.878906, -98.5061
38384301.757812, -99.8223
38385827.636719, -101.5459
38387353.515625, -104.7816
38388879.394531, -111.5987
38390405.273438, -110.6637
38391931.152344, -104.4547
38393457.031250, -101.6851
38394982.910156, -100.8057
38396508.789062, -101.4208
38398034.667969, -103.5179
38399560.546875, -107.2830
38401086.425781, -111.7686
38402612.304688, -110.0015
38404138.183594, -107.6158
38405664.062500, -107.6440
38407189.941406, -109.4837
38408715.820312, -111.5129
38410241.699219, -109.9844
38411767.578125, -106.8924
38413293.457031, -104.6256
38414819.335938, -103.1623
38416345.214844, -102.1694
38417871.093750, -101.4748
38419396.972656, -101.0145
38420922.851562, -100.5307
38422448.730469, -99.6686
38423974.609375, -98.4973
38425500.488281, -97.5380
38427026.367188, -97.2639
38428552.246094, -97.8319
38430078.125000, -99.0831
38431604.003906, -100.5835
38433129.882812, -102.0747
38434655.761719, -104.5551
38436181.640625, -110.6540
38437707.519531, -117.0046
38439233.398438, -110.0270
38440759.277344, -107.6455
38442285.156250, -105.3029
38443811.035156, -102.1942
38445336.914062, -99.6799
38446862.792969, -98.7043
38448388.671875, -99.1827
38449914.550781, -100.2898
38451440.429688, -100.9035
38452966.308594, -100.5962
38454492.187500, -100.2349
38456018.066406, -100.6816
38457543.945312, -101.9980
38459069.824219, -103.4892
38460595.703125, -103.7902
38462121.582031, -102.4304
38463647.460938, -100.7397
38465173.339844, -100.0697
38466699.218750, -101.0068
38468225.097656, -103.4001
38469750.976562, -106.4292
38471276.855469, -107.9343
38472802.734375, -105.6885
38474328.613281, -102.6156
38475854.492188, -100.4704
38477380.371094, -99.6189
38478906.250000, -99.8521
38480432.128906, -100.8169
38481958.007812, -102.4500
38483483.886719, -104.0193
38485009.765625, -104.2991
38486535.644531, -104.0182
38488061.523438, -104.2109
38489587.402344, -105.7397
38491113.281250, -108.1772
38492639.160156, -107.9557
38494165.039062, -106.8737
38495690.917969, -107.3960
38497216.796875, -108.4689
38498742.675781, -107.9280
38500268.554688, -105.7282
38501794.433594, -103.6755
38503320.312500, -102.6591
38504846.191406, -102.4958
38506372.070312, -102.3087
38507897.949219, -101.7963
38509423.828125, -101.7336
38510949.707031, -102.6702
38512475.585938, -104.8819
38514001.464844, -108.1435
38515527.343750, -108.9639
38517053.222656, -106.7430
38518579.101562, -105.0281
38520104.980469, -103.8469
38521630.859375, -102.6716
38523156.738281, -101.4972
38524682.617188, -100.4636
38526208.496094, -99.5201
38527734.375000, -98.7155
38529260.253906, -98.4745
38530786.132812, -99.1582
38532312.011719, -100.5133
38533837.890625, -101.6825
38535363.769531, -102.3292
38536889.648438, -103.1412
38538415.527344, -103.7230
38539941.406250, -102.2938
38541467.285156, -100.1123
38542993.164062, -98.4734
38544519.042969, -97.1395
38546044.921875, -95.8377
38547570.800781, -94.7808
38549096.679688, -94.3239
38550622.558594, -94.5906
38552148.437500, -95.3795
38553674.316406, -96.2079
38555200.195312, -96.7209
38556726.074219, -97.0387
38558251.953125, -97.4214
38559777.832031, -98.0612
38561303.710938, -99.1678
38562829.589844, -100.8939
38564355.468750, -102.8969
38565881.347656, -103.9406
38567407.226562, -103.5283
38568933.105469, -102.8097
38570458.984375, -102.3866
38571984.863281, -102.1072
38573510.742188, -101.8210
38575036.621094, -101.7938
38576562.500000, -102.4781
38578088.378906, -104.1504
38579614.257812, -106.8966
38581140.136719, -110.3768
38582666.015625, -110.8656
38584191.894531, -107.9467
38585717.773438, -105.7510
38587243.652344, -104.5294
38588769.531250, -104.0877
38590295.410156, -104.4117
38591821.289062, -104.8142
38593347.167969, -103.8775
38594873.046875, -102.1602
38596398.925781, -100.7305
38597924.804688, -99.5186
38599450.683594, -98.5950
38600976.562500, -98.5077
38602502.441406, -99.6910
38604028.320312, -102.4077
38605554.199219, -106.7206
38607080.078125, -110.6907
38608605.957031, -111.6104
38610131.835938, -113.4013
38611657.714844, -120.0002
38613183.593750, -117.0271
38614709.472656, -110.2227
38616235.351562, -106.4679
38617761.230469, -103.5480
38619287.109375, -101.0984
38620812.988281, -99.5733
38622338.867188, -99.5409
38623864.746094, -101.2688
38625390.625000, -104.5956
38626916.503906, -107.2638
38628442.382812, -104.9146
38629968.261719, -101.3816
38631494.140625, -99.0034
38633020.019531, -97.7944
38634545.898438, -97.3704
38636071.777344, -97.5159
38637597.656250, -98.5507
38639123.535156, -101.0854
38640649.414062, -103.9667
38642175.292969, -101.5460
38643701.171875, -98.6889
38645227.050781, -97.6755
38646752.929688, -97.7304
38648278.808594, -98.2024
38649804.687500, -99.2715
38651330.566406, -101.8895
38652856.445312, -107.3236
38654382.324219, -111.5678
38655908.203125, -108.8925
38657434.082031, -110.2411
38658959.960938, -120.5953
38660485.839844, -109.6439
38662011.718750, -102.9248
38663537.597656, -99.6842
38665063.476562, -98.0648
38666589.355469, -97.3929
38668115.234375, -97.3797
38669641.113281, -98.0065
38671166.992188, -99.4495
38672692.871094, -102.1045
38674218.750000, -107.1707
38675744.628906, -116.2660
38677270.507812, -109.8317
38678796.386719, -107.2030
38680322.265625, -108.1683
38681848.144531, -110.4911
38683374.023438, -111.3549
38684899.902344, -110.0902
38686425.781250, -107.8523
38687951.660156, -105.6191
38689477.539062, -104.8527
38691003.417969, -106.3200
38692529.296875, -109.8705
38694055.175781, -112.1640
38695581.054688, -110.5240
38697106.933594, -108.7872
38698632.812500, -106.7016
38700158.691406, -103.6409
38701684.570312, -100.7565
38703210.449219, -99.1381
38704736.328125, -99.0227
38706262.207031, -99.8942
38707788.085938, -100.4749
38709313.964844, -100.0941
38710839.843750, -100.1259
38712365.722656, -101.9385
38713891.601562, -105.8931
38715417.480469, -109.5816
38716943.359375, -108.5723
38718469.238281, -107.7423
38719995.117188, -108.0800
38721520.996094, -108.0684
38723046.875000, -108.1971
38724572.753906, -108.7213
38726098.632812, -109.1766
38727624.511719, -108.5859
38729150.390625, -107.4883
38730676.269531, -107.4776
38732202.148438, -108.4608
38733728.027344, -109.3802
38735253.906250, -110.2840
38736779.785156, -114.5965
38738305.664062, -113.1902
38739831.542969, -104.4550
38741357.421875, -100.5215
38742883.300781, -98.9757
38744409.179688, -98.7312
38745935.058594, -99.0716
38747460.937500, -99.7293
38748986.816406, -100.9896
38750512.695312, -103.3641
38752038.574219, -106.4856
38753564.453125, -107.0552
38755090.332031, -105.4492
38756616.210938, -104.0735
38758142.089844, -102.7317
38759667.968750, -101.3193
38761193.847656, -100.0688
38762719.726562, -99.1374
38764245.605469, -98.3945
38765771.484375, -97.6652
38767297.363281, -97.1204
38768823.242188, -97.1975
38770349.121094, -98.2968
38771875.000000, -100.5846
38773400.878906, -103.2081
38774926.757812, -103.4886
38776452.636719, -101.9711
38777978.515625, -100.5151
38779504.394531, -99.3315
38781030.273438, -98.2766
38782556.152344, -97.1695
38784082.031250, -96.0733
38785607.910156, -95.4147
38787133.789062, -95.7461
38788659.667969, -97.2683
38790185.546875, -99.3737
38791711.425781, -100.9664
38793237.304688, -102.2376
38794763.183594, -104.1332
38796289.062500, -106.4367
38797814.941406, -106.7538
38799340.820312, -103.7941
38800866.699219, -100.2742
38802392.578125, -97.8439
38803918.457031, -96.6514
38805444.335938, -96.5129
38806970.214844, -97.2896
38808496.093750, -98.9424
38810021.972656, -101.3601
38811547.851562, -103.3550
38813073.730469, -102.2406
38814599.609375, -100.0340
38816125.488281, -99.1583
38817651.367188, -99.5740
38819177.246094, -100.2481
38820703.125000, -100.2299
38822229.003906, -100.2769
38823754.882812, -101.5862
38825280.761719, -103.2129
38826806.640625, -102.8246
38828332.519531, -102.4463
38829858.398438, -103.4488
38831384.277344, -105.3213
38832910.156250, -106.5336
38834436.035156, -105.9316
38835961.914062, -104.9136
38837487.792969, -103.9288
38839013.671875, -102.5602
38840539.550781, -101.3246
38842065.429688, -100.9449
38843591.308594, -101.5973
38845117.187500, -103.2670
38846643.066406, -106.4166
38848168.945312, -112.6990
38849694.824219, -121.1723
38851220.703125, -118.4259
38852746.582031, -122.7759
38854272.460938, -121.1709
38855798.339844, -116.3183
38857324.218750, -113.0815
38858850.097656, -111.4942
38860375.976562, -112.5387
38861901.855469, -112.5625
38863427.734375, -105.9712
38864953.613281, -100.9349
38866479.492188, -98.0064
38868005.371094, -96.5581
38869531.250000, -96.0863
38871057.128906, -96.1040
38872583.007812, -96.2421
38874108.886719, -96.5325
38875634.765625, -97.4840
38877160.644531, -99.7071
38878686.523438, -103.1533
38880212.402344, -104.5211
38881738.281250, -102.0901
38883264.160156, -99.9533
38884790.039062, -98.7708
38886315.917969, -98.0764
38887841.796875, -97.6189
38889367.675781, -97.5672
38890893.554688, -98.2519
38892419.433594, -99.9717
38893945.312500, -102.9948
38895471.191406, -107.4147
38896997.070312, -111.0799
38898522.949219, -110.8803
38900048.828125, -110.9385
38901574.707031, -109.9497
38903100.585938, -106.7656
38904626.464844, -104.1420
38906152.343750, -102.0986
38907678.222656, -100.2603
38909204.101562, -99.0104
38910729.980469, -98.7010
38912255.859375, -99.0982
38913781.738281, -99.4734
38915307.617188, -99.3157
38916833.496094, -98.8438
38918359.375000, -98.5392
38919885.253906, -98.6748
38921411.132812, -99.2255
38922937.011719, -99.9771
38924462.890625, -100.6878
38925988.769531, -101.1698
38927514.648438, -101.2761
38929040.527344, -100.8789
38930566.406250, -100.0158
38932092.285156, -99.1965
38933618.164062, -98.9725
38935144.042969, -99.2046
38936669.921875, -99.3333
38938195.800781, -99.5037
38939721.679688, -100.3281
38941247.558594, -101.5319
38942773.437500, -101.8986
38944299.316406, -101.9355
38945825.195312, -102.9813
38947351.074219, -105.3311
38948876.953125, -108.6356
38950402.832031, -112.1568
38951928.710938, -113.3424
38953454.589844, -110.6085
38954980.468750, -109.5267
38956506.347656, -110.8313
38958032.226562, -111.0169
38959558.105469, -108.0269
38961083.984375, -104.6069
38962609.863281, -101.9061
38964135.742188, -100.2179
38965661.621094, -99.3861
38967187.500000, -99.0792
38968713.378906, -99.1067
38970239.257812, -99.2270
38971765.136719, -98.9240
38973291.015625, -98.0288
38974816.894531, -97.0806
38976342.773438, -96.6159
38977868.652344, -96.5999
38979394.531250, -96.5270
38980920.410156, -96.0124
38982446.289062, -95.2543
38983972.167969, -94.6759
38985498.046875, -94.3079
38987023.925781, -93.8404
38988549.804688, -93.2973
38990075.683594, -92.9970
38991601.562500, -93.0119
38993127.441406, -93.1858
38994653.320312, -93.3845
38996179.199219, -93.6714
38997705.078125, -94.2458
38999230.957031, -95.1679
39000756.835938, -96.2257
39002282.714844, -97.0886
39003808.593750, -97.5345
39005334.472656, -97.6491
39006860.351562, -97.7818
39008386.230469, -98.0543
39009912.109375, -98.2008
39011437.988281, -98.0784
39012963.867188, -98.1491
39014489.746094, -99.0199
39016015.625000, -100.9497
39017541.503906, -104.1251
39019067.382812, -109.4185
39020593.261719, -120.4802
39022119.140625, -115.9298
39023645.019531, -109.6188
39025170.898438, -106.6821
39026696.777344, -105.0392
39028222.656250, -103.8455
39029748.535156, -102.6413
39031274.414062, -101.1815
39032800.292969, -99.8670
39034326.171875, -99.2698
39035852.050781, -99.4671
39037377.929688, -100.0819
39038903.808594, -100.6388
39040429.687500, -100.9831
39041955.566406, -101.3747
39043481.445312, -102.2224
39045007.324219, -103.4961
39046533.203125, -104.7822
39048059.082031, -105.9349
39049584.960938, -106.6590
39051110.839844, -106.4350
39052636.718750, -105.8213
39054162.597656, -106.1611
39055688.476562, -107.9954
39057214.355469, -110.1509
39058740.234375, -110.9324
39060266.113281, -112.5730
39061791.992188, -114.6117
39063317.871094, -109.0552
39064843.750000, -104.9455
39066369.628906, -102.7256
39067895.507812, -100.8578
39069421.386719, -99.2804
39070947.265625, -98.4787
39072473.144531, -98.3473
39073999.023438, -98.3301
39075524.902344, -98.0927
39077050.781250, -98.1099
39078576.660156, -99.0309
39080102.539062, -100.9543
39081628.417969, -103.0427
39083154.296875, -103.7304
39084680.175781, -102.8544
39086206.054688, -101.3641
39087731.933594, -99.8910
39089257.812500, -98.9810
39090783.691406, -99.0948
39092309.570312, -100.2598
39093835.449219, -101.5940
39095361.328125, -102.1154
39096887.207031, -101.9026
39098413.085938, -100.9705
39099938.964844, -99.5958
39101464.843750, -98.5657
39102990.722656, -98.4111
39104516.601562, -99.1833
39106042.480469, -100.4380
39107568.359375, -101.3336
39109094.238281, -101.6455
39110620.117188, -101.8410
39112145.996094, -101.6033
39113671.875000, -100.1245
39115197.753906, -98.3732
39116723.632812, -97.7100
39118249.511719, -98.6233
39119775.390625, -101.1631
39121301.269531, -104.6044
39122827.148438, -105.1894
39124353.027344, -102.2527
39125878.906250, -99.4188
39127404.785156, -97.4616
39128930.664062, -96.4941
39130456.542969, -96.6720
39131982.421875, -98.1066
39133508.300781, -100.6205
39135034.179688, -103.3170
39136560.058594, -105.5580
39138085.937500, -109.8873
39139611.816406, -119.8684
39141137.695312, -109.2655
39142663.574219, -105.1536
39144189.453125, -103.0654
39145715.332031, -101.2612
39147241.210938, -99.8819
39148767.089844, -99.3443
39150292.968750, -99.4198
39151818.847656, -99.4723
39153344.726562, -99.4030
39154870.605469, -99.3621
39156396.484375, -99.0957
39157922.363281, -98.5895
39159448.242188, -98.2163
39160974.121094, -98.0227
39162500.000000, -97.6782
39164025.878906, -97.1666
39165551.757812, -96.7566
39167077.636719, -96.5951
39168603.515625, -96.7652
39170129.394531, -97.3026
39171655.273438, -98.0422
39173181.152344, -98.8730
39174707.031250, -100.1492
39176232.910156, -102.3614
39177758.789062, -105.5324
39179284.667969, -107.5638
39180810.546875, -104.8483
39182336.425781, -101.0763
39183862.304688, -98.6734
39185388.183594, -97.7978
39186914.062500, -97.8566
39188439.941406, -97.9324
39189965.820312, -97.9203
39191491.699219, -98.6422
39193017.578125, -100.9453
39194543.457031, -105.7409
39196069.335938, -115.2453
39197595.214844, -112.6563
39199121.093750, -106.8148
39200646.972656, -104.1267
39202172.851562, -103.0133
39203698.730469, -102.7953
39205224.609375, -102.8905
39206750.488281, -103.1244
39208276.367188, -103.8458
39209802.246094, -105.2596
39211328.125000, -106.3660
39212854.003906, -105.3821
39214379.882812, -103.3697
39215905.761719, -101.8186
39217431.640625, -100.9683
39218957.519531, -100.8043
39220483.398438, -101.4790
39222009.277344, -103.4523
39223535.156250, -107.7318
39225061.035156, -117.1914
39226586.914062, -123.9481
39228112.792969, -111.6885
39229638.671875, -104.2904
39231164.550781, -99.7487
39232690.429688, -97.2664
39234216.308594, -96.0758
39235742.187500, -95.6408
39237268.066406, -95.7910
39238793.945312, -96.7503
39240319.824219, -98.8021
39241845.703125, -101.1656
39243371.582031, -101.5760
39244897.460938, -100.8773
39246423.339844, -100.6227
39247949.218750, -100.9384
39249475.097656, -102.3252
39251000.976562, -106.6219
39252526.855469, -115.7700
39254052.734375, -104.7031
39255578.613281, -99.7323
39257104.492188, -97.1287
39258630.371094, -95.7710
39260156.250000, -95.3486
39261682.128906, -95.5000
39263208.007812, -95.8674
39264733.886719, -96.1398
39266259.765625, -96.2882
39267785.644531, -96.7992
39269311.523438, -97.9141
39270837.402344, -99.3498
39272363.281250, -100.9359
39273889.160156, -103.2914
39275415.039062, -107.8114
39276940.917969, -109.1218
39278466.796875, -103.8100
39279992.675781, -100.8321
39281518.554688, -99.1794
39283044.433594, -97.9815
39284570.312500, -97.2541
39286096.191406, -97.2718
39287622.070312, -97.8530
39289147.949219, -98.2686
39290673.828125, -98.4040
39292199.707031, -99.4160
39293725.585938, -102.2829
39295251.464844, -106.0983
39296777.343750, -106.0490
39298303.222656, -104.2978
39299829.101562, -103.5906
39301354.980469, -103.3085
39302880.859375, -103.0077
39304406.738281, -103.2770
39305932.617188, -104.3611
39307458.496094, -105.1041
39308984.375000, -102.8968
39310510.253906, -99.9393
39312036.132812, -98.4712
39313562.011719, -98.4751
39315087.890625, -99.3542
39316613.769531, -100.3084
39318139.648438, -100.9061
39319665.527344, -101.6136
39321191.406250, -102.7057
39322717.285156, -103.5902
39324243.164062, -103.8055
39325769.042969, -103.5441
39327294.921875, -103.1857
39328820.800781, -103.3815
39330346.679688, -105.0744
39331872.558594, -109.7085
39333398.437500, -115.4219
39334924.316406, -108.2296
39336450.195312, -104.4942
39337976.074219, -103.4220
39339501.953125, -104.3672
39341027.832031, -107.3519
39342553.710938, -111.8044
39344079.589844, -109.5259
39345605.468750, -104.7484
39347131.347656, -102.0197
39348657.226562, -100.9622
39350183.105469, -101.2639
39351708.984375, -102.6121
39353234.863281, -104.5521
39354760.742188, -107.1656
39356286.621094, -110.7231
39357812.500000, -110.2962
39359338.378906, -107.6485
39360864.257812, -106.9153
39362390.136719, -106.9787
39363916.015625, -106.5578
39365441.894531, -106.2093
39366967.773438, -107.2802
39368493.652344, -110.9096
39370019.531250, -115.3538
39371545.410156, -113.9534
39373071.289062, -113.2797
39374597.167969, -113.4920
39376123.046875, -112.2908
39377648.925781, -109.8275
39379174.804688, -107.2890
39380700.683594, -104.9336
39382226.562500, -102.9404
39383752.441406, -101.5184
39385278.320312, -100.6301
39386804.199219, -100.1684
39388330.078125, -100.0785
39389855.957031, -100.1921
39391381.835938, -100.2074
39392907.714844, -100.1137
39394433.593750, -100.1275
39395959.472656, -100.1128
39397485.351562, -99.6941
39399011.230469, -99.2129
39400537.109375, -99.4735
39402062.988281, -100.7122
39403588.867188, -102.5687
39405114.746094, -104.7171
39406640.625000, -107.5051
39408166.503906, -109.6242
39409692.382812, -105.6359
39411218.261719, -101.8730
39412744.140625, -100.2844
39414270.019531, -100.1411
39415795.898438, -100.4612
39417321.777344, -100.7185
39418847.656250, -101.4438
39420373.535156, -103.4093
39421899.414062, -105.7416
39423425.292969, -104.7159
39424951.171875, -102.7946
39426477.050781, -102.2379
39428002.929688, -102.9081
39429528.808594, -104.9734
39431054.687500, -109.7514
39432580.566406, -113.4062
39434106.445312, -107.8138
39435632.324219, -106.1295
39437158.203125, -107.3844
39438684.082031, -111.3316
39440209.960938, -121.9423
39441735.839844, -110.1864
39443261.718750, -103.2795
39444787.597656, -99.8109
39446313.476562, -98.7148
39447839.355469, -99.6224
39449365.234375, -102.2881
39450891.113281, -106.6464
39452416.992188, -111.7694
39453942.871094, -110.2043
39455468.750000, -105.0038
39456994.628906, -101.0032
39458520.507812, -98.3978
39460046.386719, -96.9906
39461572.265625, -96.4773
39463098.144531, -96.5046
39464624.023438, -96.8378
39466149.902344, -97.4987
39467675.781250, -98.6278
39469201.660156, -100.1560
39470727.539062, -101.7031
39472253.417969, -102.5617
39473779.296875, -102.0955
39475305.175781, -101.3221
39476831.054688, -101.0677
39478356.933594, -100.6040
39479882.812500, -99.4516
39481408.691406, -98.4170
39482934.570312, -98.1784
39484460.449219, -98.8154
39485986.328125, -99.9797
39487512.207031, -101.6916
39489038.085938, -105.2819
39490563.964844, -112.9417
39492089.843750, -106.6371
39493615.722656, -100.8016
39495141.601562, -97.7711
39496667.480469, -96.1345
39498193.359375, -95.4011
39499719.238281, -95.3665
39501245.117188, -95.7013
39502770.996094, -96.0032
39504296.875000, -96.2727
39505822.753906, -96.8625
39507348.632812, -97.8207
39508874.511719, -98.6939
39510400.390625, -99.2624
39511926.269531, -100.1229
39513452.148438, -101.9546
39514978.027344, -104.5297
39516503.906250, -106.3716
39518029.785156, -106.6436
39519555.664062, -106.8623
39521081.542969, -107.1927
39522607.421875, -105.6398
39524133.300781, -102.8633
39525659.179688, -100.4763
39527185.058594, -98.9859
39528710.937500, -98.3653
39530236.816406, -98.4227
39531762.695312, -99.1484
39533288.574219, -100.8977
39534814.453125, -104.3497
39536340.332031, -111.3367
39537866.210938, -114.0493
39539392.089844, -105.1420
39540917.968750, -101.2236
39542443.847656, -100.0070
39543969.726562, -100.8373
39545495.605469, -102.8214
39547021.484375, -104.4458
39548547.363281, -104.9713
39550073.242188, -105.0087
39551599.121094, -104.6302
39553125.000000, -103.3956
39554650.878906, -102.2765
39556176.757812, -101.8682
39557702.636719, -101.8330
39559228.515625, -101.7276
39560754.394531, -101.7255
39562280.273438, -102.4660
39563806.152344, -104.0700
39565332.031250, -105.0014
39566857.910156, -103.6321
39568383.789062, -102.0604
39569909.667969, -101.8566
39571435.546875, -103.2014
39572961.425781, -105.6065
39574487.304688, -107.7134
39576013.183594, -108.2380
39577539.062500, -107.7744
39579064.941406, -107.0779
39580590.820312, -106.0530
39582116.699219, -105.0370
39583642.578125, -104.4277
39585168.457031, -103.8310
39586694.335938, -102.7844
39588220.214844, -101.4747
39589746.093750, -100.6161
39591271.972656, -100.7353
39592797.851562, -101.7619
39594323.730469, -103.1080
39595849.609375, -103.9767
39597375.488281, -104.2498
39598901.367188, -105.0661
39600427.246094, -106.3956
39601953.125000, -104.2972
39603479.003906, -100.8826
39605004.882812, -99.0266
39606530.761719, -98.4948
39608056.640625, -98.5943
39609582.519531, -98.7939
39611108.398438, -99.0558
39612634.277344, -99.6265
39614160.156250, -100.7567
39615686.035156, -102.9053
39617211.914062, -106.8364
39618737.792969, -112.8899
39620263.671875, -115.6636
39621789.550781, -115.1876
39623315.429688, -115.7046
39624841.308594, -115.3604
39626367.187500, -113.6467
39627893.066406, -112.0107
39629418.945312, -111.0660
39630944.824219, -109.9655
39632470.703125, -108.6435
39633996.582031, -107.9608
39635522.460938, -107.7033
39637048.339844, -107.3771
39638574.218750, -107.0449
39640100.097656, -106.0045
39641625.976562, -103.6102
39643151.855469, -100.9464
39644677.734375, -98.6909
39646203.613281, -96.9380
39647729.492188, -95.7019
39649255.371094, -94.9166
39650781.250000, -94.5374
39652307.128906, -94.6566
39653833.007812, -95.3867
39655358.886719, -96.7138
39656884.765625, -98.5791
39658410.644531, -101.1746
39659936.523438, -105.0612
39661462.402344, -109.8881
39662988.281250, -111.2015
39664514.160156, -110.3894
39666040.039062, -110.5418
39667565.917969, -112.2962
39669091.796875, -110.6907
39670617.675781, -106.7198
39672143.554688, -105.1830
39673669.433594, -105.8075
39675195.312500, -106.8146
39676721.191406, -105.8615
39678247.070312, -104.9805
39679772.949219, -106.0685
39681298.828125, -109.7895
39682824.707031, -115.6108
39684350.585938, -111.4261
39685876.464844, -106.1398
39687402.343750, -102.3907
39688928.222656, -99.4316
39690454.101562, -97.2437
39691979.980469, -95.9764
39693505.859375, -95.6124
39695031.738281, -95.9122
39696557.617188, -96.4484
39698083.496094, -96.8228
39699609.375000, -97.0551
39701135.253906, -97.5021
39702661.132812, -98.5083
39704187.011719, -100.1769
39705712.890625, -102.0904
39707238.769531, -103.5659
39708764.648438, -104.3974
39710290.527344, -104.2893
39711816.406250, -103.1809
39713342.285156, -102.1301
39714868.164062, -102.1687
39716394.042969, -103.4649
39717919.921875, -105.5588
39719445.800781, -108.1230
39720971.679688, -108.9540
39722497.558594, -106.0414
39724023.437500, -102.8384
39725549.316406, -100.5423
39727075.195312, -99.1850
39728601.074219, -98.8484
39730126.953125, -99.6916
39731652.832031, -101.0111
39733178.710938, -100.9769
39734704.589844, -99.7402
39736230.468750, -98.3536
39737756.347656, -97.0987
39739282.226562, -96.2513
39740808.105469, -96.0414
39742333.984375, -96.5139
39743859.863281, -97.4382
39745385.742188, -98.6125
39746911.621094, -100.6259
39748437.500000, -104.9507
39749963.378906, -117.3996
39751489.257812, -111.1684
39753015.136719, -104.3528
39754541.015625, -101.9985
39756066.894531, -101.6650
39757592.773438, -102.5469
39759118.652344, -104.0112
39760644.531250, -104.5221
39762170.410156, -102.6709
39763696.289062, -99.9918
39765222.167969, -97.8643
39766748.046875, -96.5668
39768273.925781, -96.0113
39769799.804688, -96.1112
39771325.683594, -96.9676
39772851.562500, -99.0609
39774377.441406, -103.7539
39775903.320312, -113.3837
39777429.199219, -105.3852
39778955.078125, -101.8333
39780480.957031, -101.9276
39782006.835938, -104.2851
39783532.714844, -107.6994
39785058.593750, -111.4360
39786584.472656, -115.7149
39788110.351562, -116.1115
39789636.230469, -111.5028
39791162.109375, -108.0106
39792687.988281, -107.3221
39794213.867188, -108.9199
39795739.746094, -109.6665
39797265.625000, -106.7771
39798791.503906, -102.8293
39800317.382812, -99.7833
39801843.261719, -97.9766
39803369.140625, -97.4533
39804895.019531, -98.2087
39806420.898438, -100.0740
39807946.777344, -103.1838
39809472.656250, -108.7820
39810998.535156, -116.3592
39812524.414062, -107.0940
39814050.292969, -102.5247
39815576.171875, -101.1054
39817102.050781, -101.9162
39818627.929688, -104.1208
39820153.808594, -104.9673
39821679.687500, -103.0912
39823205.566406, -101.5195
39824731.445312, -101.1377
39826257.324219, -101.7674
39827783.203125, -103.1909
39829309.082031, -104.9600
39830834.960938, -105.2252
39832360.839844, -102.7628
39833886.718750, -99.8217
39835412.597656, -97.5111
39836938.476562, -95.9206
39838464.355469, -95.0149
39839990.234375, -94.7129
39841516.113281, -94.8854
39843041.992188, -95.4923
39844567.871094, -96.7775
39846093.750000, -99.1484
39847619.628906, -102.4041
39849145.507812, -105.1876
39850671.386719, -107.4777
39852197.265625, -110.0017
39853723.144531, -110.1095
39855249.023438, -106.4852
39856774.902344, -104.1860
39858300.781250, -103.8470
39859826.660156, -104.2995
39861352.539062, -104.1319
39862878.417969, -102.7390
39864404.296875, -101.5332
39865930.175781, -101.6791
39867456.054688, -102.3840
39868981.933594, -101.6747
39870507.812500, -100.3371
39872033.691406, -99.6547
39873559.570312, -99.4307
39875085.449219, -99.2447
39876611.328125, -99.4425
39878137.207031, -100.4323
39879663.085938, -101.7946
39881188.964844, -102.8349
39882714.843750, -103.9590
39884240.722656, -106.4059
39885766.601562, -110.4903
39887292.480469, -110.4144
39888818.359375, -107.7641
39890344.238281, -105.6195
39891870.117188, -102.9083
39893395.996094, -100.5027
39894921.875000, -98.8106
39896447.753906, -97.5430
39897973.632812, -96.5741
39899499.511719, -96.1280
39901025.390625, -96.4809
39902551.269531, -97.6349
39904077.148438, -99.1998
39905603.027344, -100.5864
39907128.906250, -101.4701
39908654.785156, -101.8776
39910180.664062, -101.7937
39911706.542969, -101.1851
39913232.421875, -100.3366
39914758.300781, -99.8489
39916284.179688, -100.3702
39917810.058594, -102.3891
39919335.937500, -106.0025
39920861.816406, -109.6159
39922387.695312, -109.9922
39923913.574219, -109.0208
39925439.453125, -108.5911
39926965.332031, -109.1073
39928491.210938, -110.0958
39930017.089844, -109.4081
39931542.968750, -106.4103
39933068.847656, -103.2655
39934594.726562, -100.8384
39936120.605469, -99.0024
39937646.484375, -97.5924
39939172.363281, -96.6525
39940698.242188, -96.3193
39942224.121094, -96.6181
39943750.000000, -97.4428
39945275.878906, -98.7850
39946801.757812, -101.0015
39948327.636719, -104.9541
39949853.515625, -111.7577
39951379.394531, -109.9439
39952905.273438, -104.3295
39954431.152344, -101.0265
39955957.031250, -99.1203
39957482.910156, -98.2706
39959008.789062, -98.1487
39960534.667969, -98.1890
39962060.546875, -97.7777
39963586.425781, -96.8281
39965112.304688, -95.8047
39966638.183594, -95.1492
39968164.062500, -94.9125
39969689.941406, -94.7563
39971215.820312, -94.3588
39972741.699219, -93.9249
39974267.578125, -93.9899
39975793.457031, -94.8627
39977319.335938, -96.4593
39978845.214844, -98.4313
39980371.093750, -100.4795
39981896.972656, -102.6585
39983422.851562, -104.7611
39984948.730469, -106.1419
39986474.609375, -108.1954
39988000.488281, -109.7092
39989526.367188, -105.5332
39991052.246094, -102.0195
39992578.125000, -99.9367
39994104.003906, -98.6470
39995629.882812, -97.7489
39997155.761719, -97.2452
39998681.640625, -97.6102
40000207.519531, -99.1722
40001733.398438, -101.7099
40003259.277344, -104.1696
40004785.156250, -105.3004
40006311.035156, -105.1616
40007836.914062, -104.0984
40009362.792969, -102.9282
40010888.671875, -102.7554
40012414.550781, -104.3170
40013940.429688, -107.6315
40015466.308594, -110.5355
40016992.187500, -110.1911
40018518.066406, -106.1915
40020043.945312, -102.4616
40021569.824219, -100.1766
40023095.703125, -99.1758
40024621.582031, -99.7066
40026147.460938, -102.0572
40027673.339844, -106.2897
40029199.218750, -107.6675
40030725.097656, -103.7227
40032250.976562, -101.7123
40033776.855469, -101.4129
40035302.734375, -101.9455
40036828.613281, -102.8502
40038354.492188, -103.9679
40039880.371094, -106.3195
40041406.250000, -111.4424
40042932.128906, -121.2293
40044458.007812, -123.3602
40045983.886719, -116.9696
40047509.765625, -112.0938
40049035.644531, -107.5035
40050561.523438, -104.2027
40052087.402344, -102.4315
40053613.281250, -102.2016
40055139.160156, -103.5757
40056665.039062, -106.6817
40058190.917969, -111.4520
40059716.796875, -118.2254
40061242.675781, -116.2536
40062768.554688, -108.6096
40064294.433594, -104.9282
40065820.312500, -103.5388
40067346.191406, -103.6652
40068872.070312, -104.5461
40070397.949219, -105.1542
40071923.828125, -105.1137
40073449.707031, -105.1973
40074975.585938, -105.9705
40076501.464844, -106.7559
40078027.343750, -106.3503
40079553.222656, -105.5101
40081079.101562, -105.3013
40082604.980469, -105.3300
40084130.859375, -104.4566
40085656.738281, -102.4391
40087182.617188, -100.3612
40088708.496094, -99.2562
40090234.375000, -99.5379
40091760.253906, -101.3215
40093286.132812, -105.1777
40094812.011719, -115.4690
40096337.890625, -110.0346
40097863.769531, -102.0152
40099389.648438, -98.5776
40100915.527344, -97.2335
40102441.406250, -97.2516
40103967.285156, -98.4361
40105493.164062, -100.9688
40107019.042969, -105.2021
40108544.921875, -109.9477
40110070.800781, -109.4353
40111596.679688, -107.7025
40113122.558594, -107.4820
40114648.437500, -108.3461
40116174.316406, -109.7138
40117700.195312, -111.2990
40119226.074219, -112.6460
40120751.953125, -112.0727
40122277.832031, -110.2746
40123803.710938, -109.2358
40125329.589844, -108.5626
40126855.468750, -107.2331
40128381.347656, -105.6850
40129907.226562, -104.1314
40131433.105469, -102.3387
40132958.984375, -100.6843
40134484.863281, -99.8930
40136010.742188, -100.2507
40137536.621094, -101.3650
40139062.500000, -102.6581
40140588.378906, -104.4391
40142114.257812, -108.1953
40143640.136719, -112.6530
40145166.015625, -108.8559
40146691.894531, -107.7232
40148217.773438, -110.8115
40149743.652344, -115.5382
40151269.531250, -110.5205
40152795.410156, -107.1724
40154321.289062, -106.2603
40155847.167969, -106.8099
40157373.046875, -108.4010
40158898.925781, -112.1402
40160424.804688, -127.9151
40161950.683594, -112.1309
40163476.562500, -106.0046
40165002.441406, -103.8429
40166528.320312, -103.9368
40168054.199219, -105.5568
40169580.078125, -107.7799
40171105.957031, -109.6695
40172631.835938, -112.1077
40174157.714844, -119.4509
40175683.593750, -114.2294
40177209.472656, -107.9025
40178735.351562, -105.4018
40180261.230469, -102.8881
40181787.109375, -100.5173
40183312.988281, -99.4329
40184838.867188, -98.9278
40186364.746094, -97.5395
40187890.625000, -95.3740
40189416.503906, -93.7482
40190942.382812, -93.2263
40192468.261719, -93.5789
40193994.140625, -94.2158
40195520.019531, -94.7608
40197045.898438, -95.4266
40198571.777344, -96.5833
40200097.656250, -98.0275
40201623.535156, -98.7909
40203149.414062, -98.4715
40204675.292969, -97.9740
40206201.171875, -97.9374
40207727.050781, -98.1405
40209252.929688, -98.0309
40210778.808594, -97.5596
40212304.687500, -97.1470
40213830.566406, -97.0661
40215356.445312, -97.4044
40216882.324219, -98.2685
40218408.203125, -99.7633
40219934.082031, -101.6846
40221459.960938, -102.8048
40222985.839844, -101.7081
40224511.718750, -99.7170
40226037.597656, -98.2776
40227563.476562, -97.5862
40229089.355469, -97.4399
40230615.234375, -97.8402
40232141.113281, -99.0388
40233666.992188, -101.0042
40235192.871094, -102.7813
40236718.750000, -103.3100
40238244.628906, -103.9932
40239770.507812, -107.2568
40241296.386719, -118.4508
40242822.265625, -113.6802
40244348.144531, -105.9754
40245874.023438, -102.1980
40247399.902344, -99.8524
40248925.781250, -98.0901
40250451.660156, -96.7337
40251977.539062, -96.0960
40253503.417969, -96.2996
40255029.296875, -97.0171
40256555.175781, -97.5640
40258081.054688, -98.0558
40259606.933594, -99.7577
40261132.812500, -104.2474
40262658.691406, -116.0760
40264184.570312, -111.8648
40265710.449219, -106.8415
40267236.328125, -104.7204
40268762.207031, -103.1109
40270288.085938, -102.1803
40271813.964844, -102.5018
40273339.843750, -103.9780
40274865.722656, -104.8336
40276391.601562, -103.4476
40277917.480469, -100.9926
40279443.359375, -98.2288
40280969.238281, -95.7805
40282495.117188, -94.2988
40284020.996094, -93.9566
40285546.875000, -94.4459
40287072.753906, -95.2423
40288598.632812, -96.2040
40290124.511719, -97.8748
40291650.390625, -100.9432
40293176.269531, -104.9148
40294702.148438, -104.5272
40296228.027344, -101.0157
40297753.906250, -98.4902
40299279.785156, -97.3364
40300805.664062, -97.2183
40302331.542969, -97.3572
40303857.421875, -97.1631
40305383.300781, -96.8437
40306909.179688, -96.6381
40308435.058594, -96.4227
40309960.937500, -96.2424
40311486.816406, -96.4361
40313012.695312, -97.3581
40314538.574219, -99.3315
40316064.453125, -102.4063
40317590.332031, -105.8220
40319116.210938, -108.9935
40320642.089844, -112.9968
40322167.968750, -113.5529
40323693.847656, -109.1350
40325219.726562, -107.4704
40326745.605469, -108.6821
40328271.484375, -111.5122
40329797.363281, -113.5884
40331323.242188, -114.6951
40332849.121094, -112.1052
40334375.000000, -110.0688
40335900.878906, -112.5781
40337426.757812, -120.1680
40338952.636719, -112.7603
40340478.515625, -109.9784
40342004.394531, -109.6923
40343530.273438, -107.3573
40345056.152344, -103.6478
40346582.031250, -101.1348
40348107.910156, -100.2325
40349633.789062, -100.5441
40351159.667969, -101.2881
40352685.546875, -102.1374
40354211.425781, -104.0190
40355737.304688, -107.7722
40357263.183594, -108.6069
40358789.062500, -106.5700
40360314.941406, -106.4398
40361840.820312, -106.8190
40363366.699219, -106.0327
40364892.578125, -105.2454
40366418.457031, -104.8211
40367944.335938, -102.5332
40369470.214844, -99.3355
40370996.093750, -97.1545
40372521.972656, -96.2086
40374047.851562, -96.3866
40375573.730469, -97.7410
40377099.609375, -100.4723
40378625.488281, -103.9383
40380151.367188, -103.9343
40381677.246094, -100.8682
40383203.125000, -98.0839
40384729.003906, -96.1850
40386254.882812, -95.3900
40387780.761719, -95.6301
40389306.640625, -96.3464
40390832.519531, -96.7454
40392358.398438, -96.6514
40393884.277344, -96.6083
40395410.156250, -97.0359
40396936.035156, -97.8971
40398461.914062, -98.9466
40399987.792969, -99.9948
40401513.671875, -101.1332
40403039.550781, -102.3403
40404565.429688, -102.7379
40406091.308594, -102.1996
40407617.187500, -101.6630
40409143.066406, -101.4366
40410668.945312, -101.6264
40412194.824219, -102.4133
40413720.703125, -103.6832
40415246.582031, -105.0036
40416772.460938, -105.9158
40418298.339844, -107.1446
40419824.218750, -111.5430
40421350.097656, -118.3031
40422875.976562, -109.5159
40424401.855469, -107.2135
40425927.734375, -107.6074
40427453.613281, -108.0772
40428979.492188, -108.5885
40430505.371094, -110.8200
40432031.250000, -118.1531
40433557.128906, -113.5620
40435083.007812, -105.9510
40436608.886719, -103.3641
40438134.765625, -103.6004
40439660.644531, -105.3903
40441186.523438, -108.0226
40442712.402344, -112.9082
40444238.281250, -115.6575
40445764.160156, -108.6618
40447290.039062, -103.3036
40448815.917969, -100.0807
40450341.796875, -98.5207
40451867.675781, -97.8220
40453393.554688, -97.4362
40454919.433594, -97.5301
40456445.312500, -98.4159
40457971.191406, -99.7960
40459497.070312, -100.7544
40461022.949219, -100.6796
40462548.828125, -99.6619
40464074.707031, -98.1400
40465600.585938, -96.6599
40467126.464844, -95.6422
40468652.343750, -95.2754
40470178.222656, -95.6086
40471704.101562, -96.5340
40473229.980469, -97.6205
40474755.859375, -98.3888
40476281.738281, -98.9890
40477807.617188, -99.7264
40479333.496094, -100.2747
40480859.375000, -100.2135
40482385.253906, -99.9637
40483911.132812, -100.1590
40485437.011719, -100.8392
40486962.890625, -101.6019
40488488.769531, -102.1983
40490014.648438, -103.0088
40491540.527344, -104.6119
40493066.406250, -106.9486
40494592.285156, -109.3705
40496118.164062, -111.6599
40497644.042969, -114.0453
40499169.921875, -113.3271
40500695.800781, -111.2068
40502221.679688, -111.2112
40503747.558594, -112.4893
40505273.437500, -112.7222
40506799.316406, -111.9611
40508325.195312, -111.9058
40509851.074219, -113.3085
40511376.953125, -116.5166
40512902.832031, -113.7422
40514428.710938, -107.0763
40515954.589844, -102.2265
40517480.468750, -99.3046
40519006.347656, -98.0225
40520532.226562, -97.8986
40522058.105469, -98.5240
40523583.984375, -99.8848
40525109.863281, -102.6248
40526635.742188, -108.6675
40528161.621094, -133.9245
40529687.500000, -111.0491
40531213.378906, -108.8900
40532739.257812, -111.1013
40534265.136719, -114.8038
40535791.015625, -113.1037
40537316.894531, -111.3263
40538842.773438, -111.1444
40540368.652344, -111.3389
40541894.531250, -111.5212
40543420.410156, -113.2403
40544946.289062, -119.3635
40546472.167969, -126.5928
40547998.046875, -116.0751
40549523.925781, -112.9752
40551049.804688, -112.6120
40552575.683594, -114.5660
40554101.562500, -115.3871
40555627.441406, -110.7974
40557153.320312, -107.3526
40558679.199219, -105.2789
40560205.078125, -103.6689
40561730.957031, -102.0998
40563256.835938, -100.7952
40564782.714844, -100.0852
40566308.593750, -99.9454
40567834.472656, -100.0707
40569360.351562, -100.2607
40570886.230469, -100.5187
40572412.109375, -100.7487
40573937.988281, -100.9419
40575463.867188, -101.2417
40576989.746094, -101.5340
40578515.625000, -101.6150
40580041.503906, -101.5748
40581567.382812, -101.4448
40583093.261719, -101.0109
40584619.140625, -100.2143
40586145.019531, -99.2813
40587670.898438, -98.5289
40589196.777344, -97.9855
40590722.656250, -97.3368
40592248.535156, -96.3918
40593774.414062, -95.4718
40595300.292969, -95.0235
40596826.171875, -95.1850
40598352.050781, -95.7996
40599877.929688, -96.5443
40601403.808594, -97.1780
40602929.687500, -97.9427
40604455.566406, -99.2209
40605981.445312, -100.5743
40607507.324219, -100.8279
40609033.203125, -99.9024
40610559.082031, -98.7867
40612084.960938, -98.0735
40613610.839844, -97.6024
40615136.718750, -97.0386
40616662.597656, -96.5961
40618188.476562, -96.7744
40619714.355469, -97.6971
40621240.234375, -98.9445
40622766.113281, -99.8983
40624291.992188, -100.2825
40625817.871094, -100.1767
40627343.750000, -99.9727
40628869.628906, -100.1993
40630395.507812, -101.0808
40631921.386719, -102.4389
40633447.265625, -103.9118
40634973.144531, -105.1598
40636499.023438, -105.9473
40638024.902344, -106.1295
40639550.781250, -105.5181
40641076.660156, -104.1928
40642602.539062, -102.6212
40644128.417969, -101.3335
40645654.296875, -100.6950
40647180.175781, -100.6318
40648706.054688, -101.0521
40650231.933594, -102.0360
40651757.812500, -103.3471
40653283.691406, -105.0659
40654809.570312, -107.4843
40656335.449219, -110.3326
40657861.328125, -114.3756
40659387.207031, -111.1722
40660913.085938, -104.6609
40662438.964844, -101.4212
40663964.843750, -100.3708
40665490.722656, -100.4693
40667016.601562, -100.9420
40668542.480469, -101.8658
40670068.359375, -104.1701
40671594.238281, -109.2673
40673120.117188, -115.1649
40674645.996094, -111.2613
40676171.875000, -108.8669
40677697.753906, -107.7193
40679223.632812, -106.4351
40680749.511719, -104.6415
40682275.390625, -103.3720
40683801.269531, -102.8571
40685327.148438, -102.3632
40686853.027344, -101.6537
40688378.906250, -101.1010
40689904.785156, -100.9673
40691430.664062, -101.4490
40692956.542969, -102.5873
40694482.421875, -104.1123
40696008.300781, -105.5283
40697534.179688, -106.5821
40699060.058594, -107.7985
40700585.937500, -110.4059
40702111.816406, -115.8364
40703637.695312, -113.6209
40705163.574219, -108.7092
40706689.453125, -107.3332
40708215.332031, -108.2244
40709741.210938, -110.2047
40711267.089844, -112.1138
40712792.968750, -110.9654
40714318.847656, -106.2085
40715844.726562, -102.6237
40717370.605469, -100.7685
40718896.484375, -99.8114
40720422.363281, -98.9953
40721948.242188, -98.2797
40723474.121094, -97.9892
40725000.000000, -98.1701
40726525.878906, -98.6663
40728051.757812, -99.5445
40729577.636719, -100.8685
40731103.515625, -102.1895
40732629.394531, -102.8688
40734155.273438, -103.3555
40735681.152344, -104.7576
40737207.031250, -106.8304
40738732.910156, -107.5141
40740258.789062, -105.9359
40741784.667969, -104.3397
40743310.546875, -104.5393
40744836.425781, -106.4180
40746362.304688, -106.0462
40747888.183594, -103.9084
40749414.062500, -102.9891
40750939.941406, -102.5684
40752465.820312, -101.9183
40753991.699219, -101.4762
40755517.578125, -102.3665
40757043.457031, -105.2030
40758569.335938, -106.9723
40760095.214844, -105.3203
40761621.093750, -104.8013
40763146.972656, -105.5270
40764672.851562, -105.7252
40766198.730469, -104.6959
40767724.609375, -103.6741
40769250.488281, -103.5705
40770776.367188, -104.0873
40772302.246094, -103.7505
40773828.125000, -101.9854
40775354.003906, -100.0454
40776879.882812, -98.8104
40778405.761719, -98.6737
40779931.640625, -99.9045
40781457.519531, -102.9166
40782983.398438, -109.3806
40784509.277344, -113.6677
40786035.156250, -103.7593
40787561.035156, -99.1217
40789086.914062, -96.6199
40790612.792969, -95.3284
40792138.671875, -94.8146
40793664.550781, -94.9153
40795190.429688, -95.7053
40796716.308594, -97.3215
40798242.187500, -99.5970
40799768.066406, -101.5685
40801293.945312, -101.7735
40802819.824219, -100.4296
40804345.703125, -98.9106
40805871.582031, -97.8533
40807397.460938, -97.2096
40808923.339844, -96.6990
40810449.218750, -96.2018
40811975.097656, -95.8682
40813500.976562, -95.8767
40815026.855469, -96.1727
40816552.734375, -96.4598
40818078.613281, -96.4911
40819604.492188, -96.3888
40821130.371094, -96.5016
40822656.250000, -96.9934
40824182.128906, -97.7180
40825708.007812, -98.5368
40827233.886719, -99.7575
40828759.765625, -102.1565
40830285.644531, -106.8218
40831811.523438, -110.3505
40833337.402344, -106.4034
40834863.281250, -104.2495
40836389.160156, -103.3182
40837915.039062, -102.6571
40839440.917969, -102.5019
40840966.796875, -103.4936
40842492.675781, -106.2522
40844018.554688, -110.6149
40845544.433594, -114.0487
40847070.312500, -113.9663
40848596.191406, -113.0428
40850122.070312, -113.1208
40851647.949219, -113.3691
40853173.828125, -113.6523
40854699.707031, -113.9761
40856225.585938, -113.6493
40857751.464844, -109.1238
40859277.343750, -104.9323
40860803.222656, -101.9749
40862329.101562, -99.4182
40863854.980469, -97.3103
40865380.859375, -96.1904
40866906.738281, -96.3459
40868432.617188, -97.6299
40869958.496094, -99.6299
40871484.375000, -102.1389
40873010.253906, -105.5439
40874536.132812, -109.4031
40876062.011719, -109.1619
40877587.890625, -107.3498
40879113.769531, -106.8074
40880639.648438, -106.9733
40882165.527344, -107.4195
40883691.406250, -108.9414
40885217.285156, -113.2378
40886743.164062, -117.2232
40888269.042969, -113.4134
40889794.921875, -113.4981
40891320.800781, -116.1671
40892846.679688, -115.6409
40894372.558594, -111.1048
40895898.437500, -107.5175
40897424.316406, -105.8032
40898950.195312, -105.1035
40900476.074219, -104.8915
40902001.953125, -105.0987
40903527.832031, -105.6144
40905053.710938, -106.1404
40906579.589844, -106.3433
40908105.468750, -106.2018
40909631.347656, -105.5021
40911157.226562, -104.2999
40912683.105469, -103.6497
40914208.984375, -104.3108
40915734.863281, -105.8235
40917260.742188, -106.5821
40918786.621094, -106.5172
40920312.500000, -107.1136
40921838.378906, -109.0552
40923364.257812, -112.2573
40924890.136719, -116.4090
40926416.015625, -122.2650
40927941.894531, -118.9097
40929467.773438, -108.6940
40930993.652344, -103.6186
40932519.531250, -101.0739
40934045.410156, -99.7556
40935571.289062, -98.7766
40937097.167969, -97.8400
40938623.046875, -97.1118
40940148.925781, -96.5854
40941674.804688, -96.0832
40943200.683594, -95.7620
40944726.562500, -95.9291
40946252.441406, -96.6111
40947778.320312, -97.6229
40949304.199219, -98.9266
40950830.078125, -100.5341
40952355.957031, -101.8633
40953881.835938, -102.2880
40955407.714844, -102.5508
40956933.593750, -103.7213
40958459.472656, -106.1879
40959985.351562, -109.7322
40961511.230469, -114.4269
40963037.109375, -126.4405
40964562.988281, -118.0617
40966088.867188, -111.5882
40967614.746094, -111.1020
40969140.625000, -116.5007
40970666.503906, -124.3515
40972192.382812, -111.8288
40973718.261719, -106.9004
40975244.140625, -102.7754
40976770.019531, -99.0392
40978295.898438, -96.2792
40979821.777344, -94.7243
40981347.656250, -94.3504
40982873.535156, -94.9393
40984399.414062, -95.9427
40985925.292969, -96.6593
40987451.171875, -97.1022
40988977.050781, -98.2463
40990502.929688, -101.1631
40992028.808594, -106.1060
40993554.687500, -109.4155
40995080.566406, -109.3755
40996606.445312, -109.1988
40998132.324219, -108.0488
40999658.203125, -106.0568
41001184.082031, -104.1643
41002709.960938, -102.3625
41004235.839844, -100.1936
41005761.718750, -97.7494
41007287.597656, -95.5780
41008813.476562, -94.0520
41010339.355469, -93.2293
41011865.234375, -93.0527
41013391.113281, -93.5531
41014916.992188, -94.9230
41016442.871094, -97.5149
41017968.750000, -101.9390
41019494.628906, -107.6485
41021020.507812, -104.7259
41022546.386719, -100.9865
41024072.265625, -99.2248
41025598.144531, -98.5302
41027124.023438, -98.4172
41028649.902344, -98.7920
41030175.781250, -99.8144
41031701.660156, -101.5495
41033227.539062, -103.6820
41034753.417969, -105.5940
41036279.296875, -106.7239
41037805.175781, -106.7413
41039331.054688, -105.5327
41040856.933594, -103.5359
41042382.812500, -101.5721
41043908.691406, -100.2483
41045434.570312, -99.7304
41046960.449219, -100.0032
41048486.328125, -101.3464
41050012.207031, -104.1317
41051538.085938, -107.2112
41053063.964844, -106.8947
41054589.843750, -104.9499
41056115.722656, -103.0643
41057641.601562, -101.2992
41059167.480469, -100.3033
41060693.359375, -100.2496
41062219.238281, -100.4978
41063745.117188, -100.5811
41065270.996094, -101.0270
41066796.875000, -102.4913
41068322.753906, -105.0261
41069848.632812, -107.7519
41071374.511719, -108.8654
41072900.390625, -108.3461
41074426.269531, -108.0213
41075952.148438, -107.8930
41077478.027344, -107.2782
41079003.906250, -105.9278
41080529.785156, -104.6048
41082055.664062, -104.5725
41083581.542969, -105.7480
41085107.421875, -107.1525
41086633.300781, -107.9070
41088159.179688, -107.1271
41089685.058594, -106.1855
41091210.937500, -106.1440
41092736.816406, -106.4055
41094262.695312, -106.5045
41095788.574219, -107.0646
41097314.453125, -108.0763
41098840.332031, -107.9357
41100366.210938, -105.8122
41101892.089844, -103.9249
41103417.968750, -104.5764
41104943.847656, -110.5688
41106469.726562, -113.0648
41107995.605469, -104.7158
41109521.484375, -101.6585
41111047.363281, -99.7765
41112573.242188, -98.0296
41114099.121094, -96.6907
41115625.000000, -96.1675
41117150.878906, -96.4113
41118676.757812, -97.0958
41120202.636719, -97.8947
41121728.515625, -98.4661
41123254.394531, -98.5035
41124780.273438, -98.1892
41126306.152344, -98.0822
41127832.031250, -98.5247
41129357.910156, -99.5018
41130883.789062, -100.9150
41132409.667969, -102.9465
41133935.546875, -106.3174
41135461.425781, -113.0793
41136987.304688, -118.0222
41138513.183594, -110.0230
41140039.062500, -107.3852
41141564.941406, -106.5060
41143090.820312, -105.6788
41144616.699219, -103.9750
41146142.578125, -101.6339
41147668.457031, -99.9859
41149194.335938, -99.5784
41150720.214844, -100.1749
41152246.093750, -101.0508
41153771.972656, -101.1658
41155297.851562, -100.2493
41156823.730469, -99.2936
41158349.609375, -99.0237
41159875.488281, -99.2827
41161401.367188, -99.5811
41162927.246094, -100.0695
41164453.125000, -101.6110
41165979.003906, -105.0875
41167504.882812, -110.3098
41169030.761719, -112.0893
41170556.640625, -111.1099
41172082.519531, -110.7477
41173608.398438, -110.7748
41175134.277344, -111.6928
41176660.156250, -114.1295
41178186.035156, -113.6271
41179711.914062, -109.1672
41181237.792969, -106.0753
41182763.671875, -103.7730
41184289.550781, -101.4669
41185815.429688, -99.5109
41187341.308594, -98.5543
41188867.187500, -98.7329
41190393.066406, -99.4964
41191918.945312, -99.8694
41193444.824219, -99.5026
41194970.703125, -99.0689
41196496.582031, -99.2131
41198022.460938, -99.9350
41199548.339844, -100.7204
41201074.218750, -101.1410
41202600.097656, -101.4923
41204125.976562, -102.2907
41205651.855469, -103.5328
41207177.734375, -104.4731
41208703.613281, -103.5570
41210229.492188, -100.7731
41211755.371094, -98.0081
41213281.250000, -96.2465
41214807.128906, -95.7021
41216333.007812, -96.2573
41217858.886719, -97.5897
41219384.765625, -99.5118
41220910.644531, -102.5658
41222436.523438, -108.3375
41223962.402344, -115.3516
41225488.281250, -112.2714
41227014.160156, -113.0875
41228540.039062, -113.6849
41230065.917969, -108.6694
41231591.796875, -104.8342
41233117.675781, -102.4230
41234643.554688, -100.2654
41236169.433594, -98.1699
41237695.312500, -96.8539
41239221.191406, -96.8831
41240747.070312, -98.3191
41242272.949219, -100.2200
41243798.828125, -100.4785
41245324.707031, -99.2465
41246850.585938, -98.4332
41248376.464844, -98.7659
41249902.343750, -99.8920
41251428.222656, -100.8793
41252954.101562, -101.5586
41254479.980469, -102.6874
41256005.859375, -104.5474
41257531.738281, -105.6092
41259057.617188, -103.8179
41260583.496094, -101.3992
41262109.375000, -99.5995
41263635.253906, -98.2345
41265161.132812, -97.6909
41266687.011719, -98.6989
41268212.890625, -101.4753
41269738.769531, -104.5584
41271264.648438, -104.9748
41272790.527344, -104.3773
41274316.406250, -104.4003
41275842.285156, -104.8401
41277368.164062, -105.5361
41278894.042969, -107.1364
41280419.921875, -110.8093
41281945.800781, -119.9691
41283471.679688, -115.8105
41284997.558594, -107.6112
41286523.437500, -102.5401
41288049.316406, -98.9710
41289575.195312, -96.9600
41291101.074219, -96.4637
41292626.953125, -97.0680
41294152.832031, -97.9776
41295678.710938, -98.6352
41297204.589844, -99.2926
41298730.468750, -100.3216
41300256.347656, -101.9105
41301782.226562, -104.2722
41303308.105469, -106.5901
41304833.984375, -105.7080
41306359.863281, -102.2154
41307885.742188, -99.1245
41309411.621094, -97.4787
41310937.500000, -96.9441
41312463.378906, -96.5211
41313989.257812, -95.6794
41315515.136719, -95.1029
41317041.015625, -95.5217
41318566.894531, -96.7921
41320092.773438, -97.9013
41321618.652344, -98.0621
41323144.531250, -97.5417
41324670.410156, -96.8838
41326196.289062, -96.4713
41327722.167969, -96.4839
41329248.046875, -96.9277
41330773.925781, -97.7361
41332299.804688, -98.9311
41333825.683594, -100.6408
41335351.562500, -102.9284
41336877.441406, -106.1776
41338403.320312, -111.3853
41339929.199219, -113.9316
41341455.078125, -108.2588
41342980.957031, -104.4134
41344506.835938, -102.4477
41346032.714844, -101.6851
41347558.593750, -101.6599
41349084.472656, -102.1640
41350610.351562, -102.7677
41352136.230469, -102.7595
41353662.109375, -102.4453
41355187.988281, -103.0502
41356713.867188, -105.7273
41358239.746094, -111.6695
41359765.625000, -128.8361
41361291.503906, -113.3468
41362817.382812, -105.1346
41364343.261719, -100.8419
41365869.140625, -98.7897
41367395.019531, -98.4548
41368920.898438, -99.5768
41370446.777344, -101.8853
41371972.656250, -104.9988
41373498.535156, -108.5332
41375024.414062, -109.6125
41376550.292969, -105.4531
41378076.171875, -102.4539
41379602.050781, -101.8558
41381127.929688, -103.4699
41382653.808594, -106.9458
41384179.687500, -109.5503
41385705.566406, -107.2046
41387231.445312, -104.2876
41388757.324219, -101.3252
41390283.203125, -98.0600
41391809.082031, -95.6604
41393334.960938, -94.5210
41394860.839844, -94.2680
41396386.718750, -94.3189
41397912.597656, -94.3079
41399438.476562, -94.3639
41400964.355469, -94.8827
41402490.234375, -96.0559
41404016.113281, -97.8100
41405541.992188, -100.0027
41407067.871094, -102.5986
41408593.750000, -105.7486
41410119.628906, -109.7977
41411645.507812, -114.2095
41413171.386719, -115.6043
41414697.265625, -114.4483
41416223.144531, -108.3602
41417749.023438, -102.9500
41419274.902344, -99.6468
41420800.781250, -97.8374
41422326.660156, -97.0261
41423852.539062, -97.0750
41425378.417969, -98.1348
41426904.296875, -100.3325
41428430.175781, -103.4365
41429956.054688, -106.4553
41431481.933594, -107.3918
41433007.812500, -105.8640
41434533.691406, -103.8496
41436059.570312, -102.2016
41437585.449219, -101.1151
41439111.328125, -100.9548
41440637.207031, -102.0980
41442163.085938, -104.9594
41443688.964844, -111.4984
41445214.843750, -115.2625
41446740.722656, -104.5337
41448266.601562, -99.9467
41449792.480469, -97.6607
41451318.359375, -96.7756
41452844.238281, -96.8396
41454370.117188, -97.3222
41455895.996094, -97.5766
41457421.875000, -97.4572
41458947.753906, -97.6724
41460473.632812, -99.1450
41461999.511719, -102.4316
41463525.390625, -106.5108
41465051.269531, -107.9449
41466577.148438, -108.5873
41468103.027344, -109.1593
41469628.906250, -106.6846
41471154.785156, -103.8114
41472680.664062, -103.0514
41474206.542969, -105.0680
41475732.421875, -111.5377
41477258.300781, -122.3978
41478784.179688, -110.0379
41480310.058594, -105.7702
41481835.937500, -102.9681
41483361.816406, -101.0100
41484887.695312, -100.3003
41486413.574219, -101.6317
41487939.453125, -106.2600
41489465.332031, -110.3331
41490991.210938, -105.3242
41492517.089844, -103.1684
41494042.968750, -102.5111
41495568.847656, -102.0988
41497094.726562, -102.1122
41498620.605469, -103.2162
41500146.484375, -105.2039
41501672.363281, -107.0565
41503198.242188, -109.5151
41504724.121094, -113.6091
41506250.000000, -116.6603
41507775.878906, -115.6766
41509301.757812, -112.2155
41510827.636719, -107.8642
41512353.515625, -104.0549
41513879.394531, -101.8825
41515405.273438, -101.7435
41516931.152344, -103.9598
41518457.031250, -109.6704
41519982.910156, -131.8311
41521508.789062, -112.8690
41523034.667969, -107.3249
41524560.546875, -103.1419
41526086.425781, -99.3586
41527612.304688, -96.8879
41529138.183594, -96.0923
41530664.062500, -96.7762
41532189.941406, -98.3550
41533715.820312, -100.1078
41535241.699219, -102.1395
41536767.578125, -105.8600
41538293.457031, -111.1596
41539819.335938, -106.6320
41541345.214844, -102.7534
41542871.093750, -101.2298
41544396.972656, -101.0862
41545922.851562, -101.7317
41547448.730469, -102.5970
41548974.609375, -103.1237
41550500.488281, -103.0775
41552026.367188, -102.5504
41553552.246094, -101.6743
41555078.125000, -100.6438
41556604.003906, -99.7695
41558129.882812, -99.2921
41559655.761719, -99.2696
41561181.640625, -99.6908
41562707.519531, -100.6114
41564233.398438, -101.9344
41565759.277344, -102.9353
41567285.156250, -102.7689
41568811.035156, -101.8920
41570336.914062, -101.1328
41571862.792969, -100.6608
41573388.671875, -100.3324
41574914.550781, -100.2232
41576440.429688, -100.7867
41577966.308594, -102.8560
41579492.187500, -108.5332
41581018.066406, -116.1319
41582543.945312, -104.7577
41584069.824219, -100.7581
41585595.703125, -99.2728
41587121.582031, -99.0550
41588647.460938, -99.4872
41590173.339844, -100.6634
41591699.218750, -103.5901
41593225.097656, -109.2522
41594750.976562, -108.6821
41596276.855469, -105.3800
41597802.734375, -104.6222
41599328.613281, -104.4719
41600854.492188, -103.8179
41602380.371094, -103.7817
41603906.250000, -105.7447
41605432.128906, -106.3315
41606958.007812, -103.4086
41608483.886719, -102.3132
41610009.765625, -102.8744
41611535.644531, -103.8180
41613061.523438, -104.3161
41614587.402344, -104.0948
41616113.281250, -103.2790
41617639.160156, -102.1673
41619165.039062, -102.7957
41620690.917969, -107.7080
41622216.796875, -133.6236
41623742.675781, -108.4684
41625268.554688, -104.2125
41626794.433594, -102.1261
41628320.312500, -100.7574
41629846.191406, -99.8186
41631372.070312, -99.3806
41632897.949219, -99.5345
41634423.828125, -100.3989
41635949.707031, -102.0571
41637475.585938, -104.5616
41639001.464844, -108.2362
41640527.343750, -113.4117
41642053.222656, -119.6455
41643579.101562, -132.1286
41645104.980469, -118.5545
41646630.859375, -109.6950
41648156.738281, -105.1564
41649682.617188, -102.6002
41651208.496094, -100.9337
41652734.375000, -99.9817
41654260.253906, -99.9001
41655786.132812, -100.4370
41657312.011719, -101.2054
41658837.890625, -102.4559
41660363.769531, -104.9123
41661889.648438, -109.7532
41663415.527344, -124.7636
41664941.406250, -113.1824
41666467.285156, -106.1543
41667993.164062, -102.7484
41669519.042969, -101.2411
41671044.921875, -101.2269
41672570.800781, -102.3658
41674096.679688, -103.8896
41675622.558594, -104.7296
41677148.437500, -104.7643
41678674.316406, -104.0764
41680200.195312, -102.5461
41681726.074219, -101.0045
41683251.953125, -100.2235
41684777.832031, -100.1214
41686303.710938, -100.0816
41687829.589844, -99.6342
41689355.468750, -98.9636
41690881.347656, -98.7330
41692407.226562, -99.2022
41693933.105469, -99.9114
41695458.984375, -100.5395
41696984.863281, -101.5516
41698510.742188, -103.3429
41700036.621094, -105.5687
41701562.500000, -106.4684
41703088.378906, -104.2324
41704614.257812, -101.3107
41706140.136719, -99.2852
41707666.015625, -98.0059
41709191.894531, -97.1269
41710717.773438, -96.6785
41712243.652344, -96.9510
41713769.531250, -98.2712
41715295.410156, -100.8299
41716821.289062, -104.3727
41718347.167969, -108.7180
41719873.046875, -116.0981
41721398.925781, -132.3423
41722924.804688, -125.9578
41724450.683594, -112.0706
41725976.562500, -105.5422
41727502.441406, -102.8013
41729028.320312, -101.8522
41730554.199219, -101.3065
41732080.078125, -100.8982
41733605.957031, -100.8187
41735131.835938, -101.7006
41736657.714844, -105.0651
41738183.593750, -112.7794
41739709.472656, -108.4956
41741235.351562, -102.9657
41742761.230469, -100.1293
41744287.109375, -98.8866
41745812.988281, -98.6965
41747338.867188, -99.1679
41748864.746094, -99.8642
41750390.625000, -100.3110
41751916.503906, -100.9402
41753442.382812, -102.5222
41754968.261719, -105.1708
41756494.140625, -108.5428
41758020.019531, -112.5065
41759545.898438, -114.5444
41761071.777344, -111.8108
41762597.656250, -108.9179
41764123.535156, -105.9307
41765649.414062, -103.5388
41767175.292969, -102.4500
41768701.171875, -102.3129
41770227.050781, -102.6697
41771752.929688, -104.0426
41773278.808594, -107.7767
41774804.687500, -117.8768
41776330.566406, -115.1787
41777856.445312, -109.6059
41779382.324219, -109.4864
41780908.203125, -112.1742
41782434.082031, -114.7964
41783959.960938, -119.4578
41785485.839844, -122.9492
41787011.718750, -110.1140
41788537.597656, -105.3238
41790063.476562, -103.2562
41791589.355469, -102.7435
41793115.234375, -102.8773
41794641.113281, -102.2988
41796166.992188, -100.2405
41797692.871094, -97.7953
41799218.750000, -95.9741
41800744.628906, -95.0426
41802270.507812, -94.9715
41803796.386719, -95.6987
41805322.265625, -97.2836
41806848.144531, -100.0605
41808374.023438, -104.8428
41809899.902344, -110.0991
41811425.781250, -106.0115
41812951.660156, -102.7174
41814477.539062, -100.8840
41816003.417969, -99.4703
41817529.296875, -98.5059
41819055.175781, -98.3910
41820581.054688, -99.3436
41822106.933594, -100.9571
41823632.812500, -102.1915
41825158.691406, -103.2835
41826684.570312, -105.6430
41828210.449219, -109.0082
41829736.328125, -108.4080
41831262.207031, -106.3388
41832788.085938, -104.9218
41834313.964844, -102.9428
41835839.843750, -101.1574
41837365.722656, -100.4096
41838891.601562, -100.5325
41840417.480469, -100.6526
41841943.359375, -100.0478
41843469.238281, -99.3200
41844995.117188, -99.2309
41846520.996094, -99.8692
41848046.875000, -101.0373
41849572.753906, -102.4134
41851098.632812, -103.6252
41852624.511719, -104.8746
41854150.390625, -106.1415
41855676.269531, -106.5514
41857202.148438, -106.2728
41858728.027344, -106.8900
41860253.906250, -108.6062
41861779.785156, -106.8673
41863305.664062, -104.1786
41864831.542969, -103.2768
41866357.421875, -103.2926
41867883.300781, -103.5772
41869409.179688, -104.3765
41870935.058594, -105.5340
41872460.937500, -105.9086
41873986.816406, -104.9602
41875512.695312, -103.5675
41877038.574219, -102.3663
41878564.453125, -101.3753
41880090.332031, -100.6824
41881616.210938, -100.4004
41883142.089844, -100.2477
41884667.968750, -99.8319
41886193.847656, -99.2918
41887719.726562, -99.1692
41889245.605469, -99.7381
41890771.484375, -100.6819
41892297.363281, -101.2215
41893823.242188, -100.5692
41895349.121094, -99.0238
41896875.000000, -97.6455
41898400.878906, -96.7967
41899926.757812, -96.3542
41901452.636719, -96.2660
41902978.515625, -96.6412
41904504.394531, -97.4603
41906030.273438, -98.3444
41907556.152344, -99.1461
41909082.031250, -100.4375
41910607.910156, -102.4969
41912133.789062, -103.8202
41913659.667969, -102.4654
41915185.546875, -100.1342
41916711.425781, -98.1454
41918237.304688, -96.8933
41919763.183594, -96.7847
41921289.062500, -98.2319
41922814.941406, -101.7169
41924340.820312, -108.0318
41925866.699219, -110.7424
41927392.578125, -105.4003
41928918.457031, -102.2433
41930444.335938, -100.6719
41931970.214844, -100.0088
41933496.093750, -99.8712
41935021.972656, -100.2571
41936547.851562, -101.3843
41938073.730469, -103.4734
41939599.609375, -106.7986
41941125.488281, -112.2361
41942651.367188, -129.5356
41944177.246094, -112.0915
41945703.125000, -105.5830
41947229.003906, -102.0389
41948754.882812, -99.5542
41950280.761719, -97.7636
41951806.640625, -96.8314
41953332.519531, -96.7936
41954858.398438, -97.3969
41956384.277344, -98.3832
41957910.156250, -99.7680
41959436.035156, -101.5008
41960961.914062, -102.7859
41962487.792969, -102.6477
41964013.671875, -101.6384
41965539.550781, -100.8687
41967065.429688, -100.8747
41968591.308594, -101.4479
41970117.187500, -101.5001
41971643.066406, -100.2957
41973168.945312, -98.4740
41974694.824219, -96.6990
41976220.703125, -95.4371
41977746.582031, -95.0780
41979272.460938, -95.8085
41980798.339844, -97.6971
41982324.218750, -100.9604
41983850.097656, -105.8987
41985375.976562, -109.0109
41986901.855469, -106.9474
41988427.734375, -106.4115
41989953.613281, -108.5297
41991479.492188, -113.5959
41993005.371094, -115.2267
41994531.250000, -109.0784
41996057.128906, -105.4799
41997583.007812, -104.2321
41999108.886719, -105.3291
42000634.765625, -109.8180
42002160.644531, -123.0245
42003686.523438, -110.9000
42005212.402344, -106.4577
42006738.281250, -105.6840
42008264.160156, -106.9243
42009790.039062, -108.9509
42011315.917969, -112.2653
42012841.796875, -117.4991
42014367.675781, -115.0532
42015893.554688, -113.1042
42017419.433594, -111.8002
42018945.312500, -110.3072
42020471.191406, -110.7974
42021997.070312, -115.9686
42023522.949219, -120.9855
42025048.828125, -107.9538
42026574.707031, -103.1358
42028100.585938, -100.6689
42029626.464844, -99.2728
42031152.343750, -98.4204
42032678.222656, -97.9659
42034204.101562, -97.8099
42035729.980469, -97.7938
42037255.859375, -98.0113
42038781.738281, -98.9247
42040307.617188, -100.9840
42041833.496094, -104.1675
42043359.375000, -107.8124
42044885.253906, -112.0904
42046411.132812, -125.1576
42047937.011719, -113.3783
42049462.890625, -106.8333
42050988.769531, -104.2710
42052514.648438, -103.0715
42054040.527344, -102.4220
42055566.406250, -102.0471
42057092.285156, -101.5614
42058618.164062, -100.8948
42060144.042969, -100.5463
42061669.921875, -100.9419
42063195.800781, -102.0115
42064721.679688, -103.4104
42066247.558594, -105.1109
42067773.437500, -107.3786
42069299.316406, -110.8143
42070825.195312, -117.7776
42072351.074219, -116.2171
42073876.953125, -111.1052
42075402.832031, -110.4624
42076928.710938, -112.5424
42078454.589844, -115.2571
42079980.468750, -114.1615
42081506.347656, -111.3011
42083032.226562, -109.0632
42084558.105469, -107.4986
42086083.984375, -106.4479
42087609.863281, -106.0560
42089135.742188, -106.7822
42090661.621094, -108.0591
42092187.500000, -107.9783
42093713.378906, -107.7780
42095239.257812, -108.2812
42096765.136719, -107.3589
42098291.015625, -105.9827
42099816.894531, -106.0458
42101342.773438, -107.6157
42102868.652344, -108.1649
42104394.531250, -104.2712
42105920.410156, -100.5914
42107446.289062, -98.5994
42108972.167969, -97.9624
42110498.046875, -98.2263
42112023.925781, -98.8733
42113549.804688, -99.4534
42115075.683594, -100.0080
42116601.562500, -100.8606
42118127.441406, -101.8877
42119653.320312, -102.6328
42121179.199219, -103.1902
42122705.078125, -104.0348
42124230.957031, -105.5911
42125756.835938, -108.1216
42127282.714844, -111.2458
42128808.593750, -113.5376
42130334.472656, -113.9311
42131860.351562, -113.6305
42133386.230469, -112.6240
42134912.109375, -109.9121
42136437.988281, -106.9197
42137963.867188, -104.8244
42139489.746094, -103.8218
42141015.625000, -103.4154
42142541.503906, -102.7463
42144067.382812, -101.6199
42145593.261719, -100.6480
42147119.140625, -100.5607
42148645.019531, -101.9312
42150170.898438, -104.9220
42151696.777344, -106.8589
42153222.656250, -104.0256
42154748.535156, -100.8318
42156274.414062, -98.6719
42157800.292969, -97.5466
42159326.171875, -97.3764
42160852.050781, -97.9957
42162377.929688, -99.3398
42163903.808594, -101.6446
42165429.687500, -105.0979
42166955.566406, -108.0115
42168481.445312, -108.3141
42170007.324219, -108.9057
42171533.203125, -110.5852
42173059.082031, -111.4477
42174584.960938, -110.1032
42176110.839844, -105.7415
42177636.718750, -100.7633
42179162.597656, -97.4473
42180688.476562, -95.7507
42182214.355469, -95.1329
42183740.234375, -95.0725
42185266.113281, -95.3101
42186791.992188, -95.9420
42188317.871094, -97.1856
42189843.750000, -99.0515
42191369.628906, -101.3774
42192895.507812, -104.2945
42194421.386719, -108.5163
42195947.265625, -115.2043
42197473.144531, -126.3453
42198999.023438, -126.8232
42200524.902344, -118.9034
42202050.781250, -114.6983
42203576.660156, -112.5397
42205102.539062, -111.9300
42206628.417969, -109.8421
42208154.296875, -107.4205
42209680.175781, -107.3738
42211206.054688, -109.9560
42212731.933594, -112.3523
42214257.812500, -109.9824
42215783.691406, -107.2307
42217309.570312, -105.6774
42218835.449219, -105.3703
42220361.328125, -106.1559
42221887.207031, -107.5016
42223413.085938, -107.7943
42224938.964844, -104.9914
42226464.843750, -101.4279
42227990.722656, -99.1721
42229516.601562, -98.4168
42231042.480469, -98.7559
42232568.359375, -99.6415
42234094.238281, -100.9016
42235620.117188, -103.2179
42237145.996094, -108.4604
42238671.875000, -116.4603
42240197.753906, -106.9785
42241723.632812, -102.8704
42243249.511719, -100.7924
42244775.390625, -99.1134
42246301.269531, -97.4174
42247827.148438, -96.0900
42249353.027344, -95.6061
42250878.906250, -96.1429
42252404.785156, -97.5325
42253930.664062, -99.2970
42255456.542969, -100.8785
42256982.421875, -102.1383
42258508.300781, -103.3523
42260034.179688, -104.3092
42261560.058594, -104.0840
42263085.937500, -102.8873
42264611.816406, -101.8020
42266137.695312, -101.2129
42267663.574219, -101.2072
42269189.453125, -102.1082
42270715.332031, -104.1839
42272241.210938, -107.2592
42273767.089844, -112.0334
42275292.968750, -119.0249
42276818.847656, -111.8616
42278344.726562, -109.8646
42279870.605469, -110.5944
42281396.484375, -111.7057
42282922.363281, -119.0804
42284448.242188, -115.6233
42285974.121094, -110.5264
42287500.000000, -110.7064
42289025.878906, -110.6066
42290551.757812, -113.2726
42292077.636719, -119.7447
42293603.515625, -108.5277
42295129.394531, -104.8456
42296655.273438, -104.0957
42298181.152344, -104.5641
42299707.031250, -104.9840
42301232.910156, -104.7646
42302758.789062, -104.3733
42304284.667969, -104.1427
42305810.546875, -103.3402
42307336.425781, -101.8483
42308862.304688, -100.7884
42310388.183594, -100.7328
42311914.062500, -101.7235
42313439.941406, -103.3054
42314965.820312, -103.3089
42316491.699219, -101.0388
42318017.578125, -98.8702
42319543.457031, -97.6452
42321069.335938, -97.3771
42322595.214844, -97.8528
42324121.093750, -98.7812
42325646.972656, -100.0572
42327172.851562, -101.7690
42328698.730469, -103.5532
42330224.609375, -104.0742
42331750.488281, -102.9723
42333276.367188, -101.5318
42334802.246094, -100.6695
42336328.125000, -100.6584
42337854.003906, -101.2792
42339379.882812, -102.0647
42340905.761719, -102.9478
42342431.640625, -104.7943
42343957.519531, -109.7240
42345483.398438, -130.4071
42347009.277344, -111.9834
42348535.156250, -108.7940
42350061.035156, -108.5545
42351586.914062, -108.6665
42353112.792969, -107.7520
42354638.671875, -107.2218
42356164.550781, -109.0712
42357690.429688, -110.0010
42359216.308594, -107.8306
42360742.187500, -107.6608
42362268.066406, -108.3726
42363793.945312, -107.7898
42365319.824219, -107.7492
42366845.703125, -110.5965
42368371.582031, -110.9891
42369897.460938, -105.2213
42371423.339844, -102.3636
42372949.218750, -101.5222
42374475.097656, -101.9112
42376000.976562, -102.9657
42377526.855469, -104.1240
42379052.734375, -105.3070
42380578.613281, -106.2438
42382104.492188, -106.9118
42383630.371094, -107.8626
42385156.250000, -109.1426
42386682.128906, -109.7116
42388208.007812, -109.9524
42389733.886719, -111.0550
42391259.765625, -110.8757
42392785.644531, -109.1745
42394311.523438, -109.0236
42395837.402344, -111.1921
42397363.281250, -112.7683
42398889.160156, -112.2039
42400415.039062, -115.5852
42401940.917969, -122.9072
42403466.796875, -108.2048
42404992.675781, -102.5891
42406518.554688, -99.3096
42408044.433594, -97.0714
42409570.312500, -95.5615
42411096.191406, -94.9688
42412622.070312, -95.6566
42414147.949219, -97.8588
42415673.828125, -101.0874
42417199.707031, -103.6091
42418725.585938, -105.2981
42420251.464844, -106.3745
42421777.343750, -105.1058
42423303.222656, -103.0296
42424829.101562, -101.5989
42426354.980469, -100.6259
42427880.859375, -99.5510
42429406.738281, -98.2958
42430932.617188, -97.3129
42432458.496094, -96.8776
42433984.375000, -96.8047
42435510.253906, -96.9395
42437036.132812, -97.4459
42438562.011719, -98.5151
42440087.890625, -100.1464
42441613.769531, -102.1387
42443139.648438, -104.5009
42444665.527344, -107.8971
42446191.406250, -110.6723
42447717.285156, -108.5343
42449243.164062, -106.5173
42450769.042969, -105.4667
42452294.921875, -104.8810
42453820.800781, -105.2250
42455346.679688, -106.8510
42456872.558594, -107.5201
42458398.437500, -106.0627
42459924.316406, -105.6898
42461450.195312, -106.3223
42462976.074219, -106.1556
42464501.953125, -105.4936
42466027.832031, -105.4335
42467553.710938, -106.4294
42469079.589844, -108.4165
42470605.468750, -109.9667
42472131.347656, -107.9231
42473657.226562, -103.5764
42475183.105469, -100.6011
42476708.984375, -99.2935
42478234.863281, -98.8026
42479760.742188, -98.3790
42481286.621094, -98.1254
42482812.500000, -98.6233
42484338.378906, -100.1068
42485864.257812, -101.1994
42487390.136719, -100.1733
42488916.015625, -98.8303
42490441.894531, -98.1703
42491967.773438, -97.8350
42493493.652344, -97.6452
42495019.531250, -98.0257
42496545.410156, -99.3311
42498071.289062, -101.4811
42499597.167969, -104.4400
42501123.046875, -108.7446
42502648.925781, -117.5691
42504174.804688, -119.6748
42505700.683594, -112.3516
42507226.562500, -113.1530
42508752.441406, -112.3875
42510278.320312, -110.4722
42511804.199219, -113.9653
42513330.078125, -136.7626
42514855.957031, -114.7299
42516381.835938, -111.0815
42517907.714844, -111.5511
42519433.593750, -118.1507
42520959.472656, -118.7743
42522485.351562, -109.6412
42524011.230469, -106.7120
42525537.109375, -106.1735
42527062.988281, -106.6212
42528588.867188, -106.4160
42530114.746094, -104.9965
42531640.625000, -104.4935
42533166.503906, -106.0598
42534692.382812, -108.0344
42536218.261719, -108.0506
42537744.140625, -107.7958
42539270.019531, -109.2252
42540795.898438, -117.5241
42542321.777344, -112.1838
42543847.656250, -104.5587
42545373.535156, -101.3538
42546899.414062, -100.3186
42548425.292969, -101.1661
42549951.171875, -103.4403
42551477.050781, -105.4450
42553002.929688, -105.3771
42554528.808594, -103.9281
42556054.687500, -102.3773
42557580.566406, -101.2971
42559106.445312, -100.5731
42560632.324219, -99.7970
42562158.203125, -98.8200
42563684.082031, -97.9701
42565209.960938, -97.3807
42566735.839844, -96.9483
42568261.718750, -96.8456
42569787.597656, -97.1793
42571313.476562, -97.4837
42572839.355469, -97.0959
42574365.234375, -96.0997
42575891.113281, -95.2133
42577416.992188, -94.9134
42578942.871094, -95.1572
42580468.750000, -95.4373
42581994.628906, -95.1768
42583520.507812, -94.4839
42585046.386719, -94.0218
42586572.265625, -94.3130
42588098.144531, -95.4537
42589624.023438, -97.0656
42591149.902344, -98.5559
42592675.781250, -99.7576
42594201.660156, -101.0727
42595727.539062, -103.0757
42597253.417969, -106.0290
42598779.296875, -108.5976
42600305.175781, -108.1022
42601831.054688, -105.9601
42603356.933594, -104.2584
42604882.812500, -103.3354
42606408.691406, -102.6904
42607934.570312, -101.9612
42609460.449219, -101.4174
42610986.328125, -101.4364
42612512.207031, -101.9520
42614038.085938, -102.3533
42615563.964844, -101.9728
42617089.843750, -101.0746
42618615.722656, -100.1647
42620141.601562, -99.3384
42621667.480469, -98.6615
42623193.359375, -98.2657
42624719.238281, -98.2896
42626245.117188, -98.9019
42627770.996094, -100.2742
42629296.875000, -102.6600
42630822.753906, -106.8483
42632348.632812, -115.5613
42633874.511719, -117.9862
42635400.390625, -110.5315
42636926.269531, -106.8181
42638452.148438, -103.7359
42639978.027344, -100.9827
42641503.906250, -99.2927
42643029.785156, -99.0688
42644555.664062, -99.8872
42646081.542969, -100.8275
42647607.421875, -101.6240
42649133.300781, -102.5375
42650659.179688, -103.1845
42652185.058594, -102.0256
42653710.937500, -99.4882
42655236.816406, -97.6622
42656762.695312, -97.0069
42658288.574219, -97.1881
42659814.453125, -97.9123
42661340.332031, -99.3366
42662866.210938, -102.2696
42664392.089844, -109.0060
42665917.968750, -108.9968
42667443.847656, -101.5166
42668969.726562, -98.2851
42670495.605469, -97.1827
42672021.484375, -97.4583
42673547.363281, -98.6270
42675073.242188, -100.3631
42676599.121094, -102.8132
42678125.000000, -106.7275
42679650.878906, -110.7480
42681176.757812, -108.7915
42682702.636719, -106.6728
42684228.515625, -105.2553
42685754.394531, -103.5611
42687280.273438, -101.5535
42688806.152344, -99.5694
42690332.031250, -98.1078
42691857.910156, -97.5871
42693383.789062, -98.3932
42694909.667969, -100.9571
42696435.546875, -105.7417
42697961.425781, -112.0994
42699487.304688, -113.2773
42701013.183594, -112.7161
42702539.062500, -114.3865
42704064.941406, -115.4402
42705590.820312, -114.5132
42707116.699219, -114.0839
42708642.578125, -112.1215
42710168.457031, -108.0057
42711694.335938, -104.3377
42713220.214844, -101.7105
42714746.093750, -99.9848
42716271.972656, -99.2402
42717797.851562, -99.6438
42719323.730469, -101.0016
42720849.609375, -102.6174
42722375.488281, -104.4345
42723901.367188, -108.3008
42725427.246094, -123.4408
42726953.125000, -111.9356
42728479.003906, -107.2363
42730004.882812, -107.2702
42731530.761719, -108.3525
42733056.640625, -106.5375
42734582.519531, -103.3810
42736108.398438, -100.6895
42737634.277344, -98.9416
42739160.156250, -98.1309
42740686.035156, -97.9155
42742211.914062, -97.8765
42743737.792969, -97.6755
42745263.671875, -97.2841
42746789.550781, -96.9672
42748315.429688, -96.8218
42749841.308594, -96.8398
42751367.187500, -97.3246
42752893.066406, -98.7538
42754418.945312, -101.3521
42755944.824219, -104.7238
42757470.703125, -107.8553
42758996.582031, -110.3874
42760522.460938, -112.7572
42762048.339844, -115.1078
42763574.218750, -123.4703
42765100.097656, -115.6733
42766625.976562, -106.5182
42768151.855469, -102.5828
42769677.734375, -100.9037
42771203.613281, -100.2712
42772729.492188, -99.7711
42774255.371094, -99.0886
42775781.250000, -98.3997
42777307.128906, -97.9393
42778833.007812, -97.8510
42780358.886719, -98.1130
42781884.765625, -98.8375
42783410.644531, -100.3457
42784936.523438, -102.3243
42786462.402344, -103.4386
42787988.281250, -103.8656
42789514.160156, -104.6059
42791040.039062, -105.4542
42792565.917969, -105.4198
42794091.796875, -105.1511
42795617.675781, -107.2548
42797143.554688, -113.7443
42798669.433594, -108.7469
42800195.312500, -103.4398
42801721.191406, -100.9128
42803247.070312, -99.6485
42804772.949219, -99.0011
42806298.828125, -98.5284
42807824.707031, -98.0509
42809350.585938, -97.7263
42810876.464844, -97.7336
42812402.343750, -98.1885
42813928.222656, -99.4109
42815454.101562, -102.0638
42816979.980469, -106.2885
42818505.859375, -106.5707
42820031.738281, -103.3510
42821557.617188, -101.3481
42823083.496094, -100.0676
42824609.375000, -99.0030
42826135.253906, -98.4905
42827661.132812, -99.0856
42829187.011719, -100.8355
42830712.890625, -102.6689
42832238.769531, -102.6530
42833764.648438, -101.2155
42835290.527344, -100.4787
42836816.406250, -101.0405
42838342.285156, -101.2615
42839868.164062, -99.7928
42841394.042969, -98.3430
42842919.921875, -97.6651
42844445.800781, -97.5439
42845971.679688, -97.8478
42847497.558594, -98.8289
42849023.437500, -100.9874
42850549.316406, -104.6395
42852075.195312, -107.9626
42853601.074219, -107.7836
42855126.953125, -107.5029
42856652.832031, -107.3376
42858178.710938, -104.3832
42859704.589844, -100.6288
42861230.468750, -97.9446
42862756.347656, -96.2195
42864282.226562, -95.0839
42865808.105469, -94.4360
42867333.984375, -94.4109
42868859.863281, -95.0465
42870385.742188, -96.0570
42871911.621094, -97.0425
42873437.500000, -97.9600
42874963.378906, -99.1648
42876489.257812, -101.1293
42878015.136719, -104.0383
42879541.015625, -105.3406
42881066.894531, -103.2061
42882592.773438, -101.8582
42884118.652344, -102.0128
42885644.531250, -102.6503
42887170.410156, -102.6868
42888696.289062, -102.3713
42890222.167969, -102.6073
42891748.046875, -103.2371
42893273.925781, -102.9092
42894799.804688, -102.3826
42896325.683594, -103.3440
42897851.562500, -106.0977
42899377.441406, -109.0251
42900903.320312, -108.6256
42902429.199219, -106.2208
42903955.078125, -103.6076
42905480.957031, -101.5108
42907006.835938, -100.3141
42908532.714844, -99.8482
42910058.593750, -99.5285
42911584.472656, -99.2274
42913110.351562, -99.5117
42914636.230469, -100.5337
42916162.109375, -100.7030
42917687.988281, -98.9926
42919213.867188, -97.6463
42920739.746094, -97.4798
42922265.625000, -97.9065
42923791.503906, -98.3473
42925317.382812, -99.1490
42926843.261719, -101.2717
42928369.140625, -104.7945
42929895.019531, -104.6435
42931420.898438, -102.1468
42932946.777344, -101.4028
42934472.656250, -102.2993
42935998.535156, -104.8310
42937524.414062, -110.4116
42939050.292969, -126.6914
42940576.171875, -108.5417
42942102.050781, -102.9407
42943627.929688, -99.9415
42945153.808594, -98.3052
42946679.687500, -97.7065
42948205.566406, -97.9066
42949731.445312, -98.4027
42951257.324219, -98.7135
42952783.203125, -99.0178
42954309.082031, -99.9289
42955834.960938, -101.8513
42957360.839844, -104.3052
42958886.718750, -105.4268
42960412.597656, -104.9703
42961938.476562, -104.1546
42963464.355469, -102.8364
42964990.234375, -100.7600
42966516.113281, -98.6544
42968041.992188, -97.3364
42969567.871094, -96.9660
42971093.750000, -97.1940
42972619.628906, -97.5659
42974145.507812, -98.0080
42975671.386719, -98.8454
42977197.265625, -100.3494
42978723.144531, -102.5512
42980249.023438, -105.5448
42981774.902344, -110.0740
42983300.781250, -115.6904
42984826.660156, -108.6120
42986352.539062, -102.8050
42987878.417969, -99.2742
42989404.296875, -97.0754
42990930.175781, -95.7665
42992456.054688, -95.1221
42993981.933594, -94.9977
42995507.812500, -95.2747
42997033.691406, -96.0081
42998559.570312, -97.4535
43000085.449219, -99.4435
43001611.328125, -100.4274
43003137.207031, -100.2979
43004663.085938, -101.2285
43006188.964844, -103.8406
43007714.843750, -105.9034
43009240.722656, -104.4394
43010766.601562, -103.1677
43012292.480469, -103.6868
43013818.359375, -105.9509
43015344.238281, -109.3327
43016870.117188, -107.8726
43018395.996094, -103.2564
43019921.875000, -99.8230
43021447.753906, -97.5037
43022973.632812, -96.2614
43024499.511719, -96.2023
43026025.390625, -97.2753
43027551.269531, -99.1198
43029077.148438, -101.1562
43030603.027344, -102.9518
43032128.906250, -104.2219
43033654.785156, -104.4852
43035180.664062, -103.9316
43036706.542969, -103.3887
43038232.421875, -103.0104
43039758.300781, -102.3319
43041284.179688, -101.2588
43042810.058594, -100.2284
43044335.937500, -99.6331
43045861.816406, -99.5198
43047387.695312, -99.5887
43048913.574219, -99.3394
43050439.453125, -98.5293
43051965.332031, -97.6653
43053491.210938, -97.4858
43055017.089844, -98.3544
43056542.968750, -100.0987
43058068.847656, -101.8892
43059594.726562, -102.6586
43061120.605469, -102.5266
43062646.484375, -102.3549
43064172.363281, -102.1877
43065698.242188, -101.6393
43067224.121094, -100.9318
43068750.000000, -100.1401
43070275.878906, -99.1708
43071801.757812, -98.6609
43073327.636719, -98.9586
43074853.515625, -99.7247
43076379.394531, -100.5517
43077905.273438, -100.8189
43079431.152344, -100.4705
43080957.031250, -100.4395
43082482.910156, -100.8628
43084008.789062, -100.9488
43085534.667969, -100.2834
43087060.546875, -99.6392
43088586.425781, -99.7080
43090112.304688, -100.4208
43091638.183594, -101.2061
43093164.062500, -101.5601
43094689.941406, -101.5762
43096215.820312, -101.7108
43097741.699219, -102.2463
43099267.578125, -103.0251
43100793.457031, -103.0405
43102319.335938, -101.5698
43103845.214844, -100.0882
43105371.093750, -99.6521
43106896.972656, -100.1776
43108422.851562, -101.2024
43109948.730469, -102.6574
43111474.609375, -105.0970
43113000.488281, -109.1006
43114526.367188, -113.9644
43116052.246094, -114.1396
43117578.125000, -112.4304
43119104.003906, -108.9540
43120629.882812, -105.3622
43122155.761719, -103.5521
43123681.640625, -102.9247
43125207.519531, -102.6029
43126733.398438, -102.1939
43128259.277344, -101.7449
43129785.156250, -101.5471
43131311.035156, -101.8499
43132836.914062, -102.5819
43134362.792969, -103.2331
43135888.671875, -103.0604
43137414.550781, -102.4952
43138940.429688, -102.8062
43140466.308594, -104.9391
43141992.187500, -110.4956
43143518.066406, -134.0092
43145043.945312, -110.4648
43146569.824219, -105.2787
43148095.703125, -102.0206
43149621.582031, -99.3436
43151147.460938, -97.5279
43152673.339844, -97.0319
43154199.218750, -98.0347
43155725.097656, -100.4091
43157250.976562, -103.6650
43158776.855469, -107.6274
43160302.734375, -112.2434
43161828.613281, -110.5389
43163354.492188, -106.4804
43164880.371094, -104.2619
43166406.250000, -103.2799
43167932.128906, -102.6922
43169458.007812, -102.4380
43170983.886719, -102.7434
43172509.765625, -103.1246
43174035.644531, -102.8883
43175561.523438, -102.3677
43177087.402344, -102.3624
43178613.281250, -103.2592
43180139.160156, -105.2336
43181665.039062, -108.2184
43183190.917969, -111.1729
43184716.796875, -111.3535
43186242.675781, -107.5935
43187768.554688, -103.1791
43189294.433594, -100.0665
43190820.312500, -98.4382
43192346.191406, -97.8673
43193872.070312, -97.7722
43195397.949219, -97.8268
43196923.828125, -98.1330
43198449.707031, -98.9250
43199975.585938, -100.2842
43201501.464844, -102.3629
43203027.343750, -106.0667
43204553.222656, -114.3205
43206079.101562, -120.1391
43207604.980469, -111.0484
43209130.859375, -107.7461
43210656.738281, -105.2678
43212182.617188, -103.0865
43213708.496094, -101.8352
43215234.375000, -102.0800
43216760.253906, -103.5211
43218286.132812, -104.8034
43219812.011719, -105.2812
43221337.890625, -105.6121
43222863.769531, -106.3545
43224389.648438, -108.0385
43225915.527344, -110.4486
43227441.406250, -109.1111
43228967.285156, -104.8435
43230493.164062, -101.5507
43232019.042969, -99.6951
43233544.921875, -99.4824
43235070.800781, -100.6326
43236596.679688, -100.7500
43238122.558594, -98.5617
43239648.437500, -96.4099
43241174.316406, -94.9069
43242700.195312, -94.0415
43244226.074219, -93.9927
43245751.953125, -94.8917
43247277.832031, -96.4826
43248803.710938, -97.6756
43250329.589844, -97.3611
43251855.468750, -96.5188
43253381.347656, -96.1512
43254907.226562, -96.1786
43256433.105469, -96.3256
43257958.984375, -96.7935
43259484.863281, -98.3235
43261010.742188, -102.0956
43262536.621094, -110.8298
43264062.500000, -107.9195
43265588.378906, -101.8944
43267114.257812, -99.2523
43268640.136719, -98.1141
43270166.015625, -98.0182
43271691.894531, -99.0592
43273217.773438, -101.9672
43274743.652344, -109.8665
43276269.531250, -111.4859
43277795.410156, -102.5157
43279321.289062, -99.7327
43280847.167969, -99.2923
43282373.046875, -100.0705
43283898.925781, -101.4839
43285424.804688, -103.2732
43286950.683594, -104.7001
43288476.562500, -104.4968
43290002.441406, -103.4141
43291528.320312, -102.6976
43293054.199219, -102.6962
43294580.078125, -103.5294
43296105.957031, -104.8254
43297631.835938, -105.8250
43299157.714844, -106.8164
43300683.593750, -107.3204
43302209.472656, -106.5948
43303735.351562, -106.0130
43305261.230469, -105.5075
43306787.109375, -104.2429
43308312.988281, -102.6316
43309838.867188, -101.4384
43311364.746094, -100.9288
43312890.625000, -101.0831
43314416.503906, -101.9856
43315942.382812, -104.1125
43317468.261719, -108.8394
43318994.140625, -127.7696
43320520.019531, -110.4969
43322045.898438, -104.1575
43323571.777344, -101.1732
43325097.656250, -100.0842
43326623.535156, -100.4942
43328149.414062, -101.6614
43329675.292969, -102.1426
43331201.171875, -101.6870
43332727.050781, -101.7551
43334252.929688, -103.4142
43335778.808594, -107.1312
43337304.687500, -111.7627
43338830.566406, -107.8970
43340356.445312, -102.9578
43341882.324219, -100.4963
43343408.203125, -99.8902
43344934.082031, -100.4116
43346459.960938, -101.2327
43347985.839844, -102.1175
43349511.718750, -103.7401
43351037.597656, -106.6930
43352563.476562, -110.9646
43354089.355469, -113.8000
43355615.234375, -109.2557
43357141.113281, -104.4290
43358666.992188, -102.0978
43360192.871094, -101.7833
43361718.750000, -102.2150
43363244.628906, -102.2079
43364770.507812, -102.0077
43366296.386719, -102.5174
43367822.265625, -104.4170
43369348.144531, -108.3366
43370874.023438, -116.4761
43372399.902344, -126.2516
43373925.781250, -116.4065
43375451.660156, -115.2909
43376977.539062, -115.6830
43378503.417969, -113.9787
43380029.296875, -109.6297
43381555.175781, -104.4432
43383081.054688, -100.5414
43384606.933594, -98.3757
43386132.812500, -97.4750
43387658.691406, -97.1458
43389184.570312, -96.9978
43390710.449219, -97.2265
43392236.328125, -98.2094
43393762.207031, -99.8691
43395288.085938, -101.3913
43396813.964844, -101.9588
43398339.843750, -102.0269
43399865.722656, -102.4266
43401391.601562, -102.7239
43402917.480469, -102.2721
43404443.359375, -101.7561
43405969.238281, -101.8919
43407495.117188, -102.8030
43409020.996094, -102.7502
43410546.875000, -100.9515
43412072.753906, -99.7264
43413598.632812, -99.5304
43415124.511719, -99.6982
43416650.390625, -99.7776
43418176.269531, -100.0756
43419702.148438, -101.2542
43421228.027344, -103.2529
43422753.906250, -105.1069
43424279.785156, -105.8844
43425805.664062, -104.3727
43427331.542969, -103.0796
43428857.421875, -103.6466
43430383.300781, -104.9765
43431909.179688, -104.4556
43433435.058594, -102.0889
43434960.937500, -100.5161
43436486.816406, -100.7612
43438012.695312, -102.2676
43439538.574219, -103.4149
43441064.453125, -103.6663
43442590.332031, -103.8587
43444116.210938, -105.2900
43445642.089844, -109.9173
43447167.968750, -114.6940
43448693.847656, -109.8641
43450219.726562, -109.0953
43451745.605469, -111.0010
43453271.484375, -110.0410
43454797.363281, -106.0621
43456323.242188, -103.1723
43457849.121094, -101.7832
43459375.000000, -101.9091
43460900.878906, -103.9897
43462426.757812, -110.0628
43463952.636719, -116.0079
43465478.515625, -104.1622
43467004.394531, -98.8654
43468530.273438, -95.7121
43470056.152344, -93.8021
43471582.031250, -92.5396
43473107.910156, -91.6373
43474633.789062, -91.1703
43476159.667969, -91.2653
43477685.546875, -91.8944
43479211.425781, -92.8688
43480737.304688, -93.9994
43482263.183594, -95.2267
43483789.062500, -96.5445
43485314.941406, -97.9176
43486840.820312, -99.5681
43488366.699219, -101.9925
43489892.578125, -105.1685
43491418.457031, -107.8889
43492944.335938, -108.8905
43494470.214844, -108.0308
43495996.093750, -105.3141
43497521.972656, -102.4800
43499047.851562, -100.7979
43500573.730469, -100.1189
43502099.609375, -99.9171
43503625.488281, -100.0425
43505151.367188, -100.6964
43506677.246094, -101.8834
43508203.125000, -101.9042
43509729.003906, -99.7635
43511254.882812, -98.1484
43512780.761719, -97.9105
43514306.640625, -98.5711
43515832.519531, -99.7638
43517358.398438, -101.8106
43518884.277344, -103.3944
43520410.156250, -101.0051
43521936.035156, -98.9958
43523461.914062, -99.0108
43524987.792969, -100.0128
43526513.671875, -100.3126
43528039.550781, -99.8553
43529565.429688, -99.6986
43531091.308594, -99.5620
43532617.187500, -98.8172
43534143.066406, -98.0189
43535668.945312, -97.8340
43537194.824219, -98.4052
43538720.703125, -99.4137
43540246.582031, -100.2515
43541772.460938, -100.6828
43543298.339844, -101.2708
43544824.218750, -102.6249
43546350.097656, -103.8622
43547875.976562, -103.2007
43549401.855469, -101.7501
43550927.734375, -100.1943
43552453.613281, -98.4047
43553979.492188, -96.6499
43555505.371094, -95.2870
43557031.250000, -94.6156
43558557.128906, -94.7868
43560083.007812, -95.6975
43561608.886719, -97.0867
43563134.765625, -98.9081
43564660.644531, -101.6571
43566186.523438, -106.3103
43567712.402344, -114.0049
43569238.281250, -114.6361
43570764.160156, -107.1680
43572290.039062, -102.5551
43573815.917969, -100.2506
43575341.796875, -99.5014
43576867.675781, -99.5937
43578393.554688, -100.0492
43579919.433594, -100.8124
43581445.312500, -101.8805
43582971.191406, -102.7598
43584497.070312, -103.0979
43586022.949219, -103.1158
43587548.828125, -102.9277
43589074.707031, -102.7190
43590600.585938, -102.8900
43592126.464844, -103.4275
43593652.343750, -102.9935
43595178.222656, -101.2700
43596704.101562, -99.9152
43598229.980469, -99.4754
43599755.859375, -99.4568
43601281.738281, -99.1702
43602807.617188, -98.5156
43604333.496094, -97.9553
43605859.375000, -97.9742
43607385.253906, -98.8566
43608911.132812, -100.5854
43610437.011719, -102.5366
43611962.890625, -103.3119
43613488.769531, -102.8186
43615014.648438, -102.5601
43616540.527344, -102.6689
43618066.406250, -102.2583
43619592.285156, -102.0549
43621118.164062, -103.5721
43622644.042969, -107.3793
43624169.921875, -109.3580
43625695.800781, -105.8950
43627221.679688, -103.4712
43628747.558594, -102.3903
43630273.437500, -101.4598
43631799.316406, -100.3398
43633325.195312, -99.3838
43634851.074219, -98.6881
43636376.953125, -98.2180
43637902.832031, -97.7352
43639428.710938, -97.1948
43640954.589844, -96.8855
43642480.468750, -97.0852
43644006.347656, -98.0572
43645532.226562, -100.1639
43647058.105469, -103.9048
43648583.984375, -108.9748
43650109.863281, -108.8351
43651635.742188, -106.0472
43653161.621094, -104.7210
43654687.500000, -104.2340
43656213.378906, -104.0963
43657739.257812, -104.4678
43659265.136719, -105.4704
43660791.015625, -105.5010
43662316.894531, -103.2991
43663842.773438, -101.1658
43665368.652344, -100.1910
43666894.531250, -100.3524
43668420.410156, -101.4669
43669946.289062, -103.3080
43671472.167969, -105.0540
43672998.046875, -105.1673
43674523.925781, -104.2100
43676049.804688, -103.5870
43677575.683594, -103.4729
43679101.562500, -103.7271
43680627.441406, -103.9976
43682153.320312, -103.6471
43683679.199219, -103.7127
43685205.078125, -105.4598
43686730.957031, -107.5341
43688256.835938, -107.3188
43689782.714844, -107.0171
43691308.593750, -107.3240
43692834.472656, -108.6162
43694360.351562, -112.3539
43695886.230469, -110.9386
43697412.109375, -105.8896
43698937.988281, -103.9733
43700463.867188, -103.9531
43701989.746094, -104.5068
43703515.625000, -104.6792
43705041.503906, -104.5618
43706567.382812, -105.0344
43708093.261719, -105.9800
43709619.140625, -107.2616
43711145.019531, -109.4379
43712670.898438, -111.5373
43714196.777344, -110.6999
43715722.656250, -108.8532
43717248.535156, -109.1875
43718774.414062, -111.6823
43720300.292969, -111.7644
43721826.171875, -110.1022
43723352.050781, -109.6288
43724877.929688, -108.7351
43726403.808594, -106.8026
43727929.687500, -105.1604
43729455.566406, -104.7132
43730981.445312, -105.8247
43732507.324219, -107.8559
43734033.203125, -108.5699
43735559.082031, -108.6835
43737084.960938, -110.5699
43738610.839844, -116.0056
43740136.718750, -122.0022
43741662.597656, -111.7465
43743188.476562, -108.0994
43744714.355469, -106.9756
43746240.234375, -106.1498
43747766.113281, -104.8882
43749291.992188, -103.9579
43750817.871094, -103.9764
43752343.750000, -104.7868
43753869.628906, -105.6793
43755395.507812, -106.4878
43756921.386719, -106.8767
43758447.265625, -105.9176
43759973.144531, -104.4427
43761499.023438, -103.3754
43763024.902344, -102.6568
43764550.781250, -102.2227
43766076.660156, -102.0430
43767602.539062, -101.5626
43769128.417969, -100.4492
43770654.296875, -99.4182
43772180.175781, -99.0040
43773706.054688, -98.9819
43775231.933594, -98.9218
43776757.812500, -98.8632
43778283.691406, -98.8942
43779809.570312, -98.6171
43781335.449219, -97.7742
43782861.328125, -96.6269
43784387.207031, -95.6704
43785913.085938, -95.3310
43787438.964844, -95.5744
43788964.843750, -95.8883
43790490.722656, -95.8679
43792016.601562, -95.9503
43793542.480469, -96.9739
43795068.359375, -99.1557
43796594.238281, -101.1449
43798120.117188, -100.7922
43799645.996094, -99.1318
43801171.875000, -97.8431
43802697.753906, -97.5731
43804223.632812, -98.5156
43805749.511719, -100.5159
43807275.390625, -103.1654
43808801.269531, -106.4703
43810327.148438, -110.2983
43811853.027344, -107.0683
43813378.906250, -102.1683
43814904.785156, -99.3495
43816430.664062, -97.8814
43817956.542969, -97.2712
43819482.421875, -97.3342
43821008.300781, -98.0846
43822534.179688, -99.6652
43824060.058594, -102.0420
43825585.937500, -104.0490
43827111.816406, -104.2487
43828637.695312, -104.1846
43830163.574219, -104.8901
43831689.453125, -105.2405
43833215.332031, -104.6389
43834741.210938, -104.4219
43836267.089844, -104.6323
43837792.968750, -104.7018
43839318.847656, -105.8441
43840844.726562, -110.1628
43842370.605469, -110.3651
43843896.484375, -105.0455
43845422.363281, -104.0027
43846948.242188, -106.6584
43848474.121094, -113.9432
43850000.000000, -115.6262
43851525.878906, -108.1679
43853051.757812, -103.7419
43854577.636719, -100.9880
43856103.515625, -99.8810
43857629.394531, -99.7352
43859155.273438, -99.3289
43860681.152344, -98.5801
43862207.031250, -98.0756
43863732.910156, -98.2214
43865258.789062, -99.1126
43866784.667969, -100.0968
43868310.546875, -100.8688
43869836.425781, -101.9024
43871362.304688, -102.6012
43872888.183594, -101.4804
43874414.062500, -99.6571
43875939.941406, -98.8335
43877465.820312, -99.3376
43878991.699219, -101.1273
43880517.578125, -104.4700
43882043.457031, -109.9773
43883569.335938, -111.6789
43885095.214844, -106.9337
43886621.093750, -104.1661
43888146.972656, -102.9323
43889672.851562, -102.3224
43891198.730469, -101.4166
43892724.609375, -100.1799
43894250.488281, -99.6049
43895776.367188, -100.2886
43897302.246094, -101.9316
43898828.125000, -103.4511
43900354.003906, -104.0313
43901879.882812, -103.8068
43903405.761719, -102.5522
43904931.640625, -100.7083
43906457.519531, -99.5704
43907983.398438, -99.4970
43909509.277344, -100.2388
43911035.156250, -101.5754
43912561.035156, -102.9834
43914086.914062, -103.1481
43915612.792969, -102.2826
43917138.671875, -101.9588
43918664.550781, -102.7508
43920190.429688, -104.3959
43921716.308594, -105.1892
43923242.187500, -104.4013
43924768.066406, -104.1438
43926293.945312, -104.8383
43927819.824219, -105.8936
43929345.703125, -106.4878
43930871.582031, -105.7249
43932397.460938, -104.0976
43933923.339844, -102.1371
43935449.218750, -100.0714
43936975.097656, -98.2439
43938500.976562, -96.8726
43940026.855469, -96.1044
43941552.734375, -96.2375
43943078.613281, -97.6541
43944604.492188, -100.6570
43946130.371094, -105.5677
43947656.250000, -112.6278
43949182.128906, -111.5057
43950708.007812, -106.3471
43952233.886719, -103.8623
43953759.765625, -103.7885
43955285.644531, -105.1097
43956811.523438, -104.7076
43958337.402344, -102.9367
43959863.281250, -102.1514
43961389.160156, -102.2506
43962915.039062, -102.4293
43964440.917969, -102.1372
43965966.796875, -100.9805
43967492.675781, -99.3036
43969018.554688, -98.1341
43970544.433594, -98.1075
43972070.312500, -99.0725
43973596.191406, -100.0465
43975122.070312, -100.4898
43976647.949219, -101.1593
43978173.828125, -102.3094
43979699.707031, -102.8763
43981225.585938, -102.3885
43982751.464844, -102.3483
43984277.343750, -103.9220
43985803.222656, -107.9786
43987329.101562, -116.2423
43988854.980469, -116.6181
43990380.859375, -112.4835
43991906.738281, -111.0082
43993432.617188, -109.4497
43994958.496094, -107.3621
43996484.375000, -105.4345
43998010.253906, -103.6461
43999536.132812, -102.1756
44001062.011719, -101.6567
44002587.890625, -102.0370
44004113.769531, -102.3004
44005639.648438, -101.5761
44007165.527344, -100.5368
44008691.406250, -99.8247
44010217.285156, -99.2259
44011743.164062, -99.0626
44013269.042969, -100.3270
44014794.921875, -104.2458
44016320.800781, -110.3875
44017846.679688, -103.7159
44019372.558594, -99.3568
44020898.437500, -97.4896
44022424.316406, -96.7602
44023950.195312, -96.4581
44025476.074219, -96.4589
44027001.953125, -97.0865
44028527.832031, -98.7209
44030053.710938, -101.3781
44031579.589844, -104.1363
44033105.468750, -105.0051
44034631.347656, -103.5269
44036157.226562, -101.1694
44037683.105469, -98.8543
44039208.984375, -96.8888
44040734.863281, -95.4159
44042260.742188, -94.5195
44043786.621094, -94.1763
44045312.500000, -94.2344
44046838.378906, -94.6225
44048364.257812, -95.5075
44049890.136719, -97.2353
44051416.015625, -100.2149
44052941.894531, -103.9626
44054467.773438, -103.8461
44055993.652344, -100.9174
44057519.531250, -99.1829
44059045.410156, -98.7626
44060571.289062, -99.3503
44062097.167969, -101.3000
44063623.046875, -106.2754
44065148.925781, -121.7720
44066674.804688, -107.5119
44068200.683594, -101.9654
44069726.562500, -99.1121
44071252.441406, -97.7287
44072778.320312, -97.2806
44074304.199219, -97.2906
44075830.078125, -97.2711
44077355.957031, -97.2432
44078881.835938, -97.7570
44080407.714844, -98.9527
44081933.593750, -100.2692
44083459.472656, -100.9685
44084985.351562, -100.9201
44086511.230469, -100.6841
44088037.109375, -101.0642
44089562.988281, -102.8991
44091088.867188, -107.1298
44092614.746094, -113.4105
44094140.625000, -111.3299
44095666.503906, -108.1329
44097192.382812, -106.1797
44098718.261719, -104.3502
44100244.140625, -103.0083
44101770.019531, -103.1926
44103295.898438, -105.6618
44104821.777344, -109.1014
44106347.656250, -107.6286
44107873.535156, -105.1430
44109399.414062, -103.3076
44110925.292969, -101.4690
44112451.171875, -99.7205
44113977.050781, -98.4397
44115502.929688, -97.7949
44117028.808594, -97.6160
44118554.687500, -97.4892
44120080.566406, -97.0876
44121606.445312, -96.7583
44123132.324219, -97.1784
44124658.203125, -98.7536
44126184.082031, -101.9552
44127709.960938, -108.7094
44129235.839844, -112.9221
44130761.718750, -103.7682
44132287.597656, -99.9248
44133813.476562, -98.1490
44135339.355469, -97.5407
44136865.234375, -97.7448
44138391.113281, -98.5049
44139916.992188, -99.4478
44141442.871094, -100.0949
44142968.750000, -100.0258
44144494.628906, -99.0648
44146020.507812, -97.5798
44147546.386719, -96.3219
44149072.265625, -95.9063
44150598.144531, -96.6511
44152124.023438, -98.6973
44153649.902344, -102.2775
44155175.781250, -107.3129
44156701.660156, -105.7520
44158227.539062, -100.9645
44159753.417969, -98.3683
44161279.296875, -97.4016
44162805.175781, -97.4557
44164331.054688, -98.1031
44165856.933594, -99.0814
44167382.812500, -100.1388
44168908.691406, -101.1787
44170434.570312, -102.7766
44171960.449219, -106.3144
44173486.328125, -111.1524
44175012.207031, -106.0187
44176538.085938, -101.8763
44178063.964844, -99.4817
44179589.843750, -97.4075
44181115.722656, -95.2744
44182641.601562, -93.4390
44184167.480469, -92.3020
44185693.359375, -91.9843
44187219.238281, -92.3157
44188745.117188, -93.0430
44190270.996094, -94.1653
44191796.875000, -96.0527
44193322.753906, -99.1436
44194848.632812, -102.8747
44196374.511719, -104.4782
44197900.390625, -105.0859
44199426.269531, -107.6514
44200952.148438, -113.8675
44202478.027344, -120.6050
44204003.906250, -108.3024
44205529.785156, -102.9709
44207055.664062, -100.2014
44208581.542969, -98.6447
44210107.421875, -97.7276
44211633.300781, -97.3933
44213159.179688, -97.8169
44214685.058594, -99.0495
44216210.937500, -100.9183
44217736.816406, -103.6912
44219262.695312, -110.2023
44220788.574219, -112.8941
44222314.453125, -101.6826
44223840.332031, -97.4388
44225366.210938, -95.7141
44226892.089844, -95.2865
44228417.968750, -95.3642
44229943.847656, -95.6334
44231469.726562, -96.5349
44232995.605469, -99.1072
44234521.484375, -105.4470
44236047.363281, -116.3117
44237573.242188, -104.4045
44239099.121094, -100.4058
44240625.000000, -98.4557
44242150.878906, -97.6078
44243676.757812, -97.6142
44245202.636719, -98.3249
44246728.515625, -99.5583
44248254.394531, -100.8578
44249780.273438, -101.0145
44251306.152344, -99.3984
44252832.031250, -97.3735
44254357.910156, -95.9791
44255883.789062, -95.5002
44257409.667969, -95.9749
44258935.546875, -97.3808
44260461.425781, -99.6922
44261987.304688, -102.9087
44263513.183594, -107.1451
44265039.062500, -113.1851
44266564.941406, -125.3051
44268090.820312, -115.3017
44269616.699219, -108.6386
44271142.578125, -105.2125
44272668.457031, -103.7766
44274194.335938, -103.5076
44275720.214844, -103.4830
44277246.093750, -103.3364
44278771.972656, -103.0772
44280297.851562, -102.7935
44281823.730469, -102.6022
44283349.609375, -102.4275
44284875.488281, -102.6156
44286401.367188, -103.2311
44287927.246094, -103.2566
44289453.125000, -102.7260
44290979.003906, -102.2292
44292504.882812, -102.2495
44294030.761719, -103.6579
44295556.640625, -105.7944
44297082.519531, -105.9278
44298608.398438, -105.2731
44300134.277344, -105.9662
44301660.156250, -107.9655
44303186.035156, -109.1051
44304711.914062, -109.5419
44306237.792969, -110.4031
44307763.671875, -107.9665
44309289.550781, -104.5788
44310815.429688, -102.4561
44312341.308594, -101.3120
44313867.187500, -100.8143
44315393.066406, -100.6681
44316918.945312, -100.5924
44318444.824219, -100.6221
44319970.703125, -100.7378
44321496.582031, -100.9710
44323022.460938, -101.6790
44324548.339844, -102.3906
44326074.218750, -101.7891
44327600.097656, -100.0718
44329125.976562, -98.8591
44330651.855469, -99.1191
44332177.734375, -101.0966
44333703.613281, -104.8156
44335229.492188, -109.3330
44336755.371094, -108.8711
44338281.250000, -104.7366
44339807.128906, -101.5935
44341333.007812, -100.0415
44342858.886719, -99.7587
44344384.765625, -99.9406
44345910.644531, -99.6585
44347436.523438, -99.0504
44348962.402344, -98.9852
44350488.281250, -99.8885
44352014.160156, -101.8112
44353540.039062, -104.6133
44355065.917969, -106.4296
44356591.796875, -105.5051
44358117.675781, -104.5619
44359643.554688, -104.3499
44361169.433594, -104.6958
44362695.312500, -106.0699
44364221.191406, -109.4897
44365747.070312, -110.9906
44367272.949219, -105.2522
44368798.828125, -101.6449
44370324.707031, -100.3904
44371850.585938, -101.1628
44373376.464844, -103.7916
44374902.343750, -107.7103
44376428.222656, -111.9781
44377954.101562, -114.6006
44379479.980469, -110.4327
44381005.859375, -105.2992
44382531.738281, -102.1037
44384057.617188, -100.4195
44385583.496094, -99.3462
44387109.375000, -98.2938
44388635.253906, -97.0485
44390161.132812, -95.7073
44391687.011719, -94.8440
44393212.890625, -95.0310
44394738.769531, -96.4989
44396264.648438, -99.0740
44397790.527344, -102.0721
44399316.406250, -104.7213
44400842.285156, -106.7868
44402368.164062, -106.3373
44403894.042969, -104.2202
44405419.921875, -103.3258
44406945.800781, -103.2295
44408471.679688, -102.7542
44409997.558594, -102.0570
44411523.437500, -101.6967
44413049.316406, -101.7010
44414575.195312, -101.8041
44416101.074219, -102.1946
44417626.953125, -103.6384
44419152.832031, -106.9391
44420678.710938, -109.1819
44422204.589844, -105.7382
44423730.468750, -102.7458
44425256.347656, -100.6843
44426782.226562, -99.1666
44428308.105469, -98.5503
44429833.984375, -99.3126
44431359.863281, -101.4347
44432885.742188, -103.9856
44434411.621094, -105.2595
44435937.500000, -104.9007
44437463.378906, -104.2286
44438989.257812, -104.1417
44440515.136719, -104.8256
44442041.015625, -106.2294
44443566.894531, -108.2422
44445092.773438, -110.5525
44446618.652344, -112.8689
44448144.531250, -115.6211
44449670.410156, -119.4177
44451196.289062, -120.1673
44452722.167969, -116.0290
44454248.046875, -114.8658
44455773.925781, -117.0375
44457299.804688, -119.3475
44458825.683594, -115.5075
44460351.562500, -111.5225
44461877.441406, -107.5624
44463403.320312, -104.6980
44464929.199219, -103.7507
44466455.078125, -104.1534
44467980.957031, -104.4342
44469506.835938, -103.8206
44471032.714844, -103.2859
44472558.593750, -104.0174
44474084.472656, -106.7020
44475610.351562, -110.7079
44477136.230469, -111.2219
44478662.109375, -107.6530
44480187.988281, -104.4805
44481713.867188, -102.5332
44483239.746094, -101.6617
44484765.625000, -101.7341
44486291.503906, -102.3577
44487817.382812, -103.6640
44489343.261719, -106.1688
44490869.140625, -109.0843
44492395.019531, -109.2421
44493920.898438, -105.6938
44495446.777344, -102.9313
44496972.656250, -101.7532
44498498.535156, -101.4633
44500024.414062, -101.2840
44501550.292969, -100.9570
44503076.171875, -100.9079
44504602.050781, -101.7621
44506127.929688, -103.5783
44507653.808594, -104.1949
44509179.687500, -101.6719
44510705.566406, -98.8881
44512231.445312, -97.1102
44513757.324219, -96.3809
44515283.203125, -96.5971
44516809.082031, -97.6390
44518334.960938, -99.5059
44519860.839844, -102.6416
44521386.718750, -108.3142
44522912.597656, -109.1295
44524438.476562, -102.8780
44525964.355469, -99.7275
44527490.234375, -98.4882
44529016.113281, -98.2195
44530541.992188, -98.1316
44532067.871094, -97.9503
44533593.750000, -98.0781
44535119.628906, -99.1038
44536645.507812, -101.5073
44538171.386719, -105.6166
44539697.265625, -111.1032
44541223.144531, -113.0518
44542749.023438, -109.2633
44544274.902344, -105.7724
44545800.781250, -103.8397
44547326.660156, -103.3773
44548852.539062, -103.1702
44550378.417969, -101.7625
44551904.296875, -100.1897
44553430.175781, -99.3342
44554956.054688, -98.9221
44556481.933594, -98.6727
44558007.812500, -98.8693
44559533.691406, -100.1196
44561059.570312, -103.1193
44562585.449219, -109.2289
44564111.328125, -137.3076
44565637.207031, -109.8892
44567163.085938, -103.8070
44568688.964844, -100.5049
44570214.843750, -98.8123
44571740.722656, -98.4176
44573266.601562, -98.9770
44574792.480469, -100.1376
44576318.359375, -101.8316
44577844.238281, -104.3175
44579370.117188, -108.4383
44580895.996094, -116.7587
44582421.875000, -110.6526
44583947.753906, -104.2533
44585473.632812, -101.5996
44586999.511719, -101.4609
44588525.390625, -103.3342
44590051.269531, -105.4987
44591577.148438, -104.9208
44593103.027344, -103.0940
44594628.906250, -101.4398
44596154.785156, -99.9023
44597680.664062, -98.6738
44599206.542969, -98.0673
44600732.421875, -98.0029
44602258.300781, -98.2053
44603784.179688, -98.6350
44605310.058594, -99.3268
44606835.937500, -100.0788
44608361.816406, -100.7502
44609887.695312, -101.6560
44611413.574219, -103.1926
44612939.453125, -105.1881
44614465.332031, -107.2376
44615991.210938, -108.6668
44617517.089844, -107.2473
44619042.968750, -104.1507
44620568.847656, -100.6865
44622094.726562, -97.6804
44623620.605469, -95.7666
44625146.484375, -94.9347
44626672.363281, -94.8258
44628198.242188, -95.1007
44629724.121094, -95.8580
44631250.000000, -97.5670
44632775.878906, -100.4059
44634301.757812, -103.2467
44635827.636719, -104.5616
44637353.515625, -104.9371
44638879.394531, -104.1075
44640405.273438, -102.6116
44641931.152344, -101.6024
44643457.031250, -100.7054
44644982.910156, -99.2894
44646508.789062, -97.5896
44648034.667969, -95.9615
44649560.546875, -94.7239
44651086.425781, -94.3324
44652612.304688, -95.2269
44654138.183594, -97.8257
44655664.062500, -103.1784
44657189.941406, -124.3406
44658715.820312, -104.6265
44660241.699219, -98.2645
44661767.578125, -95.2140
44663293.457031, -93.9970
44664819.335938, -94.1452
44666345.214844, -95.3398
44667871.093750, -97.4329
44669396.972656, -100.7784
44670922.851562, -106.5713
44672448.730469, -108.9237
44673974.609375, -103.7466
44675500.488281, -101.5019
44677026.367188, -101.2177
44678552.246094, -102.4769
44680078.125000, -105.2429
44681604.003906, -105.6879
44683129.882812, -101.9752
44684655.761719, -99.4446
44686181.640625, -98.6091
44687707.519531, -98.8669
44689233.398438, -99.5130
44690759.277344, -100.6042
44692285.156250, -103.0186
44693811.035156, -107.7466
44695336.914062, -116.6529
44696862.792969, -112.7970
44698388.671875, -107.7593
44699914.550781, -106.9235
44701440.429688, -108.8631
44702966.308594, -109.8580
44704492.187500, -106.4519
44706018.066406, -103.8568
44707543.945312, -103.3480
44709069.824219, -103.8872
44710595.703125, -103.9508
44712121.582031, -104.9665
44713647.460938, -109.7087
44715173.339844, -120.5117
44716699.218750, -107.3996
44718225.097656, -102.3412
44719750.976562, -99.9478
44721276.855469, -98.9487
44722802.734375, -98.5397
44724328.613281, -98.3700
44725854.492188, -98.8116
44727380.371094, -100.2851
44728906.250000, -102.4599
44730432.128906, -103.7293
44731958.007812, -102.9406
44733483.886719, -100.9094
44735009.765625, -98.6924
44736535.644531, -97.0866
44738061.523438, -96.5783
44739587.402344, -97.1454
44741113.281250, -98.2268
44742639.160156, -99.0435
44744165.039062, -99.4784
44745690.917969, -100.1748
44747216.796875, -101.4786
44748742.675781, -103.1393
44750268.554688, -105.0230
44751794.433594, -107.4289
44753320.312500, -109.6709
44754846.191406, -109.1637
44756372.070312, -106.0010
44757897.949219, -103.0144
44759423.828125, -101.1346
44760949.707031, -100.2052
44762475.585938, -100.0138
44764001.464844, -100.5178
44765527.343750, -101.8078
44767053.222656, -104.3808
44768579.101562, -110.0991
44770104.980469, -116.0534
44771630.859375, -106.5530
44773156.738281, -102.7311
44774682.617188, -101.0149
44776208.496094, -99.9986
44777734.375000, -99.1549
44779260.253906, -98.4271
44780786.132812, -98.0182
44782312.011719, -98.1588
44783837.890625, -98.7217
44785363.769531, -99.1496
44786889.648438, -99.0806
44788415.527344, -98.9710
44789941.406250, -99.6275
44791467.285156, -101.7835
44792993.164062, -106.5374
44794519.042969, -115.5947
44796044.921875, -107.5844
44797570.800781, -101.5306
44799096.679688, -97.7579
44800622.558594, -95.2910
44802148.437500, -93.8931
44803674.316406, -93.4043
44805200.195312, -93.7105
44806726.074219, -94.8534
44808251.953125, -97.1062
44809777.832031, -101.1545
44811303.710938, -109.6743
44812829.589844, -111.7999
44814355.468750, -102.7643
44815881.347656, -99.0025
44817407.226562, -97.1066
44818933.105469, -96.2330
44820458.984375, -96.0139
44821984.863281, -96.2847
44823510.742188, -96.9996
44825036.621094, -98.1370
44826562.500000, -99.5401
44828088.378906, -100.9553
44829614.257812, -102.4351
44831140.136719, -104.5548
44832666.015625, -107.7964
44834191.894531, -110.3376
44835717.773438, -108.9911
44837243.652344, -106.4014
44838769.531250, -103.9485
44840295.410156, -102.0487
44841821.289062, -101.0448
44843347.167969, -100.9951
44844873.046875, -101.7794
44846398.925781, -103.2699
44847924.804688, -105.3326
44849450.683594, -108.2861
44850976.562500, -113.6506
44852502.441406, -109.2913
44854028.320312, -103.0917
44855554.199219, -99.5972
44857080.078125, -97.5356
44858605.957031, -96.4165
44860131.835938, -95.9142
44861657.714844, -95.9134
44863183.593750, -96.5709
44864709.472656, -97.9654
44866235.351562, -99.7448
44867761.230469, -101.3257
44869287.109375, -102.6880
44870812.988281, -103.9385
44872338.867188, -104.6358
44873864.746094, -105.0904
44875390.625000, -106.2535
44876916.503906, -105.6619
44878442.382812, -102.2790
44879968.261719, -100.2670
44881494.140625, -100.3048
44883020.019531, -101.9411
44884545.898438, -104.4088
44886071.777344, -106.8562
44887597.656250, -108.8711
44889123.535156, -109.6254
44890649.414062, -108.1688
44892175.292969, -105.1536
44893701.171875, -101.8717
44895227.050781, -99.3740
44896752.929688, -97.9491
44898278.808594, -97.4882
44899804.687500, -97.6740
44901330.566406, -98.4430
44902856.445312, -100.0706
44904382.324219, -102.1573
44905908.203125, -103.3440
44907434.082031, -102.9142
44908959.960938, -101.2042
44910485.839844, -98.9983
44912011.718750, -96.9652
44913537.597656, -95.6187
44915063.476562, -95.2108
44916589.355469, -95.7968
44918115.234375, -97.3920
44919641.113281, -100.0434
44921166.992188, -103.5267
44922692.871094, -104.7116
44924218.750000, -101.6907
44925744.628906, -99.1348
44927270.507812, -98.0419
44928796.386719, -98.0548
44930322.265625, -98.4262
44931848.144531, -98.3499
44933374.023438, -98.0346
44934899.902344, -98.3716
44936425.781250, -99.7146
44937951.660156, -101.6307
44939477.539062, -103.4252
44941003.417969, -105.5322
44942529.296875, -110.1383
44944055.175781, -123.8385
44945581.054688, -117.0714
44947106.933594, -114.7496
44948632.812500, -112.6798
44950158.691406, -110.0965
44951684.570312, -109.0822
44953210.449219, -108.2133
44954736.328125, -106.2937
44956262.207031, -104.1624
44957788.085938, -102.7977
44959313.964844, -102.5573
44960839.843750, -103.9065
44962365.722656, -107.2233
44963891.601562, -111.9892
44965417.480469, -115.2405
44966943.359375, -109.7600
44968469.238281, -106.1236
44969995.117188, -104.8667
44971520.996094, -104.4962
44973046.875000, -104.5104
44974572.753906, -104.2545
44976098.632812, -103.9117
44977624.511719, -104.9445
44979150.390625, -108.1607
44980676.269531, -114.0556
44982202.148438, -117.1406
44983728.027344, -109.8703
44985253.906250, -104.5917
44986779.785156, -101.1530
44988305.664062, -99.0291
44989831.542969, -97.7803
44991357.421875, -97.0873
44992883.300781, -96.8810
44994409.179688, -97.3934
44995935.058594, -99.1215
44997460.937500, -102.7768
44998986.816406, -107.6144
45000512.695312, -105.5983
45002038.574219, -102.4199
45003564.453125, -100.7598
45005090.332031, -99.9662
45006616.210938, -100.0671
45008142.089844, -101.7065
45009667.968750, -105.7552
45011193.847656, -107.9912
45012719.726562, -103.5407
45014245.605469, -101.0471
45015771.484375, -100.4762
45017297.363281, -101.0951
45018823.242188, -102.2915
45020349.121094, -103.3156
45021875.000000, -103.1493
45023400.878906, -101.4314
45024926.757812, -99.4895
45026452.636719, -98.2770
45027978.515625, -97.6578
45029504.394531, -97.1930
45031030.273438, -96.7987
45032556.152344, -96.7724
45034082.031250, -97.4834
45035607.910156, -99.1806
45037133.789062, -101.9354
45038659.667969, -105.1997
45040185.546875, -106.5344
45041711.425781, -105.2228
45043237.304688, -103.6965
45044763.183594, -102.6659
45046289.062500, -102.1612
45047814.941406, -102.5664
45049340.820312, -104.7551
45050866.699219, -109.4447
45052392.578125, -109.4292
45053918.457031, -104.6398
45055444.335938, -101.1814
45056970.214844, -98.3584
45058496.093750, -96.2374
45060021.972656, -95.1760
45061547.851562, -95.2272
45063073.730469, -96.0743
45064599.609375, -97.1982
45066125.488281, -98.4182
45067651.367188, -100.2809
45069177.246094, -103.1030
45070703.125000, -105.8364
45072229.003906, -107.3380
45073754.882812, -107.1295
45075280.761719, -106.1721
45076806.640625, -105.8229
45078332.519531, -105.0047
45079858.398438, -102.7982
45081384.277344, -100.8436
45082910.156250, -100.1142
45084436.035156, -100.0671
45085961.914062, -99.1514
45087487.792969, -97.4769
45089013.671875, -96.4393
45090539.550781, -96.4396
45092065.429688, -97.3140
45093591.308594, -98.9337
45095117.187500, -101.6042
45096643.066406, -106.0225
45098168.945312, -107.4043
45099694.824219, -102.4312
45101220.703125, -99.3675
45102746.582031, -98.3751
45104272.460938, -99.0526
45105798.339844, -100.8636
45107324.218750, -102.6869
45108850.097656, -103.6057
45110375.976562, -104.0537
45111901.855469, -104.0498
45113427.734375, -102.8476
45114953.613281, -101.2175
45116479.492188, -99.9696
45118005.371094, -99.1012
45119531.250000, -98.6644
45121057.128906, -98.7995
45122583.007812, -99.4475
45124108.886719, -100.4627
45125634.765625, -102.0044
45127160.644531, -104.8725
45128686.523438, -111.3359
45130212.402344, -116.7691
45131738.281250, -107.3634
45133264.160156, -103.8517
45134790.039062, -102.3978
45136315.917969, -101.6115
45137841.796875, -100.7194
45139367.675781, -99.6035
45140893.554688, -98.6380
45142419.433594, -98.2539
45143945.312500, -98.6183
45145471.191406, -99.4994
45146997.070312, -100.3455
45148522.949219, -100.9355
45150048.828125, -101.8734
45151574.707031, -103.9170
45153100.585938, -107.5335
45154626.464844, -112.6977
45156152.343750, -112.7981
45157678.222656, -108.6974
45159204.101562, -106.3518
45160729.980469, -106.1540
45162255.859375, -107.9075
45163781.738281, -108.8050
45165307.617188, -107.4287
45166833.496094, -107.0345
45168359.375000, -108.4217
45169885.253906, -108.7083
45171411.132812, -105.2977
45172937.011719, -102.5796
45174462.890625, -101.5059
45175988.769531, -101.7426
45177514.648438, -102.4968
45179040.527344, -102.8554
45180566.406250, -103.1411
45182092.285156, -103.7170
45183618.164062, -103.5184
45185144.042969, -101.9538
45186669.921875, -100.6183
45188195.800781, -100.2877
45189721.679688, -100.7037
45191247.558594, -101.8379
45192773.437500, -104.7365
45194299.316406, -111.3508
45195825.195312, -111.6688
45197351.074219, -106.9939
45198876.953125, -105.0420
45200402.832031, -103.6549
45201928.710938, -101.5719
45203454.589844, -99.7955
45204980.468750, -99.1856
45206506.347656, -99.0439
45208032.226562, -98.3151
45209558.105469, -97.1525
45211083.984375, -96.4217
45212609.863281, -96.4990
45214135.742188, -97.0715
45215661.621094, -97.6674
45217187.500000, -98.5729
45218713.378906, -100.6950
45220239.257812, -104.7546
45221765.136719, -109.9777
45223291.015625, -113.1292
45224816.894531, -117.6850
45226342.773438, -115.1912
45227868.652344, -108.3338
45229394.531250, -104.7458
45230920.410156, -102.8661
45232446.289062, -102.0702
45233972.167969, -102.3420
45235498.046875, -103.9083
45237023.925781, -106.7236
45238549.804688, -109.2696
45240075.683594, -109.6107
45241601.562500, -109.3804
45243127.441406, -109.7261
45244653.320312, -111.1017
45246179.199219, -114.4755
45247705.078125, -114.3986
45249230.957031, -107.7643
45250756.835938, -104.2634
45252282.714844, -102.4036
45253808.593750, -100.5379
45255334.472656, -98.4676
45256860.351562, -96.6829
45258386.230469, -95.4711
45259912.109375, -94.8209
45261437.988281, -94.5023
45262963.867188, -94.3272
45264489.746094, -94.3262
45266015.625000, -94.6461
45267541.503906, -95.3814
45269067.382812, -96.4992
45270593.261719, -97.8987
45272119.140625, -99.5865
45273645.019531, -101.7510
45275170.898438, -104.4701
45276696.777344, -106.9000
45278222.656250, -107.2651
45279748.535156, -105.9123
45281274.414062, -104.7240
45282800.292969, -104.3728
45284326.171875, -104.2195
45285852.050781, -103.2282
45287377.929688, -101.3201
45288903.808594, -99.2822
45290429.687500, -97.7953
45291955.566406, -97.1488
45293481.445312, -97.1423
45295007.324219, -97.2103
45296533.203125, -97.1620
45298059.082031, -97.3367
45299584.960938, -97.9140
45301110.839844, -98.8327
45302636.718750, -100.2173
45304162.597656, -102.3745
45305688.476562, -105.5314
45307214.355469, -110.1813
45308740.234375, -109.1727
45310266.113281, -103.2323
45311791.992188, -100.1282
45313317.871094, -99.1118
45314843.750000, -99.0504
45316369.628906, -99.0944
45317895.507812, -99.5442
45319421.386719, -101.2287
45320947.265625, -104.5491
45322473.144531, -105.1855
45323999.023438, -101.5779
45325524.902344, -99.1233
45327050.781250, -97.7938
45328576.660156, -97.0968
45330102.539062, -96.9460
45331628.417969, -97.3400
45333154.296875, -97.9708
45334680.175781, -98.3501
45336206.054688, -98.6262
45337731.933594, -99.3845
45339257.812500, -100.9368
45340783.691406, -103.6244
45342309.570312, -108.3652
45343835.449219, -112.4827
45345361.328125, -106.9514
45346887.207031, -103.3596
45348413.085938, -101.7786
45349938.964844, -101.1762
45351464.843750, -101.2890
45352990.722656, -102.2972
45354516.601562, -103.5839
45356042.480469, -103.4051
45357568.359375, -101.3640
45359094.238281, -99.1138
45360620.117188, -97.7219
45362145.996094, -97.1824
45363671.875000, -97.0656
45365197.753906, -97.1588
45366723.632812, -97.6453
45368249.511719, -98.7164
45369775.390625, -100.2292
45371301.269531, -101.6039
45372827.148438, -102.1929
45374353.027344, -102.0394
45375878.906250, -101.8267
45377404.785156, -102.1922
45378930.664062, -103.3663
45380456.542969, -104.7958
45381982.421875, -105.2983
45383508.300781, -104.8615
45385034.179688, -104.0017
45386560.058594, -102.9163
45388085.937500, -101.8931
45389611.816406, -101.2037
45391137.695312, -101.1549
45392663.574219, -101.8042
45394189.453125, -102.7477
45395715.332031, -103.5972
45397241.210938, -104.7449
45398767.089844, -107.2812
45400292.968750, -111.5992
45401818.847656, -109.7825
45403344.726562, -105.0793
45404870.605469, -102.1960
45406396.484375, -100.4893
45407922.363281, -99.5304
45409448.242188, -99.2001
45410974.121094, -99.5987
45412500.000000, -101.0379
45414025.878906, -104.2860
45415551.757812, -111.5092
45417077.636719, -112.0987
45418603.515625, -106.4665
45420129.394531, -105.8127
45421655.273438, -108.7060
45423181.152344, -115.4574
45424707.031250, -128.1249
45426232.910156, -123.0914
45427758.789062, -119.1909
45429284.667969, -116.2277
45430810.546875, -111.5383
45432336.425781, -108.4321
45433862.304688, -105.3558
45435388.183594, -101.4265
45436914.062500, -98.8449
45438439.941406, -98.2773
45439965.820312, -99.3187
45441491.699219, -100.7273
45443017.578125, -101.0204
45444543.457031, -100.6592
45446069.335938, -100.6862
45447595.214844, -100.7734
45449121.093750, -100.0618
45450646.972656, -99.0640
45452172.851562, -98.7612
45453698.730469, -99.7250
45455224.609375, -102.2626
45456750.488281, -105.1917
45458276.367188, -104.9087
45459802.246094, -103.7827
45461328.125000, -103.7582
45462854.003906, -104.4470
45464379.882812, -105.1028
45465905.761719, -105.5174
45467431.640625, -106.4402
45468957.519531, -107.7387
45470483.398438, -108.7966
45472009.277344, -108.8423
45473535.156250, -106.4094
45475061.035156, -103.1886
45476586.914062, -100.9498
45478112.792969, -99.8962
45479638.671875, -99.4976
45481164.550781, -99.2747
45482690.429688, -99.3049
45484216.308594, -99.4868
45485742.187500, -98.9775
45487268.066406, -97.7144
45488793.945312, -96.9197
45490319.824219, -97.2579
45491845.703125, -98.5500
45493371.582031, -100.1393
45494897.460938, -101.6542
45496423.339844, -102.9824
45497949.218750, -103.2791
45499475.097656, -102.3499
45501000.976562, -101.2764
45502526.855469, -100.8066
45504052.734375, -101.0907
45505578.613281, -101.9589
45507104.492188, -103.1999
45508630.371094, -104.7797
45510156.250000, -106.4322
45511682.128906, -106.9721
45513208.007812, -105.9623
45514733.886719, -104.5602
45516259.765625, -103.6819
45517785.644531, -103.5991
45519311.523438, -103.8815
45520837.402344, -103.8320
45522363.281250, -103.4714
45523889.160156, -103.5015
45525415.039062, -103.9899
45526940.917969, -104.3011
45528466.796875, -104.9642
45529992.675781, -106.1309
45531518.554688, -105.4294
45533044.433594, -102.7448
45534570.312500, -100.1376
45536096.191406, -98.3940
45537622.070312, -97.6887
45539147.949219, -98.1315
45540673.828125, -99.7931
45542199.707031, -102.2610
45543725.585938, -104.7211
45545251.464844, -108.0896
45546777.343750, -114.5963
45548303.222656, -115.3561
45549829.101562, -112.3264
45551354.980469, -109.3599
45552880.859375, -105.1010
45554406.738281, -101.6636
45555932.617188, -99.3297
45557458.496094, -97.8756
45558984.375000, -97.0398
45560510.253906, -96.5504
45562036.132812, -96.2155
45563562.011719, -96.0558
45565087.890625, -96.2024
45566613.769531, -96.5824
45568139.648438, -96.8159
45569665.527344, -96.6158
45571191.406250, -96.2604
45572717.285156, -96.3801
45574243.164062, -97.5037
45575769.042969, -99.6321
45577294.921875, -101.4943
45578820.800781, -101.4750
45580346.679688, -100.4964
45581872.558594, -99.8390
45583398.437500, -99.8173
45584924.316406, -100.5671
45586450.195312, -103.0706
45587976.074219, -109.3646
45589501.953125, -107.7199
45591027.832031, -102.1215
45592553.710938, -99.5036
45594079.589844, -97.8453
45595605.468750, -96.4248
45597131.347656, -95.3515
45598657.226562, -95.0842
45600183.105469, -95.8910
45601708.984375, -97.6040
45603234.863281, -99.7045
45604760.742188, -101.9551
45606286.621094, -104.9628
45607812.500000, -108.3416
45609338.378906, -108.7089
45610864.257812, -107.9515
45612390.136719, -109.6819
45613916.015625, -114.9481
45615441.894531, -112.3587
45616967.773438, -108.5569
45618493.652344, -106.4345
45620019.531250, -103.6200
45621545.410156, -100.6266
45623071.289062, -98.5053
45624597.167969, -97.2991
45626123.046875, -96.5961
45627648.925781, -95.9980
45629174.804688, -95.3736
45630700.683594, -94.8008
45632226.562500, -94.4059
45633752.441406, -94.2614
45635278.320312, -94.3874
45636804.199219, -94.7720
45638330.078125, -95.4030
45639855.957031, -96.4454
45641381.835938, -98.0994
45642907.714844, -100.2897
45644433.593750, -102.7863
45645959.472656, -106.1771
45647485.351562, -112.8181
45649011.230469, -117.1833
45650537.109375, -114.2349
45652062.988281, -116.0088
45653588.867188, -116.0266
45655114.746094, -110.4466
45656640.625000, -105.8264
45658166.503906, -103.8557
45659692.382812, -103.3532
45661218.261719, -102.6489
45662744.140625, -101.1565
45664270.019531, -100.1346
45665795.898438, -100.7800
45667321.777344, -103.2371
45668847.656250, -105.2818
45670373.535156, -103.3002
45671899.414062, -100.3959
45673425.292969, -98.2466
45674951.171875, -96.7977
45676477.050781, -95.9077
45678002.929688, -95.4702
45679528.808594, -95.4107
45681054.687500, -95.6151
45682580.566406, -95.8739
45684106.445312, -95.9951
45685632.324219, -95.8860
45687158.203125, -95.6391
45688684.082031, -95.5466
45690209.960938, -95.8335
45691735.839844, -96.4495
45693261.718750, -97.1557
45694787.597656, -97.7816
45696313.476562, -98.3149
45697839.355469, -98.8252
45699365.234375, -99.4275
45700891.113281, -100.1151
45702416.992188, -100.5191
45703942.871094, -100.2597
45705468.750000, -99.7356
45706994.628906, -99.8722
45708520.507812, -101.2138
45710046.386719, -103.5408
45711572.265625, -105.7572
45713098.144531, -106.6581
45714624.023438, -106.7223
45716149.902344, -107.6749
45717675.781250, -110.4827
45719201.660156, -109.1727
45720727.539062, -103.3739
45722253.417969, -99.6596
45723779.296875, -97.6958
45725305.175781, -96.7066
45726831.054688, -96.1255
45728356.933594, -95.8237
45729882.812500, -95.8538
45731408.691406, -95.8589
45732934.570312, -95.4377
45734460.449219, -95.0667
45735986.328125, -95.5082
45737512.207031, -97.1721
45739038.085938, -100.0564
45740563.964844, -103.8502
45742089.843750, -108.0587
45743615.722656, -108.4626
45745141.601562, -104.1112
45746667.480469, -100.2878
45748193.359375, -97.6242
45749719.238281, -95.8893
45751245.117188, -94.7792
45752770.996094, -93.9317
45754296.875000, -93.1202
45755822.753906, -92.4164
45757348.632812, -92.0166
45758874.511719, -92.0609
45760400.390625, -92.6208
45761926.269531, -93.6962
45763452.148438, -95.1880
45764978.027344, -96.9528
45766503.906250, -99.0301
45768029.785156, -101.8920
45769555.664062, -106.4324
45771081.542969, -111.5204
45772607.421875, -106.8474
45774133.300781, -102.1297
45775659.179688, -99.1691
45777185.058594, -97.2298
45778710.937500, -95.9510
45780236.816406, -95.1614
45781762.695312, -94.7471
45783288.574219, -94.6179
45784814.453125, -94.7095
45786340.332031, -95.0320
45787866.210938, -95.7118
45789392.089844, -96.8758
45790917.968750, -98.4912
45792443.847656, -100.3029
45793969.726562, -101.8968
45795495.605469, -103.2205
45797021.484375, -104.5599
45798547.363281, -105.2279
45800073.242188, -104.1875
45801599.121094, -102.4980
45803125.000000, -101.3488
45804650.878906, -100.8826
45806176.757812, -100.7599
45807702.636719, -100.7437
45809228.515625, -100.9029
45810754.394531, -101.2432
45812280.273438, -101.3709
45813806.152344, -100.6669
45815332.031250, -99.3457
45816857.910156, -98.0350
45818383.789062, -96.9165
45819909.667969, -95.9887
45821435.546875, -95.2602
45822961.425781, -94.7177
45824487.304688, -94.2477
45826013.183594, -93.8078
45827539.062500, -93.6010
45829064.941406, -93.8998
45830590.820312, -94.8430
45832116.699219, -96.2705
45833642.578125, -97.6064
45835168.457031, -98.3107
45836694.335938, -98.7238
45838220.214844, -99.4913
45839746.093750, -100.0885
45841271.972656, -99.6421
45842797.851562, -98.9779
45844323.730469, -98.6368
45845849.609375, -98.6638
45847375.488281, -99.2678
45848901.367188, -100.5607
45850427.246094, -102.7153
45851953.125000, -105.5921
45853479.003906, -105.6817
45855004.882812, -102.4534
45856530.761719, -99.7911
45858056.640625, -98.0553
45859582.519531, -96.9355
45861108.398438, -96.1788
45862634.277344, -95.5615
45864160.156250, -95.0212
45865686.035156, -94.7173
45867211.914062, -94.8531
45868737.792969, -95.5375
45870263.671875, -96.7989
45871789.550781, -98.6430
45873315.429688, -100.9072
45874841.308594, -103.0817
45876367.187500, -104.0519
45877893.066406, -102.7880
45879418.945312, -101.1211
45880944.824219, -100.5308
45882470.703125, -100.4346
45883996.582031, -99.5028
45885522.460938, -97.7745
45887048.339844, -96.5146
45888574.218750, -96.4545
45890100.097656, -97.4954
45891625.976562, -99.1860
45893151.855469, -101.3874
45894677.734375, -104.7350
45896203.613281, -111.5470
45897729.492188, -110.7534
45899255.371094, -103.4898
45900781.250000, -100.2716
45902307.128906, -98.9750
45903833.007812, -98.9999
45905358.886719, -99.9330
45906884.765625, -100.9855
45908410.644531, -101.7653
45909936.523438, -102.5508
45911462.402344, -103.3539
45912988.281250, -103.8824
45914514.160156, -103.7059
45916040.039062, -103.4329
45917565.917969, -104.2395
45919091.796875, -105.8381
45920617.675781, -106.0756
45922143.554688, -104.7386
45923669.433594, -103.7973
45925195.312500, -103.4826
45926721.191406, -102.7273
45928247.070312, -101.7766
45929772.949219, -101.6290
45931298.828125, -102.2110
45932824.707031, -102.3941
45934350.585938, -101.5804
45935876.464844, -100.6447
45937402.343750, -100.2100
45938928.222656, -100.4129
45940454.101562, -101.0006
45941979.980469, -101.1372
45943505.859375, -100.1714
45945031.738281, -98.7375
45946557.617188, -97.9146
45948083.496094, -97.9742
45949609.375000, -98.4214
45951135.253906, -98.7999
45952661.132812, -99.4932
45954187.011719, -101.4106
45955712.890625, -104.9972
45957238.769531, -109.3949
45958764.648438, -112.8153
45960290.527344, -118.6630
45961816.406250, -119.4355
45963342.285156, -108.3174
45964868.164062, -104.5032
45966394.042969, -103.1445
45967919.921875, -102.5057
45969445.800781, -101.3765
45970971.679688, -100.0400
45972497.558594, -99.7966
45974023.437500, -101.6545
45975549.316406, -107.0507
45977075.195312, -115.6092
45978601.074219, -106.5696
45980126.953125, -102.2233
45981652.832031, -99.7547
45983178.710938, -98.3236
45984704.589844, -97.8927
45986230.468750, -98.4393
45987756.347656, -99.7094
45989282.226562, -101.3913
45990808.105469, -103.6146
45992333.984375, -106.5647
45993859.863281, -108.7388
45995385.742188, -108.2329
45996911.621094, -106.0840
45998437.500000, -102.3363
45999963.378906, -98.5525
46001489.257812, -96.1411
46003015.136719, -95.1756
46004541.015625, -95.2214
46006066.894531, -95.7249
46007592.773438, -96.2734
46009118.652344, -96.7348
46010644.531250, -97.1961
46012170.410156, -97.8668
46013696.289062, -98.9274
46015222.167969, -100.2912
46016748.046875, -101.4469
46018273.925781, -101.7549
46019799.804688, -101.4387
46021325.683594, -101.5588
46022851.562500, -102.6323
46024377.441406, -103.6972
46025903.320312, -102.9812
46027429.199219, -100.9671
46028955.078125, -99.1880
46030480.957031, -98.3837
46032006.835938, -98.7950
46033532.714844, -100.4218
46035058.593750, -102.8832
46036584.472656, -105.4714
46038110.351562, -107.8315
46039636.230469, -109.7186
46041162.109375, -110.5996
46042687.988281, -110.5574
46044213.867188, -110.8622
46045739.746094, -110.6766
46047265.625000, -105.6706
46048791.503906, -100.7263
46050317.382812, -97.8351
46051843.261719, -96.6513
46053369.140625, -96.6647
46054895.019531, -97.4023
46056420.898438, -98.6995
46057946.777344, -100.7962
46059472.656250, -103.0881
46060998.535156, -102.1797
46062524.414062, -99.4479
46064050.292969, -97.7567
46065576.171875, -97.3741
46067102.050781, -97.9914
46068627.929688, -99.1344
46070153.808594, -100.3434
46071679.687500, -101.3482
46073205.566406, -102.0349
46074731.445312, -102.4922
46076257.324219, -102.9703
46077783.203125, -103.1917
46079309.082031, -102.8433
46080834.960938, -102.7576
46082360.839844, -104.1779
46083886.718750, -108.4694
46085412.597656, -120.5477
46086938.476562, -115.2300
46088464.355469, -109.2859
46089990.234375, -107.0914
46091516.113281, -106.9978
46093041.992188, -108.9429
46094567.871094, -111.8524
46096093.750000, -110.9887
46097619.628906, -106.8922
46099145.507812, -103.1214
46100671.386719, -100.6247
46102197.265625, -99.3533
46103723.144531, -98.7036
46105249.023438, -98.2196
46106774.902344, -97.8989
46108300.781250, -97.8490
46109826.660156, -98.3736
46111352.539062, -99.7083
46112878.417969, -101.2733
46114404.296875, -101.7823
46115930.175781, -101.5425
46117456.054688, -101.8158
46118981.933594, -102.8743
46120507.812500, -104.3572
46122033.691406, -106.3259
46123559.570312, -110.3570
46125085.449219, -123.5411
46126611.328125, -112.9680
46128137.207031, -107.5458
46129663.085938, -105.6237
46131188.964844, -105.0547
46132714.843750, -105.4701
46134240.722656, -106.4862
46135766.601562, -106.3560
46137292.480469, -105.2793
46138818.359375, -104.5723
46140344.238281, -103.2840
46141870.117188, -100.8092
46143395.996094, -98.2850
46144921.875000, -96.3140
46146447.753906, -94.8824
46147973.632812, -93.8370
46149499.511719, -93.0358
46151025.390625, -92.4413
46152551.269531, -92.1312
46154077.148438, -92.2325
46155603.027344, -92.8144
46157128.906250, -93.7602
46158654.785156, -94.6744
46160180.664062, -95.0376
46161706.542969, -94.7773
46163232.421875, -94.4124
46164758.300781, -94.5079
46166284.179688, -95.3996
46167810.058594, -97.2397
46169335.937500, -100.0667
46170861.816406, -103.6824
46172387.695312, -107.3574
46173913.574219, -109.6437
46175439.453125, -109.3840
46176965.332031, -109.2703
46178491.210938, -111.7906
46180017.089844, -112.7474
46181542.968750, -109.7021
46183068.847656, -110.3914
46184594.726562, -112.7636
46186120.605469, -108.4982
46187646.484375, -105.2237
46189172.363281, -104.0248
46190698.242188, -103.8876
46192224.121094, -103.3598
46193750.000000, -102.2069
46195275.878906, -101.6941
46196801.757812, -102.2659
46198327.636719, -103.5035
46199853.515625, -104.8573
46201379.394531, -106.5298
46202905.273438, -109.2176
46204431.152344, -112.0953
46205957.031250, -109.1413
46207482.910156, -104.3557
46209008.789062, -101.0607
46210534.667969, -99.0873
46212060.546875, -98.1940
46213586.425781, -98.2128
46215112.304688, -98.8174
46216638.183594, -99.4900
46218164.062500, -99.9851
46219689.941406, -100.7125
46221215.820312, -102.3475
46222741.699219, -105.3229
46224267.578125, -109.4126
46225793.457031, -112.1519
46227319.335938, -110.3111
46228845.214844, -107.3349
46230371.093750, -105.3222
46231896.972656, -104.2962
46233422.851562, -103.8886
46234948.730469, -103.4216
46236474.609375, -102.5057
46238000.488281, -101.9270
46239526.367188, -102.4874
46241052.246094, -103.7783
46242578.125000, -104.1458
46244104.003906, -103.6880
46245629.882812, -103.2225
46247155.761719, -102.0558
46248681.640625, -100.3070
46250207.519531, -98.9834
46251733.398438, -98.5296
46253259.277344, -98.8480
46254785.156250, -99.5701
46256311.035156, -100.2330
46257836.914062, -100.6400
46259362.792969, -100.9874
46260888.671875, -101.4540
46262414.550781, -102.1751
46263940.429688, -103.3192
46265466.308594, -105.0590
46266992.187500, -107.5578
46268518.066406, -110.4985
46270043.945312, -107.8667
46271569.824219, -102.6435
46273095.703125, -99.5111
46274621.582031, -97.8151
46276147.460938, -96.7241
46277673.339844, -95.8694
46279199.218750, -95.2710
46280725.097656, -94.9774
46282250.976562, -94.8679
46283776.855469, -94.7310
46285302.734375, -94.5131
46286828.613281, -94.4463
46288354.492188, -94.8643
46289880.371094, -96.1006
46291406.250000, -98.5636
46292932.128906, -102.7407
46294458.007812, -110.0414
46295983.886719, -123.1012
46297509.765625, -106.3693
46299035.644531, -101.0571
46300561.523438, -99.0730
46302087.402344, -99.7664
46303613.281250, -103.1535
46305139.160156, -110.1965
46306665.039062, -123.8384
46308190.917969, -107.6653
46309716.796875, -101.2363
46311242.675781, -97.6218
46312768.554688, -96.1645
46314294.433594, -96.5134
46315820.312500, -98.0766
46317346.191406, -99.9412
46318872.070312, -101.5470
46320397.949219, -103.4342
46321923.828125, -106.4766
46323449.707031, -110.7642
46324975.585938, -116.7500
46326501.464844, -149.4041
46328027.343750, -118.8911
46329553.222656, -117.5985
46331079.101562, -126.7903
46332604.980469, -115.4140
46334130.859375, -108.3906
46335656.738281, -105.1268
46337182.617188, -103.6045
46338708.496094, -102.8603
46340234.375000, -102.3867
46341760.253906, -102.2871
46343286.132812, -103.0988
46344812.011719, -105.8091
46346337.890625, -112.3735
46347863.769531, -111.5078
46349389.648438, -105.5479
46350915.527344, -102.2530
46352441.406250, -99.6702
46353967.285156, -97.4066
46355493.164062, -95.4858
46357019.042969, -94.2034
46358544.921875, -93.8821
46360070.800781, -94.6261
46361596.679688, -96.3530
46363122.558594, -99.0261
46364648.437500, -103.1876
46366174.316406, -111.6983
46367700.195312, -116.7918
46369226.074219, -108.0628
46370751.953125, -106.8474
46372277.832031, -108.1083
46373803.710938, -109.2474
46375329.589844, -110.8541
46376855.468750, -114.4072
46378381.347656, -107.7773
46379907.226562, -103.3638
46381433.105469, -102.3378
46382958.984375, -103.2012
46384484.863281, -104.1772
46386010.742188, -103.7867
46387536.621094, -102.5065
46389062.500000, -101.3226
46390588.378906, -100.2615
46392114.257812, -98.9625
46393640.136719, -97.5211
46395166.015625, -96.6122
46396691.894531, -96.7408
46398217.773438, -97.8337
46399743.652344, -99.3759
46401269.531250, -101.0723
46402795.410156, -103.5589
46404321.289062, -107.9366
46405847.167969, -114.9022
46407373.046875, -114.3722
46408898.925781, -108.3346
46410424.804688, -105.0194
46411950.683594, -103.0845
46413476.562500, -101.4967
46415002.441406, -100.2184
46416528.320312, -99.2911
46418054.199219, -98.3493
46419580.078125, -97.2789
46421105.957031, -96.4510
46422631.835938, -96.4348
46424157.714844, -97.4458
46425683.593750, -98.7259
46427209.472656, -98.9071
46428735.351562, -98.5997
46430261.230469, -99.5865
46431787.109375, -102.8758
46433312.988281, -108.8371
46434838.867188, -109.6614
46436364.746094, -103.4938
46437890.625000, -99.2227
46439416.503906, -96.6541
46440942.382812, -95.4191
46442468.261719, -95.2984
46443994.140625, -96.2197
46445520.019531, -98.3191
46447045.898438, -102.0694
46448571.777344, -109.2467
46450097.656250, -120.4319
46451623.535156, -106.4958
46453149.414062, -101.5612
46454675.292969, -99.0846
46456201.171875, -98.2820
46457727.050781, -98.6372
46459252.929688, -99.3742
46460778.808594, -100.0595
46462304.687500, -100.8304
46463830.566406, -101.7127
46465356.445312, -102.3625
46466882.324219, -102.2469
46468408.203125, -101.4442
46469934.082031, -100.2139
46471459.960938, -98.8534
46472985.839844, -97.9776
46474511.718750, -98.0882
46476037.597656, -99.3568
46477563.476562, -101.6597
46479089.355469, -104.6786
46480615.234375, -107.1589
46482141.113281, -104.6418
46483666.992188, -101.0462
46485192.871094, -99.2225
46486718.750000, -98.8167
46488244.628906, -99.3949
46489770.507812, -100.7004
46491296.386719, -102.5511
46492822.265625, -105.3251
46494348.144531, -110.3238
46495874.023438, -117.7597
46497399.902344, -112.4260
46498925.781250, -106.6488
46500451.660156, -102.3930
46501977.539062, -99.5310
46503503.417969, -98.1337
46505029.296875, -97.9673
46506555.175781, -98.3860
46508081.054688, -98.6273
46509606.933594, -98.6072
46511132.812500, -98.9604
46512658.691406, -100.0828
46514184.570312, -101.4460
46515710.449219, -102.1079
46517236.328125, -102.3431
46518762.207031, -103.1085
46520288.085938, -105.2558
46521813.964844, -109.6690
46523339.843750, -116.8507
46524865.722656, -114.2799
46526391.601562, -108.2683
46527917.480469, -104.2253
46529443.359375, -101.2218
46530969.238281, -99.1303
46532495.117188, -98.1807
46534020.996094, -98.4901
46535546.875000, -99.8493
46537072.753906, -101.8320
46538598.632812, -104.2866
46540124.511719, -106.8496
46541650.390625, -106.6130
46543176.269531, -104.4231
46544702.148438, -103.9188
46546228.027344, -106.0743
46547753.906250, -110.8302
46549279.785156, -114.0696
46550805.664062, -113.3898
46552331.542969, -110.2059
46553857.421875, -107.1023
46555383.300781, -105.0340
46556909.179688, -102.8446
46558435.058594, -100.4382
46559960.937500, -98.0724
46561486.816406, -96.3063
46563012.695312, -95.4487
46564538.574219, -95.2232
46566064.453125, -95.4370
46567590.332031, -96.0657
46569116.210938, -96.7676
46570642.089844, -97.2654
46572167.968750, -97.7056
46573693.847656, -98.3351
46575219.726562, -99.0749
46576745.605469, -99.4407
46578271.484375, -99.4221
46579797.363281, -99.5414
46581323.242188, -100.3121
46582849.121094, -102.3282
46584375.000000, -106.1789
46585900.878906, -112.2835
46587426.757812, -123.5046
46588952.636719, -119.6825
46590478.515625, -111.1384
46592004.394531, -107.4360
46593530.273438, -105.4294
46595056.152344, -103.4910
46596582.031250, -101.1907
46598107.910156, -99.0078
46599633.789062, -97.2407
46601159.667969, -95.9839
46602685.546875, -95.2541
46604211.425781, -95.1047
46605737.304688, -95.6543
46607263.183594, -96.8734
46608789.062500, -98.1669
46610314.941406, -98.4547
46611840.820312, -97.6572
46613366.699219, -96.7084
46614892.578125, -96.3420
46616418.457031, -97.0469
46617944.335938, -99.2974
46619470.214844, -103.9052
46620996.093750, -113.8279
46622521.972656, -114.5394
46624047.851562, -108.1486
46625573.730469, -106.1137
46627099.609375, -105.9112
46628625.488281, -107.4363
46630151.367188, -111.3064
46631677.246094, -115.0924
46633203.125000, -110.3795
46634729.003906, -105.7421
46636254.882812, -102.3416
46637780.761719, -100.0883
46639306.640625, -98.7276
46640832.519531, -97.7029
46642358.398438, -96.7973
46643884.277344, -96.2934
46645410.156250, -96.3976
46646936.035156, -96.9548
46648461.914062, -97.4822
46649987.792969, -97.8281
46651513.671875, -98.4832
46653039.550781, -99.4818
46654565.429688, -100.1631
46656091.308594, -100.3932
46657617.187500, -100.8577
46659143.066406, -102.3556
46660668.945312, -105.8598
46662194.824219, -114.0163
46663720.703125, -118.5430
46665246.582031, -109.9157
46666772.460938, -107.0782
46668298.339844, -106.3482
46669824.218750, -106.3372
46671350.097656, -104.8371
46672875.976562, -102.6141
46674401.855469, -100.7961
46675927.734375, -98.9148
46677453.613281, -96.8894
46678979.492188, -95.3099
46680505.371094, -94.5176
46682031.250000, -94.2933
46683557.128906, -94.2430
46685083.007812, -94.2388
46686608.886719, -94.4190
46688134.765625, -94.9884
46689660.644531, -96.0904
46691186.523438, -97.9409
46692712.402344, -100.5304
46694238.281250, -102.6692
46695764.160156, -103.7867
46697290.039062, -105.0163
46698815.917969, -106.1368
46700341.796875, -104.6750
46701867.675781, -101.9668
46703393.554688, -100.5239
46704919.433594, -99.8473
46706445.312500, -98.7990
46707971.191406, -97.2425
46709497.070312, -95.8704
46711022.949219, -95.0844
46712548.828125, -94.7126
46714074.707031, -94.4435
46715600.585938, -94.2448
46717126.464844, -94.1910
46718652.343750, -94.1546
46720178.222656, -94.0926
46721704.101562, -94.2658
46723229.980469, -94.9338
46724755.859375, -96.2376
46726281.738281, -98.3958
46727807.617188, -102.0009
46729333.496094, -108.6081
46730859.375000, -117.8815
46732385.253906, -108.8568
46733911.132812, -104.7722
46735437.011719, -102.6014
46736962.890625, -101.3584
46738488.769531, -100.8180
46740014.648438, -100.9109
46741540.527344, -101.5250
46743066.406250, -102.5208
46744592.285156, -103.5839
46746118.164062, -103.9932
46747644.042969, -103.1295
46749169.921875, -101.4524
46750695.800781, -99.9428
46752221.679688, -98.9882
46753747.558594, -98.4845
46755273.437500, -98.1642
46756799.316406, -97.8341
46758325.195312, -97.4998
46759851.074219, -97.3304
46761376.953125, -97.5830
46762902.832031, -98.4968
46764428.710938, -99.9719
46765954.589844, -101.1386
46767480.468750, -101.3565
46769006.347656, -101.3584
46770532.226562, -101.1683
46772058.105469, -100.0260
46773583.984375, -98.7532
46775109.863281, -98.3364
46776635.742188, -98.5849
46778161.621094, -98.6530
46779687.500000, -98.2159
46781213.378906, -97.6193
46782739.257812, -97.0136
46784265.136719, -96.5013
46785791.015625, -96.3697
46787316.894531, -96.8005
46788842.773438, -97.5800
46790368.652344, -98.2560
46791894.531250, -98.5987
46793420.410156, -98.7365
46794946.289062, -99.0552
46796472.167969, -99.7188
46797998.046875, -100.1646
46799523.925781, -99.6886
46801049.804688, -98.6685
46802575.683594, -98.0347
46804101.562500, -98.2471
46805627.441406, -99.2052
46807153.320312, -100.5993
46808679.199219, -102.3597
46810205.078125, -104.8929
46811730.957031, -109.1771
46813256.835938, -117.5290
46814782.714844, -124.7801
46816308.593750, -115.9152
46817834.472656, -111.9456
46819360.351562, -109.6163
46820886.230469, -107.2800
46822412.109375, -104.6934
46823937.988281, -102.5237
46825463.867188, -100.9700
46826989.746094, -100.0881
46828515.625000, -99.8767
46830041.503906, -100.1811
46831567.382812, -100.9050
46833093.261719, -102.0500
46834619.140625, -102.5362
46836145.019531, -100.8827
46837670.898438, -99.0820
46839196.777344, -98.3612
46840722.656250, -98.2158
46842248.535156, -97.7664
46843774.414062, -96.8569
46845300.292969, -96.1803
46846826.171875, -96.3266
46848352.050781, -97.2515
46849877.929688, -98.2846
46851403.808594, -98.7873
46852929.687500, -98.9676
46854455.566406, -99.5734
46855981.445312, -101.4316
46857507.324219, -105.2594
46859033.203125, -111.9821
46860559.082031, -116.5094
46862084.960938, -107.6959
46863610.839844, -102.9369
46865136.718750, -100.2962
46866662.597656, -98.7538
46868188.476562, -97.9777
46869714.355469, -97.9076
46871240.234375, -98.5005
46872766.113281, -99.4993
46874291.992188, -100.1520
46875817.871094, -99.7691
46877343.750000, -98.7230
46878869.628906, -97.7903
46880395.507812, -97.5140
46881921.386719, -98.2221
46883447.265625, -99.9311
46884973.144531, -101.7632
46886499.023438, -102.1383
46888024.902344, -101.4759
46889550.781250, -100.8018
46891076.660156, -100.4413
46892602.539062, -100.9529
46894128.417969, -103.1017
46895654.296875, -107.1714
46897180.175781, -109.5389
46898706.054688, -107.6651
46900231.933594, -106.0565
46901757.812500, -105.1231
46903283.691406, -105.1390
46904809.570312, -106.5551
46906335.449219, -108.6907
46907861.328125, -109.8752
46909387.207031, -111.7491
46910913.085938, -113.1467
46912438.964844, -106.3449
46913964.843750, -101.5070
46915490.722656, -98.9118
46917016.601562, -97.4151
46918542.480469, -96.1601
46920068.359375, -95.0013
46921594.238281, -94.4551
46923120.117188, -95.0330
46924645.996094, -96.8004
46926171.875000, -99.0328
46927697.753906, -100.1042
46929223.632812, -99.4821
46930749.511719, -98.3944
46932275.390625, -97.5684
46933801.269531, -97.1167
46935327.148438, -97.0959
46936853.027344, -97.5886
46938378.906250, -98.5802
46939904.785156, -99.8467
46941430.664062, -100.8941
46942956.542969, -101.4245
46944482.421875, -101.7600
46946008.300781, -102.2842
46947534.179688, -103.4130
46949060.058594, -105.6782
46950585.937500, -108.5350
46952111.816406, -108.0900
46953637.695312, -104.7923
46955163.574219, -102.5245
46956689.453125, -101.9958
46958215.332031, -102.3800
46959741.210938, -102.5237
46961267.089844, -102.9717
46962792.968750, -104.6302
46964318.847656, -107.9376
46965844.726562, -115.2055
46967370.605469, -119.7388
46968896.484375, -108.8296
46970422.363281, -104.6479
46971948.242188, -102.5708
46973474.121094, -101.6144
46975000.000000, -101.7404
46976525.878906, -103.0961
46978051.757812, -105.2431
46979577.636719, -106.7399
46981103.515625, -106.2247
46982629.394531, -104.3445
46984155.273438, -102.5604
46985681.152344, -101.6799
46987207.031250, -101.9587
46988732.910156, -103.1351
46990258.789062, -104.1052
46991784.667969, -103.1458
46993310.546875, -100.3312
46994836.425781, -97.3651
46996362.304688, -95.2463
46997888.183594, -94.2147
46999414.062500, -94.0793
47000939.941406, -94.3705
47002465.820312, -94.6379
47003991.699219, -94.8748
47005517.578125, -95.4113
47007043.457031, -96.3752
47008569.335938, -97.5559
47010095.214844, -98.6663
47011621.093750, -99.4678
47013146.972656, -99.9065
47014672.851562, -100.3291
47016198.730469, -101.3292
47017724.609375, -103.4382
47019250.488281, -106.9457
47020776.367188, -109.0014
47022302.246094, -105.5572
47023828.125000, -102.6090
47025354.003906, -101.0155
47026879.882812, -99.9947
47028405.761719, -99.2025
47029931.640625, -98.7914
47031457.519531, -98.7284
47032983.398438, -98.5757
47034509.277344, -98.1110
47036035.156250, -97.7535
47037561.035156, -97.9807
47039086.914062, -98.8915
47040612.792969, -100.0514
47042138.671875, -100.7063
47043664.550781, -100.8426
47045190.429688, -100.8007
47046716.308594, -100.6751
47048242.187500, -100.8984
47049768.066406, -101.9575
47051293.945312, -103.6153
47052819.824219, -103.8204
47054345.703125, -102.1206
47055871.582031, -100.6981
47057397.460938, -99.9864
47058923.339844, -99.4131
47060449.218750, -98.3524
47061975.097656, -96.8869
47063500.976562, -95.7156
47065026.855469, -95.3092
47066552.734375, -95.6487
47068078.613281, -96.4097
47069604.492188, -97.3038
47071130.371094, -98.3045
47072656.250000, -99.2296
47074182.128906, -99.2516
47075708.007812, -98.1766
47077233.886719, -97.1741
47078759.765625, -97.0864
47080285.644531, -98.0130
47081811.523438, -99.7072
47083337.402344, -101.8425
47084863.281250, -103.9128
47086389.160156, -105.3289
47087915.039062, -106.5723
47089440.917969, -109.7512
47090966.796875, -118.5087
47092492.675781, -123.9059
47094018.554688, -117.1022
47095544.433594, -114.4781
47097070.312500, -112.8926
47098596.191406, -110.5283
47100122.070312, -108.1700
47101647.949219, -106.2585
47103173.828125, -104.7297
47104699.707031, -103.9279
47106225.585938, -104.7470
47107751.464844, -109.0260
47109277.343750, -118.1687
47110803.222656, -107.7356
47112329.101562, -103.2869
47113854.980469, -101.3742
47115380.859375, -100.6864
47116906.738281, -100.7416
47118432.617188, -101.1644
47119958.496094, -101.5731
47121484.375000, -101.9496
47123010.253906, -102.4467
47124536.132812, -102.7849
47126062.011719, -102.6011
47127587.890625, -102.1444
47129113.769531, -101.8624
47130639.648438, -101.8186
47132165.527344, -101.6702
47133691.406250, -101.3028
47135217.285156, -101.3565
47136743.164062, -102.8208
47138269.042969, -106.5584
47139794.921875, -112.7892
47141320.800781, -120.2030
47142846.679688, -128.6242
47144372.558594, -118.6217
47145898.437500, -117.1949
47147424.316406, -112.5882
47148950.195312, -107.4935
47150476.074219, -104.3176
47152001.953125, -103.0112
47153527.832031, -103.7631
47155053.710938, -106.0305
47156579.589844, -108.7468
47158105.468750, -113.8946
47159631.347656, -120.5369
47161157.226562, -113.4108
47162683.105469, -111.1535
47164208.984375, -109.8061
47165734.863281, -107.4879
47167260.742188, -104.7447
47168786.621094, -102.5634
47170312.500000, -100.7480
47171838.378906, -99.1170
47173364.257812, -98.1418
47174890.136719, -98.0714
47176416.015625, -98.6355
47177941.894531, -99.3456
47179467.773438, -99.9150
47180993.652344, -100.3741
47182519.531250, -100.7846
47184045.410156, -101.1594
47185571.289062, -101.5791
47187097.167969, -102.0640
47188623.046875, -102.5839
47190148.925781, -103.0101
47191674.804688, -102.9245
47193200.683594, -102.1965
47194726.562500, -101.5845
47196252.441406, -101.7750
47197778.320312, -102.1862
47199304.199219, -101.3388
47200830.078125, -99.4105
47202355.957031, -98.1760
47203881.835938, -98.8267
47205407.714844, -101.8202
47206933.593750, -107.0708
47208459.472656, -113.3152
47209985.351562, -120.0711
47211511.230469, -126.5345
47213037.109375, -110.6051
47214562.988281, -104.6028
47216088.867188, -102.2948
47217614.746094, -102.3818
47219140.625000, -103.7444
47220666.503906, -105.5377
47222192.382812, -107.1505
47223718.261719, -106.5956
47225244.140625, -105.8524
47226770.019531, -107.2632
47228295.898438, -110.4824
47229821.777344, -110.3151
47231347.656250, -107.3229
47232873.535156, -105.5441
47234399.414062, -103.6129
47235925.292969, -100.5645
47237451.171875, -98.6906
47238977.050781, -99.1631
47240502.929688, -102.2925
47242028.808594, -108.7777
47243554.687500, -120.3554
47245080.566406, -110.9937
47246606.445312, -105.3236
47248132.324219, -102.4867
47249658.203125, -101.8106
47251184.082031, -102.6373
47252709.960938, -103.6365
47254235.839844, -104.1815
47255761.718750, -104.8857
47257287.597656, -105.4036
47258813.476562, -105.2552
47260339.355469, -105.7283
47261865.234375, -107.6113
47263391.113281, -109.4561
47264916.992188, -108.4731
47266442.871094, -106.4645
47267968.750000, -105.2516
47269494.628906, -104.7414
47271020.507812, -104.3662
47272546.386719, -103.5241
47274072.265625, -101.8394
47275598.144531, -99.6783
47277124.023438, -97.8928
47278649.902344, -97.0170
47280175.781250, -97.0082
47281701.660156, -97.4069
47283227.539062, -97.7241
47284753.417969, -97.8227
47286279.296875, -97.8838
47287805.175781, -98.2036
47289331.054688, -99.2096
47290856.933594, -101.3549
47292382.812500, -104.4743
47293908.691406, -106.3460
47295434.570312, -105.3209
47296960.449219, -103.0201
47298486.328125, -100.3530
47300012.207031, -98.2654
47301538.085938, -97.3482
47303063.964844, -97.7405
47304589.843750, -99.3820
47306115.722656, -102.1173
47307641.601562, -105.7075
47309167.480469, -109.1467
47310693.359375, -109.2211
47312219.238281, -106.8945
47313745.117188, -105.0415
47315270.996094, -104.2279
47316796.875000, -104.5425
47318322.753906, -105.8013
47319848.632812, -106.8937
47321374.511719, -105.9043
47322900.390625, -103.8286
47324426.269531, -102.4765
47325952.148438, -102.2072
47327478.027344, -102.7568
47329003.906250, -103.4002
47330529.785156, -104.1527
47332055.664062, -106.1706
47333581.542969, -110.4400
47335107.421875, -120.2539
47336633.300781, -120.4042
47338159.179688, -110.9405
47339685.058594, -107.0191
47341210.937500, -105.8996
47342736.816406, -105.7203
47344262.695312, -104.0107
47345788.574219, -102.1257
47347314.453125, -100.9748
47348840.332031, -99.9245
47350366.210938, -98.6839
47351892.089844, -97.7309
47353417.968750, -97.4506
47354943.847656, -97.8031
47356469.726562, -98.5023
47357995.605469, -99.2410
47359521.484375, -99.9388
47361047.363281, -100.7883
47362573.242188, -101.8339
47364099.121094, -102.6909
47365625.000000, -103.2086
47367150.878906, -104.0265
47368676.757812, -105.4473
47370202.636719, -105.9693
47371728.515625, -104.5268
47373254.394531, -102.2880
47374780.273438, -99.8598
47376306.152344, -97.7502
47377832.031250, -96.3269
47379357.910156, -95.4687
47380883.789062, -94.7852
47382409.667969, -94.1754
47383935.546875, -93.9226
47385461.425781, -94.2535
47386987.304688, -95.1129
47388513.183594, -96.3000
47390039.062500, -97.8003
47391564.941406, -100.0643
47393090.820312, -104.1689
47394616.699219, -113.2757
47396142.578125, -113.5760
47397668.457031, -106.1124
47399194.335938, -103.1855
47400720.214844, -101.7591
47402246.093750, -100.4546
47403771.972656, -98.8024
47405297.851562, -97.5124
47406823.730469, -97.3460
47408349.609375, -98.6575
47409875.488281, -101.7406
47411401.367188, -108.5436
47412927.246094, -114.4059
47414453.125000, -101.3166
47415979.003906, -96.3376
47417504.882812, -94.0753
47419030.761719, -93.6040
47420556.640625, -94.4070
47422082.519531, -95.9706
47423608.398438, -97.9346
47425134.277344, -100.4887
47426660.156250, -104.3171
47428186.035156, -109.9832
47429711.914062, -114.7654
47431237.792969, -111.8030
47432763.671875, -108.7092
47434289.550781, -106.6744
47435815.429688, -104.8794
47437341.308594, -103.0756
47438867.187500, -101.3554
47440393.066406, -99.9311
47441918.945312, -99.0884
47443444.824219, -99.0576
47444970.703125, -99.7789
47446496.582031, -100.8138
47448022.460938, -101.4523
47449548.339844, -101.6153
47451074.218750, -102.3535
47452600.097656, -104.4494
47454125.976562, -107.6685
47455651.855469, -110.1910
47457177.734375, -110.4934
47458703.613281, -111.0447
47460229.492188, -111.4165
47461755.371094, -108.8338
47463281.250000, -105.5865
47464807.128906, -103.6312
47466333.007812, -102.8472
47467858.886719, -102.1712
47469384.765625, -100.9958
47470910.644531, -99.9002
47472436.523438, -99.3913
47473962.402344, -99.4260
47475488.281250, -99.7117
47477014.160156, -100.0103
47478540.039062, -100.4202
47480065.917969, -101.4149
47481591.796875, -103.4444
47483117.675781, -106.7766
47484643.554688, -111.9284
47486169.433594, -114.1285
47487695.312500, -106.7129
47489221.191406, -101.8491
47490747.070312, -99.0515
47492272.949219, -97.4684
47493798.828125, -96.5897
47495324.707031, -96.1517
47496850.585938, -96.0626
47498376.464844, -96.4116
47499902.343750, -97.5130
47501428.222656, -99.8624
47502954.101562, -104.1181
47504479.980469, -110.9040
47506005.859375, -110.6398
47507531.738281, -105.3939
47509057.617188, -102.1636
47510583.496094, -100.4049
47512109.375000, -99.7719
47513635.253906, -99.7327
47515161.132812, -100.1938
47516687.011719, -101.8653
47518212.890625, -105.7387
47519738.769531, -111.8121
47521264.648438, -109.9363
47522790.527344, -107.2620
47524316.406250, -105.6558
47525842.285156, -103.9656
47527368.164062, -103.5406
47528894.042969, -105.1772
47530419.921875, -110.3555
47531945.800781, -126.1427
47533471.679688, -108.7220
47534997.558594, -104.7681
47536523.437500, -103.8072
47538049.316406, -103.8342
47539575.195312, -103.9690
47541101.074219, -104.3677
47542626.953125, -105.4851
47544152.832031, -105.9917
47545678.710938, -103.7049
47547204.589844, -101.4652
47548730.468750, -100.7573
47550256.347656, -101.5827
47551782.226562, -103.8553
47553308.105469, -107.6347
47554833.984375, -113.8529
47556359.863281, -122.4627
47557885.742188, -110.3786
47559411.621094, -104.8581
47560937.500000, -102.5349
47562463.378906, -102.4392
47563989.257812, -103.3636
47565515.136719, -103.4340
47567041.015625, -102.4373
47568566.894531, -101.3616
47570092.773438, -101.0746
47571618.652344, -101.6678
47573144.531250, -102.0597
47574670.410156, -100.9157
47576196.289062, -98.9846
47577722.167969, -98.0114
47579248.046875, -98.5542
47580773.925781, -100.0924
47582299.804688, -101.3850
47583825.683594, -101.8997
47585351.562500, -102.0952
47586877.441406, -102.3102
47588403.320312, -102.5424
47589929.199219, -102.6614
47591455.078125, -103.1417
47592980.957031, -104.2482
47594506.835938, -105.3220
47596032.714844, -105.8810
47597558.593750, -106.0904
47599084.472656, -106.1232
47600610.351562, -106.3251
47602136.230469, -106.5988
47603662.109375, -106.5046
47605187.988281, -106.8581
47606713.867188, -107.8002
47608239.746094, -106.7606
47609765.625000, -103.1008
47611291.503906, -100.0246
47612817.382812, -98.2062
47614343.261719, -97.0758
47615869.140625, -96.3199
47617395.019531, -96.0132
47618920.898438, -96.1276
47620446.777344, -96.4842
47621972.656250, -96.9741
47623498.535156, -97.7256
47625024.414062, -98.9407
47626550.292969, -100.4366
47628076.171875, -101.6677
47629602.050781, -102.5408
47631127.929688, -103.9221
47632653.808594, -106.4156
47634179.687500, -107.9250
47635705.566406, -107.0866
47637231.445312, -106.3736
47638757.324219, -106.4725
47640283.203125, -107.4581
47641809.082031, -110.2061
47643334.960938, -110.9562
47644860.839844, -105.7439
47646386.718750, -102.8873
47647912.597656, -102.2277
47649438.476562, -102.9398
47650964.355469, -104.6794
47652490.234375, -108.0418
47654016.113281, -115.8777
47655541.992188, -110.8424
47657067.871094, -104.8548
47658593.750000, -102.9587
47660119.628906, -103.1230
47661645.507812, -103.8545
47663171.386719, -104.1752
47664697.265625, -104.9571
47666223.144531, -108.7142
47667749.023438, -124.2765
47669274.902344, -108.8378
47670800.781250, -104.1904
47672326.660156, -102.5312
47673852.539062, -102.0999
47675378.417969, -102.7752
47676904.296875, -105.0535
47678430.175781, -108.5805
47679956.054688, -108.5507
47681481.933594, -105.2246
47683007.812500, -102.1403
47684533.691406, -99.6209
47686059.570312, -97.8300
47687585.449219, -96.8890
47689111.328125, -96.6618
47690637.207031, -96.6246
47692163.085938, -96.1484
47693688.964844, -95.2809
47695214.843750, -94.7315
47696740.722656, -94.9464
47698266.601562, -95.6157
47699792.480469, -95.9374
47701318.359375, -95.6783
47702844.238281, -95.5238
47704370.117188, -96.0560
47705895.996094, -97.1208
47707421.875000, -98.0002
47708947.753906, -98.2300
47710473.632812, -98.2365
47711999.511719, -98.8153
47713525.390625, -100.3029
47715051.269531, -102.1259
47716577.148438, -102.6974
47718103.027344, -101.6608
47719628.906250, -100.6292
47721154.785156, -100.6178
47722680.664062, -101.5409
47724206.542969, -102.6406
47725732.421875, -103.6825
47727258.300781, -104.7320
47728784.179688, -104.6636
47730310.058594, -103.7484
47731835.937500, -104.1365
47733361.816406, -107.1335
47734887.695312, -113.6067
47736413.574219, -120.4832
47737939.453125, -117.6730
47739465.332031, -111.5298
47740991.210938, -108.3699
47742517.089844, -107.4363
47744042.968750, -107.7298
47745568.847656, -108.4267
47747094.726562, -108.3233
47748620.605469, -109.3801
47750146.484375, -115.8654
47751672.363281, -115.3415
47753198.242188, -107.5731
47754724.121094, -104.7938
47756250.000000, -104.3694
47757775.878906, -105.6109
47759301.757812, -107.0960
47760827.636719, -107.3941
47762353.515625, -108.8791
47763879.394531, -115.3464
47765405.273438, -125.8461
47766931.152344, -115.8075
47768457.031250, -118.4692
47769982.910156, -114.8020
47771508.789062, -107.7910
47773034.667969, -103.5778
47774560.546875, -100.7523
47776086.425781, -99.1678
47777612.304688, -98.9471
47779138.183594, -100.0895
47780664.062500, -102.4570
47782189.941406, -105.3958
47783715.820312, -106.5870
47785241.699219, -104.9521
47786767.578125, -102.7321
47788293.457031, -101.2626
47789819.335938, -100.3522
47791345.214844, -99.3805
47792871.093750, -98.3902
47794396.972656, -98.0837
47795922.851562, -99.1392
47797448.730469, -101.9316
47798974.609375, -106.4773
47800500.488281, -112.3123
47802026.367188, -118.9555
47803552.246094, -124.5517
47805078.125000, -119.1466
47806604.003906, -110.8712
47808129.882812, -105.0396
47809655.761719, -101.3803
47811181.640625, -99.4661
47812707.519531, -98.8322
47814233.398438, -98.8241
47815759.277344, -98.7158
47817285.156250, -98.4256
47818811.035156, -98.5781
47820336.914062, -99.5814
47821862.792969, -101.1235
47823388.671875, -102.1590
47824914.550781, -102.1436
47826440.429688, -101.5127
47827966.308594, -100.0105
47829492.187500, -97.6681
47831018.066406, -95.6288
47832543.945312, -94.6342
47834069.824219, -94.7239
47835595.703125, -95.5753
47837121.582031, -96.8911
47838647.460938, -98.6328
47840173.339844, -100.7315
47841699.218750, -102.9848
47843225.097656, -105.4146
47844750.976562, -107.7982
47846276.855469, -109.0460
47847802.734375, -108.8555
47849328.613281, -108.1310
47850854.492188, -107.8761
47852380.371094, -108.7231
47853906.250000, -109.8186
47855432.128906, -110.1568
47856958.007812, -109.4455
47858483.886719, -106.6025
47860009.765625, -104.2829
47861535.644531, -104.1629
47863061.523438, -106.7202
47864587.402344, -109.0251
47866113.281250, -105.3955
47867639.160156, -103.1081
47869165.039062, -102.8886
47870690.917969, -104.0351
47872216.796875, -106.3852
47873742.675781, -109.6947
47875268.554688, -110.7913
47876794.433594, -107.5635
47878320.312500, -104.1723
47879846.191406, -101.5747
47881372.070312, -99.6765
47882897.949219, -98.4883
47884423.828125, -98.1130
47885949.707031, -98.6636
47887475.585938, -100.0336
47889001.464844, -101.2133
47890527.343750, -101.6679
47892053.222656, -103.2824
47893579.101562, -107.2663
47895104.980469, -110.2129
47896630.859375, -109.3128
47898156.738281, -107.5351
47899682.617188, -103.8500
47901208.496094, -100.1786
47902734.375000, -97.8540
47904260.253906, -96.9939
47905786.132812, -97.4238
47907312.011719, -98.8794
47908837.890625, -100.9167
47910363.769531, -103.3010
47911889.648438, -105.3093
47913415.527344, -104.7404
47914941.406250, -103.9925
47916467.285156, -104.7330
47917993.164062, -105.8659
47919519.042969, -105.5402
47921044.921875, -105.0753
47922570.800781, -107.6338
47924096.679688, -116.1784
47925622.558594, -108.0052
47927148.437500, -102.6046
47928674.316406, -99.9885
47930200.195312, -98.7049
47931726.074219, -98.6615
47933251.953125, -100.3798
47934777.832031, -104.9080
47936303.710938, -116.6873
47937829.589844, -108.4620
47939355.468750, -102.4629
47940881.347656, -99.7340
47942407.226562, -98.4769
47943933.105469, -98.0899
47945458.984375, -98.1788
47946984.863281, -98.3381
47948510.742188, -98.3719
47950036.621094, -98.4735
47951562.500000, -98.9296
47953088.378906, -99.8521
47954614.257812, -101.2643
47956140.136719, -103.4072
47957666.015625, -107.1110
47959191.894531, -114.1232
47960717.773438, -114.2090
47962243.652344, -109.4502
47963769.531250, -107.9895
47965295.410156, -108.1746
47966821.289062, -109.9497
47968347.167969, -117.2436
47969873.046875, -113.1980
47971398.925781, -103.3906
47972924.804688, -99.4040
47974450.683594, -97.9882
47975976.562500, -98.0620
47977502.441406, -98.9448
47979028.320312, -100.3849
47980554.199219, -102.7395
47982080.078125, -106.7845
47983605.957031, -108.7895
47985131.835938, -104.0247
47986657.714844, -101.0943
47988183.593750, -100.3678
47989709.472656, -100.8855
47991235.351562, -101.0564
47992761.230469, -100.0930
47994287.109375, -98.7726
47995812.988281, -97.6039
47997338.867188, -96.8797
47998864.746094, -96.7587
48000390.625000, -97.0941
48001916.503906, -97.5715
48003442.382812, -98.1569
48004968.261719, -99.3794
48006494.140625, -101.6790
48008020.019531, -104.5990
48009545.898438, -106.6382
48011071.777344, -106.9909
48012597.656250, -108.0185
48014123.535156, -112.1078
48015649.414062, -110.5028
48017175.292969, -105.2031
48018701.171875, -101.7919
48020227.050781, -98.9006
48021752.929688, -96.6908
48023278.808594, -95.4364
48024804.687500, -94.9253
48026330.566406, -94.7376
48027856.445312, -94.7006
48029382.324219, -95.1859
48030908.203125, -96.8173
48032434.082031, -100.1280
48033959.960938, -104.4854
48035485.839844, -104.5037
48037011.718750, -102.2424
48038537.597656, -101.0297
48040063.476562, -100.4150
48041589.355469, -99.7575
48043115.234375, -99.2067
48044641.113281, -99.4608
48046166.992188, -100.3351
48047692.871094, -100.5098
48049218.750000, -100.1560
48050744.628906, -100.3641
48052270.507812, -101.2912
48053796.386719, -102.8582
48055322.265625, -104.0069
48056848.144531, -103.1464
48058374.023438, -101.4984
48059899.902344, -99.8706
48061425.781250, -98.2661
48062951.660156, -96.9406
48064477.539062, -96.2898
48066003.417969, -96.6242
48067529.296875, -98.1224
48069055.175781, -100.9221
48070581.054688, -105.5075
48072106.933594, -115.0831
48073632.812500, -114.4018
48075158.691406, -106.1752
48076684.570312, -103.1830
48078210.449219, -102.4716
48079736.328125, -103.1443
48081262.207031, -104.3424
48082788.085938, -105.3951
48084313.964844, -107.1808
48085839.843750, -112.0259
48087365.722656, -124.9315
48088891.601562, -112.6967
48090417.480469, -108.4171
48091943.359375, -105.3937
48093469.238281, -102.1452
48094995.117188, -99.7323
48096520.996094, -98.3396
48098046.875000, -97.8290
48099572.753906, -98.1459
48101098.632812, -99.0468
48102624.511719, -100.0880
48104150.390625, -100.8664
48105676.269531, -101.2228
48107202.148438, -101.2241
48108728.027344, -100.6278
48110253.906250, -99.2551
48111779.785156, -97.8294
48113305.664062, -97.0916
48114831.542969, -97.0692
48116357.421875, -97.1580
48117883.300781, -96.7186
48119409.179688, -95.7902
48120935.058594, -94.8789
48122460.937500, -94.2862
48123986.816406, -93.9706
48125512.695312, -93.7763
48127038.574219, -93.6756
48128564.453125, -93.9290
48130090.332031, -94.9331
48131616.210938, -97.0522
48133142.089844, -100.7155
48134667.968750, -106.5813
48136193.847656, -115.0578
48137719.726562, -118.7893
48139245.605469, -112.7468
48140771.484375, -108.4222
48142297.363281, -106.1803
48143823.242188, -104.4659
48145349.121094, -102.5564
48146875.000000, -101.1823
48148400.878906, -101.5095
48149926.757812, -104.4700
48151452.636719, -110.3598
48152978.515625, -111.1276
48154504.394531, -107.3325
48156030.273438, -104.1258
48157556.152344, -101.4428
48159082.031250, -99.7666
48160607.910156, -98.9512
48162133.789062, -98.3560
48163659.667969, -97.7096
48165185.546875, -97.4419
48166711.425781, -97.9899
48168237.304688, -99.1083
48169763.183594, -99.6419
48171289.062500, -99.0367
48172814.941406, -98.4142
48174340.820312, -98.1887
48175866.699219, -97.8391
48177392.578125, -97.5052
48178918.457031, -97.8043
48180444.335938, -98.9065
48181970.214844, -100.7062
48183496.093750, -103.3311
48185021.972656, -106.8207
48186547.851562, -107.3633
48188073.730469, -104.8317
48189599.609375, -103.6030
48191125.488281, -103.9104
48192651.367188, -105.8025
48194177.246094, -109.9419
48195703.125000, -109.6564
48197229.003906, -104.0356
48198754.882812, -100.6448
48200280.761719, -98.7520
48201806.640625, -97.7033
48203332.519531, -97.2204
48204858.398438, -97.2813
48206384.277344, -98.1193
48207910.156250, -100.4014
48209436.035156, -105.7513
48210961.914062, -120.1525
48212487.792969, -109.0230
48214013.671875, -104.9904
48215539.550781, -103.1267
48217065.429688, -101.9747
48218591.308594, -101.9479
48220117.187500, -103.8775
48221643.066406, -108.5315
48223168.945312, -112.2428
48224694.824219, -106.9300
48226220.703125, -102.7396
48227746.582031, -100.2705
48229272.460938, -98.7580
48230798.339844, -97.6734
48232324.218750, -96.8132
48233850.097656, -96.2246
48235375.976562, -96.0507
48236901.855469, -96.3619
48238427.734375, -97.1407
48239953.613281, -98.1640
48241479.492188, -98.9872
48243005.371094, -99.5808
48244531.250000, -100.6228
48246057.128906, -103.4304
48247583.007812, -112.1231
48249108.886719, -111.8688
48250634.765625, -103.2259
48252160.644531, -99.9941
48253686.523438, -98.4323
48255212.402344, -97.9464
48256738.281250, -98.3653
48258264.160156, -99.2639
48259790.039062, -99.7285
48261315.917969, -99.2321
48262841.796875, -98.4300
48264367.675781, -97.8314
48265893.554688, -97.6428
48267419.433594, -98.0991
48268945.312500, -99.3100
48270471.191406, -100.9431
48271997.070312, -102.2004
48273522.949219, -102.7423
48275048.828125, -102.8033
48276574.707031, -102.3630
48278100.585938, -101.5994
48279626.464844, -101.2541
48281152.343750, -101.9610
48282678.222656, -103.7310
48284204.101562, -105.4579
48285729.980469, -105.4241
48287255.859375, -104.1359
48288781.738281, -103.2973
48290307.617188, -103.2885
48291833.496094, -103.4606
48293359.375000, -103.2541
48294885.253906, -102.5183
48296411.132812, -101.8222
48297937.011719, -101.8433
48299462.890625, -102.5037
48300988.769531, -103.2985
48302514.648438, -103.9686
48304040.527344, -104.6967
48305566.406250, -105.4644
48307092.285156, -105.7415
48308618.164062, -105.4777
48310144.042969, -105.2086
48311669.921875, -104.9604
48313195.800781, -104.0405
48314721.679688, -102.3049
48316247.558594, -100.4166
48317773.437500, -98.9457
48319299.316406, -98.1201
48320825.195312, -97.7963
48322351.074219, -97.6278
48323876.953125, -97.5072
48325402.832031, -97.7917
48326928.710938, -98.9055
48328454.589844, -101.0017
48329980.468750, -103.6045
48331506.347656, -105.2788
48333032.226562, -105.7114
48334558.105469, -105.2375
48336083.984375, -103.7706
48337609.863281, -102.3089
48339135.742188, -101.5707
48340661.621094, -101.3460
48342187.500000, -101.6583
48343713.378906, -103.0202
48345239.257812, -105.0025
48346765.136719, -106.8020
48348291.015625, -108.7663
48349816.894531, -110.6498
48351342.773438, -113.8253
48352868.652344, -120.9523
48354394.531250, -115.3444
48355920.410156, -108.0299
48357446.289062, -103.6617
48358972.167969, -101.0941
48360498.046875, -99.4420
48362023.925781, -98.3809
48363549.804688, -98.1132
48365075.683594, -98.7442
48366601.562500, -100.0074
48368127.441406, -101.3869
48369653.320312, -102.5032
48371179.199219, -103.2992
48372705.078125, -103.3727
48374230.957031, -102.0396
48375756.835938, -100.1870
48377282.714844, -98.6833
48378808.593750, -97.4659
48380334.472656, -96.3377
48381860.351562, -95.2950
48383386.230469, -94.4128
48384912.109375, -93.7692
48386437.988281, -93.4832
48387963.867188, -93.6448
48389489.746094, -94.1591
48391015.625000, -94.7893
48392541.503906, -95.4653
48394067.382812, -96.4291
48395593.261719, -98.0305
48397119.140625, -100.4252
48398645.019531, -103.1926
48400170.898438, -104.4794
48401696.777344, -102.7840
48403222.656250, -100.1537
48404748.535156, -97.9246
48406274.414062, -96.2450
48407800.292969, -95.0901
48409326.171875, -94.4586
48410852.050781, -94.2870
48412377.929688, -94.4929
48413903.808594, -95.1193
48415429.687500, -96.2845
48416955.566406, -97.9467
48418481.445312, -99.8379
48420007.324219, -101.6554
48421533.203125, -102.9364
48423059.082031, -103.3686
48424584.960938, -103.1907
48426110.839844, -102.6654
48427636.718750, -102.2603
48429162.597656, -102.8407
48430688.476562, -105.2927
48432214.355469, -110.1760
48433740.234375, -113.3094
48435266.113281, -108.9147
48436791.992188, -105.0302
48438317.871094, -102.4839
48439843.750000, -101.1147
48441369.628906, -100.4029
48442895.507812, -99.6966
48444421.386719, -98.9904
48445947.265625, -98.5087
48447473.144531, -98.1825
48448999.023438, -97.9917
48450524.902344, -98.2177
48452050.781250, -99.2190
48453576.660156, -101.1738
48455102.539062, -104.0846
48456628.417969, -107.0197
48458154.296875, -105.6250
48459680.175781, -102.2655
48461206.054688, -100.3525
48462731.933594, -99.8790
48464257.812500, -100.4643
48465783.691406, -101.9305
48467309.570312, -104.2816
48468835.449219, -106.9351
48470361.328125, -107.5108
48471887.207031, -105.4729
48473413.085938, -103.4046
48474938.964844, -102.2948
48476464.843750, -101.9345
48477990.722656, -102.2079
48479516.601562, -103.5329
48481042.480469, -107.2854
48482568.359375, -122.5780
48484094.238281, -109.9808
48485620.117188, -104.6236
48487145.996094, -103.6845
48488671.875000, -104.5891
48490197.753906, -105.0719
48491723.632812, -104.7532
48493249.511719, -104.1479
48494775.390625, -102.2310
48496301.269531, -99.8250
48497827.148438, -98.2633
48499353.027344, -98.1937
48500878.906250, -99.9168
48502404.785156, -102.5830
48503930.664062, -102.3737
48505456.542969, -100.0925
48506982.421875, -98.8805
48508508.300781, -99.0575
48510034.179688, -100.0598
48511560.058594, -101.2601
48513085.937500, -102.6944
48514611.816406, -104.8353
48516137.695312, -107.8053
48517663.574219, -110.4390
48519189.453125, -111.8833
48520715.332031, -114.1349
48522241.210938, -119.0307
48523767.089844, -129.1476
48525292.968750, -118.5682
48526818.847656, -113.3298
48528344.726562, -110.1856
48529870.605469, -107.5959
48531396.484375, -105.6019
48532922.363281, -104.1190
48534448.242188, -103.3468
48535974.121094, -103.7699
48537500.000000, -105.4976
48539025.878906, -107.5846
48540551.757812, -108.1117
48542077.636719, -106.7139
48543603.515625, -104.6355
48545129.394531, -102.9981
48546655.273438, -102.3915
48548181.152344, -102.6225
48549707.031250, -102.9543
48551232.910156, -103.1713
48552758.789062, -103.8073
48554284.667969, -105.3426
48555810.546875, -107.6141
48557336.425781, -109.2698
48558862.304688, -111.1348
48560388.183594, -118.3803
48561914.062500, -118.4260
48563439.941406, -109.9999
48564965.820312, -106.6534
48566491.699219, -105.1214
48568017.578125, -104.5707
48569543.457031, -104.0257
48571069.335938, -102.8953
48572595.214844, -101.3938
48574121.093750, -99.9457
48575646.972656, -98.8344
48577172.851562, -98.1200
48578698.730469, -97.7150
48580224.609375, -97.4734
48581750.488281, -97.3557
48583276.367188, -97.5375
48584802.246094, -98.2172
48586328.125000, -99.3648
48587854.003906, -100.7202
48589379.882812, -102.1422
48590905.761719, -103.9262
48592431.640625, -106.4651
48593957.519531, -109.6328
48595483.398438, -112.4281
48597009.277344, -112.7611
48598535.156250, -111.3625
48600061.035156, -109.8180
48601586.914062, -108.4560
48603112.792969, -108.6331
48604638.671875, -111.8316
48606164.550781, -119.9202
48607690.429688, -127.4561
48609216.308594, -125.6508
48610742.187500, -111.3269
48612268.066406, -105.4218
48613793.945312, -102.8140
48615319.824219, -102.3897
48616845.703125, -103.5667
48618371.582031, -105.5924
48619897.460938, -106.5351
48621423.339844, -104.1458
48622949.218750, -100.8363
48624475.097656, -98.6058
48626000.976562, -97.6064
48627526.855469, -97.5696
48629052.734375, -98.2875
48630578.613281, -99.5974
48632104.492188, -101.1248
48633630.371094, -102.3787
48635156.250000, -103.3654
48636682.128906, -104.2870
48638208.007812, -103.2972
48639733.886719, -100.1260
48641259.765625, -97.6122
48642785.644531, -96.3505
48644311.523438, -95.9408
48645837.402344, -95.8243
48647363.281250, -95.6615
48648889.160156, -95.4217
48650415.039062, -95.1793
48651940.917969, -95.1194
48653466.796875, -95.4742
48654992.675781, -96.3751
48656518.554688, -97.7571
48658044.433594, -99.4151
48659570.312500, -101.4499
48661096.191406, -104.6836
48662622.070312, -110.9969
48664147.949219, -123.9443
48665673.828125, -112.0791
48667199.707031, -107.3523
48668725.585938, -103.7078
48670251.464844, -100.4546
48671777.343750, -98.1694
48673303.222656, -97.1434
48674829.101562, -97.3569
48676354.980469, -98.5862
48677880.859375, -100.5411
48679406.738281, -103.0398
48680932.617188, -106.3167
48682458.496094, -112.0081
48683984.375000, -115.1890
48685510.253906, -108.5097
48687036.132812, -106.4093
48688562.011719, -106.7064
48690087.890625, -107.3673
48691613.769531, -107.3659
48693139.648438, -108.0119
48694665.527344, -109.9393
48696191.406250, -108.4023
48697717.285156, -105.1805
48699243.164062, -103.0378
48700769.042969, -101.2445
48702294.921875, -99.6568
48703820.800781, -98.4186
48705346.679688, -97.2829
48706872.558594, -96.0061
48708398.437500, -94.8561
48709924.316406, -94.2700
48711450.195312, -94.4559
48712976.074219, -95.2270
48714501.953125, -96.2498
48716027.832031, -97.7545
48717553.710938, -100.6324
48719079.589844, -106.4280
48720605.468750, -110.4600
48722131.347656, -103.8721
48723657.226562, -100.3255
48725183.105469, -98.2822
48726708.984375, -96.9182
48728234.863281, -95.9938
48729760.742188, -95.5013
48731286.621094, -95.4336
48732812.500000, -95.6191
48734338.378906, -95.7527
48735864.257812, -95.6185
48737390.136719, -95.3948
48738916.015625, -95.5877
48740441.894531, -96.5861
48741967.773438, -98.4349
48743493.652344, -100.8378
48745019.531250, -103.2514
48746545.410156, -105.1883
48748071.289062, -106.6942
48749597.167969, -108.3339
48751123.046875, -110.0322
48752648.925781, -109.3206
48754174.804688, -106.4125
48755700.683594, -104.0819
48757226.562500, -102.9188
48758752.441406, -102.6398
48760278.320312, -102.6045
48761804.199219, -102.5297
48763330.078125, -103.0299
48764855.957031, -104.8008
48766381.835938, -108.0227
48767907.714844, -112.9936
48769433.593750, -117.9631
48770959.472656, -112.9781
48772485.351562, -108.0410
48774011.230469, -103.0574
48775537.109375, -99.4715
48777062.988281, -97.3931
48778588.867188, -96.2659
48780114.746094, -95.7126
48781640.625000, -95.4858
48783166.503906, -95.4791
48784692.382812, -95.6778
48786218.261719, -95.9475
48787744.140625, -96.3954
48789270.019531, -97.5220
48790795.898438, -99.6418
48792321.777344, -102.4230
48793847.656250, -104.8239
48795373.535156, -105.6401
48796899.414062, -104.9053
48798425.292969, -103.2455
48799951.171875, -100.8256
48801477.050781, -98.5303
48803002.929688, -97.2675
48804528.808594, -97.4277
48806054.687500, -99.1063
48807580.566406, -102.1397
48809106.445312, -104.7571
48810632.324219, -103.4240
48812158.203125, -100.9275
48813684.082031, -99.5522
48815209.960938, -99.6690
48816735.839844, -101.1289
48818261.718750, -103.2424
48819787.597656, -104.3664
48821313.476562, -102.8148
48822839.355469, -101.0252
48824365.234375, -100.7842
48825891.113281, -102.1129
48827416.992188, -103.9025
48828942.871094, -104.2817
48830468.750000, -104.0334
48831994.628906, -104.8639
48833520.507812, -106.7465
48835046.386719, -107.1280
48836572.265625, -106.2899
48838098.144531, -106.7113
48839624.023438, -108.5534
48841149.902344, -110.4947
48842675.781250, -109.3883
48844201.660156, -106.1370
48845727.539062, -103.8579
48847253.417969, -103.1853
48848779.296875, -103.1702
48850305.175781, -102.7781
48851831.054688, -101.8731
48853356.933594, -100.3425
48854882.812500, -98.4094
48856408.691406, -96.8005
48857934.570312, -95.9423
48859460.449219, -95.6992
48860986.328125, -95.6639
48862512.207031, -95.5894
48864038.085938, -95.5631
48865563.964844, -95.7655
48867089.843750, -96.2115
48868615.722656, -96.7644
48870141.601562, -97.3914
48871667.480469, -98.1734
48873193.359375, -99.0036
48874719.238281, -99.7520
48876245.117188, -100.5086
48877770.996094, -101.5179
48879296.875000, -103.0078
48880822.753906, -104.1067
48882348.632812, -104.3972
48883874.511719, -105.2772
48885400.390625, -105.9616
48886926.269531, -104.5295
48888452.148438, -102.1281
48889978.027344, -100.8313
48891503.906250, -101.5850
48893029.785156, -104.4738
48894555.664062, -108.7849
48896081.542969, -114.0378
48897607.421875, -126.8296
48899133.300781, -115.9204
48900659.179688, -107.6860
48902185.058594, -103.9739
48903710.937500, -102.9007
48905236.816406, -103.2388
48906762.695312, -103.4326
48908288.574219, -102.8480
48909814.453125, -102.0919
48911340.332031, -101.7722
48912866.210938, -102.0282
48914392.089844, -102.5887
48915917.968750, -102.8479
48917443.847656, -102.7618
48918969.726562, -103.3295
48920495.605469, -105.0982
48922021.484375, -107.1048
48923547.363281, -105.9586
48925073.242188, -101.6423
48926599.121094, -97.7675
48928125.000000, -95.2640
48929650.878906, -93.9426
48931176.757812, -93.3843
48932702.636719, -93.2584
48934228.515625, -93.5607
48935754.394531, -94.5396
48937280.273438, -96.3494
48938806.152344, -98.6721
48940332.031250, -100.4229
48941857.910156, -100.5016
48943383.789062, -99.5770
48944909.667969, -98.9063
48946435.546875, -98.8527
48947961.425781, -99.1642
48949487.304688, -99.6351
48951013.183594, -100.5776
48952539.062500, -102.7122
48954064.941406, -107.2277
48955590.820312, -120.9516
48957116.699219, -111.4776
48958642.578125, -104.4653
48960168.457031, -101.4680
48961694.335938, -100.4321
48963220.214844, -100.6600
48964746.093750, -101.6886
48966271.972656, -103.4879
48967797.851562, -106.2292
48969323.730469, -108.5246
48970849.609375, -107.5424
48972375.488281, -105.8521
48973901.367188, -104.9294
48975427.246094, -104.0253
48976953.125000, -103.7145
48978479.003906, -105.6386
48980004.882812, -111.7407
48981530.761719, -116.5624
48983056.640625, -108.9120
48984582.519531, -104.8347
48986108.398438, -102.0179
48987634.277344, -100.4546
48989160.156250, -100.6122
48990686.035156, -102.8531
48992211.914062, -107.5863
48993737.792969, -115.8039
48995263.671875, -114.1974
48996789.550781, -108.1806
48998315.429688, -105.3289
48999841.308594, -104.8871
49001367.187500, -107.3549
49002893.066406, -115.0936
49004418.945312, -122.2255
49005944.824219, -112.1455
49007470.703125, -108.7389
49008996.582031, -107.8533
49010522.460938, -111.6273
49012048.339844, -116.2984
49013574.218750, -104.7408
49015100.097656, -100.2630
49016625.976562, -97.6544
49018151.855469, -95.5497
49019677.734375, -94.0083
49021203.613281, -93.4259
49022729.492188, -93.7889
49024255.371094, -94.5049
49025781.250000, -94.9472
49027307.128906, -95.2205
49028833.007812, -95.7092
49030358.886719, -96.4834
49031884.765625, -97.3467
49033410.644531, -98.0197
49034936.523438, -98.1365
49036462.402344, -97.7237
49037988.281250, -97.3726
49039514.160156, -97.5475
49041040.039062, -98.3249
49042565.917969, -99.5258
49044091.796875, -101.0114
49045617.675781, -102.7628
49047143.554688, -104.5275
49048669.433594, -105.6658
49050195.312500, -105.8478
49051721.191406, -105.5899
49053247.070312, -105.5797
49054772.949219, -106.2381
49056298.828125, -107.3932
49057824.707031, -107.0963
49059350.585938, -104.4848
49060876.464844, -101.8582
49062402.343750, -100.0176
49063928.222656, -98.9996
49065454.101562, -98.9446
49066979.980469, -99.8136
49068505.859375, -100.5155
49070031.738281, -99.8278
49071557.617188, -98.7201
49073083.496094, -97.9568
49074609.375000, -97.4855
49076135.253906, -97.4226
49077661.132812, -98.2840
49079187.011719, -100.4303
49080712.890625, -103.6325
49082238.769531, -107.6719
49083764.648438, -113.8783
49085290.527344, -126.4657
49086816.406250, -111.5263
49088342.285156, -106.8862
49089868.164062, -106.3654
49091394.042969, -107.3931
49092919.921875, -105.5047
49094445.800781, -102.4902
49095971.679688, -100.3081
49097497.558594, -98.8054
49099023.437500, -97.9796
49100549.316406, -98.0980
49102075.195312, -99.3708
49103601.074219, -101.9122
49105126.953125, -106.1476
49106652.832031, -113.9567
49108178.710938, -111.8387
49109704.589844, -106.2573
49111230.468750, -104.2331
49112756.347656, -102.7835
49114282.226562, -100.1909
49115808.105469, -97.5799
49117333.984375, -96.0747
49118859.863281, -95.6164
49120385.742188, -95.4538
49121911.621094, -94.9850
49123437.500000, -94.5765
49124963.378906, -94.9695
49126489.257812, -96.4050
49128015.136719, -98.3048
49129541.015625, -99.4867
49131066.894531, -99.3431
49132592.773438, -98.3159
49134118.652344, -97.3052
49135644.531250, -97.0355
49137170.410156, -97.6427
49138696.289062, -98.7712
49140222.167969, -100.0526
49141748.046875, -101.5612
49143273.925781, -103.3800
49144799.804688, -105.2237
49146325.683594, -107.1161
49147851.562500, -107.0169
49149377.441406, -103.5998
49150903.320312, -100.4358
49152429.199219, -98.4521
49153955.078125, -97.4589
49155480.957031, -97.0725
49157006.835938, -97.0093
49158532.714844, -97.2899
49160058.593750, -98.0358
49161584.472656, -99.2685
49163110.351562, -100.9744
49164636.230469, -103.1306
49166162.109375, -105.1530
49167687.988281, -105.1869
49169213.867188, -103.3188
49170739.746094, -101.5390
49172265.625000, -100.4315
49173791.503906, -99.8327
49175317.382812, -99.6255
49176843.261719, -99.7676
49178369.140625, -100.0404
49179895.019531, -100.5125
49181420.898438, -101.9198
49182946.777344, -105.5323
49184472.656250, -113.9205
49185998.535156, -128.2964
49187524.414062, -113.8690
49189050.292969, -105.5997
49190576.171875, -101.1714
49192102.050781, -98.7824
49193627.929688, -96.9562
49195153.808594, -94.9012
49196679.687500, -93.1085
49198205.566406, -92.3395
49199731.445312, -92.7929
49201257.324219, -94.2574
49202783.203125, -96.4316
49204309.082031, -99.4470
49205834.960938, -104.6949
49207360.839844, -109.5209
49208886.718750, -101.6528
49210412.597656, -97.5945
49211938.476562, -95.6472
49213464.355469, -94.5126
49214990.234375, -93.5767
49216516.113281, -92.8762
49218041.992188, -92.6620
49219567.871094, -92.8943
49221093.750000, -93.2394
49222619.628906, -93.4970
49224145.507812, -93.9092
49225671.386719, -94.8897
49227197.265625, -96.6240
49228723.144531, -99.0920
49230249.023438, -102.5918
49231774.902344, -107.7675
49233300.781250, -108.4218
49234826.660156, -103.8138
49236352.539062, -101.4562
49237878.417969, -101.1350
49239404.296875, -102.5149
49240930.175781, -105.7421
49242456.054688, -111.9254
49243981.933594, -120.0220
49245507.812500, -115.6354
49247033.691406, -113.4060
49248559.570312, -109.0989
49250085.449219, -104.8596
49251611.328125, -103.2022
49253137.207031, -104.1675
49254663.085938, -107.3822
49256188.964844, -112.3969
49257714.843750, -123.5772
49259240.722656, -114.1805
49260766.601562, -104.4066
49262292.480469, -99.1760
49263818.359375, -96.3890
49265344.238281, -95.4026
49266870.117188, -95.7894
49268395.996094, -97.1697
49269921.875000, -99.2735
49271447.753906, -102.1807
49272973.632812, -106.7741
49274499.511719, -117.1351
49276025.390625, -116.7179
49277551.269531, -110.0786
49279077.148438, -108.5986
49280603.027344, -107.6580
49282128.906250, -105.5226
49283654.785156, -103.7220
49285180.664062, -103.2497
49286706.542969, -104.1366
49288232.421875, -106.0819
49289758.300781, -108.6085
49291284.179688, -110.8047
49292810.058594, -110.4051
49294335.937500, -108.3801
49295861.816406, -106.9990
49297387.695312, -106.0433
49298913.574219, -104.9223
49300439.453125, -104.0045
49301965.332031, -104.4512
49303491.210938, -107.3243
49305017.089844, -110.0929
49306542.968750, -105.1321
49308068.847656, -101.0435
49309594.726562, -98.8065
49311120.605469, -97.9482
49312646.484375, -98.2059
49314172.363281, -99.3334
49315698.242188, -101.3557
49317224.121094, -105.1409
49318750.000000, -113.7536
49320275.878906, -119.5828
49321801.757812, -110.9814
49323327.636719, -108.2739
49324853.515625, -107.1835
49326379.394531, -107.2091
49327905.273438, -106.4854
49329431.152344, -104.0633
49330957.031250, -101.2166
49332482.910156, -98.7106
49334008.789062, -96.6440
49335534.667969, -95.1074
49337060.546875, -94.4146
49338586.425781, -94.7665
49340112.304688, -96.0886
49341638.183594, -98.1129
49343164.062500, -100.5684
49344689.941406, -103.4130
49346215.820312, -106.9018
49347741.699219, -109.8896
49349267.578125, -107.8865
49350793.457031, -105.0042
49352319.335938, -103.6554
49353845.214844, -103.3951
49355371.093750, -103.5331
49356896.972656, -103.7639
49358422.851562, -104.4534
49359948.730469, -106.2827
49361474.609375, -109.4204
49363000.488281, -110.3022
49364526.367188, -108.1268
49366052.246094, -106.7192
49367578.125000, -105.9524
49369104.003906, -106.1889
49370629.882812, -108.3844
49372155.761719, -113.3087
49373681.640625, -122.0084
49375207.519531, -114.0343
49376733.398438, -108.2778
49378259.277344, -105.6842
49379785.156250, -104.3669
49381311.035156, -102.8773
49382836.914062, -100.8372
49384362.792969, -99.1110
49385888.671875, -98.3088
49387414.550781, -98.2834
49388940.429688, -98.4113
49390466.308594, -98.1321
49391992.187500, -97.5022
49393518.066406, -96.9855
49395043.945312, -96.8094
49396569.824219, -96.6230
49398095.703125, -95.8838
49399621.582031, -94.6590
49401147.460938, -93.3134
49402673.339844, -92.1346
49404199.218750, -91.4648
49405725.097656, -91.5684
49407250.976562, -92.4143
49408776.855469, -93.6779
49410302.734375, -94.9725
49411828.613281, -96.1471
49413354.492188, -97.2985
49414880.371094, -98.2656
49416406.250000, -98.4153
49417932.128906, -97.4960
49419458.007812, -96.1216
49420983.886719, -94.9983
49422509.765625, -94.4829
49424035.644531, -94.6687
49425561.523438, -95.4723
49427087.402344, -96.6929
49428613.281250, -98.2090
49430139.160156, -100.2519
49431665.039062, -103.3685
49433190.917969, -107.3325
49434716.796875, -107.9529
49436242.675781, -105.3892
49437768.554688, -102.7383
49439294.433594, -100.4018
49440820.312500, -98.5395
49442346.191406, -97.0509
49443872.070312, -95.8600
49445397.949219, -95.0944
49446923.828125, -94.8965
49448449.707031, -95.1692
49449975.585938, -95.5390
49451501.464844, -95.7138
49453027.343750, -95.7820
49454553.222656, -95.8492
49456079.101562, -95.8363
49457604.980469, -95.7889
49459130.859375, -95.9356
49460656.738281, -96.4911
49462182.617188, -97.6873
49463708.496094, -99.7561
49465234.375000, -102.3160
49466760.253906, -103.3960
49468286.132812, -102.7410
49469812.011719, -102.5186
49471337.890625, -103.0205
49472863.769531, -103.2052
49474389.648438, -102.5176
49475915.527344, -101.5522
49477441.406250, -101.3726
49478967.285156, -102.4354
49480493.164062, -103.8947
49482019.042969, -103.8736
49483544.921875, -102.2232
49485070.800781, -100.8470
49486596.679688, -100.8707
49488122.558594, -102.1486
49489648.437500, -103.1981
49491174.316406, -102.3715
49492700.195312, -100.6240
49494226.074219, -99.9605
49495751.953125, -101.2476
49497277.832031, -104.1857
49498803.710938, -107.2653
49500329.589844, -108.8390
49501855.468750, -111.1667
49503381.347656, -126.1576
49504907.226562, -110.8956
49506433.105469, -105.1348
49507958.984375, -102.7576
49509484.863281, -101.2764
49511010.742188, -100.2764
49512536.621094, -100.0430
49514062.500000, -100.8826
49515588.378906, -103.1564
49517114.257812, -107.6234
49518640.136719, -112.2815
49520166.015625, -106.9534
49521691.894531, -102.5862
49523217.773438, -100.1910
49524743.652344, -99.4122
49526269.531250, -100.0276
49527795.410156, -101.4578
49529321.289062, -101.6769
49530847.167969, -99.8133
49532373.046875, -98.6386
49533898.925781, -99.1698
49535424.804688, -100.8807
49536950.683594, -102.2953
49538476.562500, -102.0428
49540002.441406, -100.5948
49541528.320312, -98.8043
49543054.199219, -96.9930
49544580.078125, -95.3893
49546105.957031, -94.2572
49547631.835938, -93.8046
49549157.714844, -94.0481
49550683.593750, -94.8058
49552209.472656, -95.9263
49553735.351562, -97.6034
49555261.230469, -100.3121
49556787.109375, -103.9859
49558312.988281, -106.3815
49559838.867188, -106.9579
49561364.746094, -108.1277
49562890.625000, -110.0843
49564416.503906, -112.6792
49565942.382812, -116.7274
49567468.261719, -123.1163
49568994.140625, -119.9540
49570520.019531, -119.5476
49572045.898438, -119.7850
49573571.777344, -109.1519
49575097.656250, -104.8761
49576623.535156, -103.4196
49578149.414062, -102.6919
49579675.292969, -102.2025
49581201.171875, -102.8509
49582727.050781, -105.2174
49584252.929688, -108.2183
49585778.808594, -107.7032
49587304.687500, -107.7102
49588830.566406, -112.6851
49590356.445312, -111.6412
49591882.324219, -105.2848
49593408.203125, -102.4786
49594934.082031, -100.6959
49596459.960938, -99.0621
49597985.839844, -97.8034
49599511.718750, -97.3053
49601037.597656, -97.5664
49602563.476562, -98.1489
49604089.355469, -98.3509
49605615.234375, -97.7697
49607141.113281, -96.7662
49608666.992188, -95.8610
49610192.871094, -95.1849
49611718.750000, -94.7495
49613244.628906, -94.6882
49614770.507812, -95.2769
49616296.386719, -96.8296
49617822.265625, -99.2471
49619348.144531, -102.0095
49620874.023438, -105.6034
49622399.902344, -111.1493
49623925.781250, -114.6414
49625451.660156, -115.9439
49626977.539062, -116.0999
49628503.417969, -110.8673
49630029.296875, -107.1955
49631555.175781, -104.7227
49633081.054688, -102.9859
49634606.933594, -102.1149
49636132.812500, -102.1156
49637658.691406, -102.0328
49639184.570312, -100.7313
49640710.449219, -99.0370
49642236.328125, -97.8477
49643762.207031, -97.2780
49645288.085938, -97.2793
49646813.964844, -97.9630
49648339.843750, -99.5503
49649865.722656, -102.0261
49651391.601562, -105.0510
49652917.480469, -108.5734
49654443.359375, -113.3417
49655969.238281, -115.7999
49657495.117188, -110.6741
49659020.996094, -105.7708
49660546.875000, -102.2986
49662072.753906, -100.0423
49663598.632812, -98.4741
49665124.511719, -97.5112
49666650.390625, -97.5050
49668176.269531, -98.5634
49669702.148438, -100.2692
49671228.027344, -101.9969
49672753.906250, -103.7623
49674279.785156, -107.0305
49675805.664062, -113.7427
49677331.542969, -109.2287
49678857.421875, -104.0045
49680383.300781, -101.1253
49681909.179688, -99.1746
49683435.058594, -97.8706
49684960.937500, -97.3023
49686486.816406, -97.6171
49688012.695312, -98.9276
49689538.574219, -100.9217
49691064.453125, -101.8084
49692590.332031, -100.2822
49694116.210938, -98.5520
49695642.089844, -97.8177
49697167.968750, -97.7331
49698693.847656, -97.6604
49700219.726562, -97.7041
49701745.605469, -98.4336
49703271.484375, -99.9780
49704797.363281, -101.5151
49706323.242188, -102.6780
49707849.121094, -104.5884
49709375.000000, -106.5515
49710900.878906, -106.2849
49712426.757812, -105.0001
49713952.636719, -103.1942
49715478.515625, -101.0226
49717004.394531, -99.6326
49718530.273438, -99.3934
49720056.152344, -99.3540
49721582.031250, -98.2468
49723107.910156, -96.7968
49724633.789062, -96.3027
49726159.667969, -97.0930
49727685.546875, -98.9198
49729211.425781, -101.4525
49730737.304688, -104.7398
49732263.183594, -109.6236
49733789.062500, -114.4968
49735314.941406, -107.4943
49736840.820312, -102.3667
49738366.699219, -99.5489
49739892.578125, -98.2569
49741418.457031, -98.0335
49742944.335938, -98.5089
49744470.214844, -99.4883
49745996.093750, -101.1216
49747521.972656, -103.6052
49749047.851562, -105.9043
49750573.730469, -106.1186
49752099.609375, -106.1213
49753625.488281, -107.4322
49755151.367188, -109.6570
49756677.246094, -110.3115
49758203.125000, -108.4772
49759729.003906, -107.2477
49761254.882812, -107.0467
49762780.761719, -107.3481
49764306.640625, -108.1672
49765832.519531, -109.4239
49767358.398438, -109.9689
49768884.277344, -108.7884
49770410.156250, -107.6866
49771936.035156, -109.0520
49773461.914062, -112.6021
49774987.792969, -108.0421
49776513.671875, -104.7771
49778039.550781, -104.9396
49779565.429688, -108.0552
49781091.308594, -112.1249
49782617.187500, -105.7561
49784143.066406, -100.1384
49785668.945312, -96.9045
49787194.824219, -95.5356
49788720.703125, -95.7411
49790246.582031, -97.1034
49791772.460938, -98.9576
49793298.339844, -100.5932
49794824.218750, -101.6912
49796350.097656, -102.3235
49797875.976562, -102.5462
49799401.855469, -102.3876
49800927.734375, -102.1632
49802453.613281, -102.3631
49803979.492188, -102.9749
49805505.371094, -103.0261
49807031.250000, -102.0445
49808557.128906, -100.6583
49810083.007812, -98.9574
49811608.886719, -96.9328
49813134.765625, -95.1024
49814660.644531, -94.0529
49816186.523438, -94.0320
49817712.402344, -94.9546
49819238.281250, -96.4739
49820764.160156, -98.1871
49822290.039062, -100.1988
49823815.917969, -103.4058
49825341.796875, -109.1411
49826867.675781, -110.1448
49828393.554688, -104.0878
49829919.433594, -100.0940
49831445.312500, -97.2311
49832971.191406, -95.1820
49834497.070312, -94.0154
49836022.949219, -93.7842
49837548.828125, -94.3821
49839074.707031, -95.5310
49840600.585938, -96.8055
49842126.464844, -97.7908
49843652.343750, -98.5337
49845178.222656, -99.7279
49846704.101562, -102.3607
49848229.980469, -107.5036
49849755.859375, -109.3724
49851281.738281, -104.5160
49852807.617188, -102.0662
49854333.496094, -101.2190
49855859.375000, -100.6816
49857385.253906, -99.8265
49858911.132812, -98.9926
49860437.011719, -98.2769
49861962.890625, -97.4103
49863488.769531, -96.5113
49865014.648438, -96.0555
49866540.527344, -96.1977
49868066.406250, -96.5806
49869592.285156, -96.8833
49871118.164062, -97.4017
49872644.042969, -98.7829
49874169.921875, -101.5247
49875695.800781, -104.9661
49877221.679688, -107.9657
49878747.558594, -112.1049
49880273.437500, -106.6736
49881799.316406, -101.3401
49883325.195312, -98.6813
49884851.074219, -97.6782
49886376.953125, -97.7611
49887902.832031, -98.4040
49889428.710938, -99.3312
49890954.589844, -100.6578
49892480.468750, -103.1368
49894006.347656, -109.2266
49895532.226562, -113.4319
49897058.105469, -105.4568
49898583.984375, -102.8849
49900109.863281, -102.1707
49901635.742188, -101.8003
49903161.621094, -101.5861
49904687.500000, -102.3021
49906213.378906, -104.4949
49907739.257812, -107.8389
49909265.136719, -111.3702
49910791.015625, -115.0481
49912316.894531, -121.1914
49913842.773438, -139.2391
49915368.652344, -129.1915
49916894.531250, -123.7977
49918420.410156, -128.4984
49919946.289062, -119.7498
49921472.167969, -109.7437
49922998.046875, -104.9115
49924523.925781, -101.7846
49926049.804688, -99.3913
49927575.683594, -97.5843
49929101.562500, -96.3136
49930627.441406, -95.7178
49932153.320312, -95.9724
49933679.199219, -96.8606
49935205.078125, -98.0093
49936730.957031, -99.3277
49938256.835938, -100.6076
49939782.714844, -101.7543
49941308.593750, -103.2299
49942834.472656, -104.3834
49944360.351562, -103.0707
49945886.230469, -99.8954
49947412.109375, -97.1979
49948937.988281, -95.8197
49950463.867188, -95.5963
49951989.746094, -95.8663
49953515.625000, -95.8183
49955041.503906, -95.3083
49956567.382812, -95.0032
49958093.261719, -95.4951
49959619.140625, -96.9294
49961145.019531, -99.1019
49962670.898438, -101.6509
49964196.777344, -103.8043
49965722.656250, -104.5882
49967248.535156, -105.1889
49968774.414062, -106.5465
49970300.292969, -108.1952
49971826.171875, -110.4044
49973352.050781, -114.2786
49974877.929688, -124.2205
49976403.808594, -122.6848
49977929.687500, -118.0929
49979455.566406, -117.4033
49980981.445312, -110.0604
49982507.324219, -104.6159
49984033.203125, -101.1219
49985559.082031, -98.6175
49987084.960938, -96.6963
49988610.839844, -95.3071
49990136.718750, -94.4827
49991662.597656, -94.2265
49993188.476562, -94.5620
49994714.355469, -95.5643
49996240.234375, -97.3368
49997766.113281, -99.9213
